3 0.3890625 0.8484375 0.1875 0.30234375
1 0.14453125 0.68046875 0.09453125 0.1203125
1 0.26015625 0.5125 0.0703125 0.07578125
1 0.38203125 0.57265625 0.103125 0.11328125
1 0.48125 0.44453125 0.04296875 0.06484375
1 0.378125 0.45625 0.05859375 0.071875
3 0.3328125 0.3734375 0.103125 0.13828125
1 0.62890625 0.2890625 0.0375 0.0578125
1 0.6640625 0.4125 0.065625 0.07265625
1 0.6015625 0.35625 0.04453125 0.05546875
1 0.56640625 0.33515625 0.0515625 0.0609375
1 0.4640625 0.36953125 0.04609375 0.0640625
1 0.475 0.321875 0.046875 0.04453125