3 0.921875 0.85234375 0.1 0.096875
3 0.38984375 0.77578125 0.05625 0.0953125
1 0.44765625 0.74453125 0.04609375 0.0578125
1 0.49765625 0.71640625 0.05234375 0.05546875
1 0.73671875 0.690625 0.04296875 0.06015625
1 0.57109375 0.68046875 0.04765625 0.053125
1 0.75703125 0.78984375 0.04921875 0.05703125
1 0.7515625 0.83046875 0.078125 0.05546875
1 0.5765625 0.60625 0.03125 0.0453125
1 0.52734375 0.60703125 0.03828125 0.03671875
1 0.31875 0.60859375 0.0359375 0.04609375
1 0.3390625 0.575 0.0265625 0.0359375
1 0.37109375 0.54921875 0.0234375 0.03828125
1 0.4578125 0.5359375 0.025 0.0265625
3 0.2640625 0.5078125 0.0328125 0.0546875
1 0.33046875 0.546875 0.02265625 0.03203125