1 0.73515625 0.89375 0.12734375 0.18046875
1 0.9828125 0.37890625 0.034375 0.14140625
1 0.08046875 0.665625 0.125 0.15703125
1 0.01171875 0.803125 0.0234375 0.1375
1 0.059375 0.471875 0.11328125 0.121875
1 0.0328125 0.59921875 0.065625 0.1453125
1 0.2203125 0.5609375 0.11328125 0.1421875
1 0.32421875 0.384375 0.0953125 0.121875
1 0.52421875 0.34375 0.0953125 0.11640625
1 0.69921875 0.21171875 0.07890625 0.10703125
1 0.82421875 0.1359375 0.06484375 0.08984375
1 0.75390625 0.1203125 0.0515625 0.07890625
3 0.66796875 0.15 0.109375 0.1390625
3 0.209375 0.31484375 0.19140625 0.259375
2 0.35390625 0.26015625 0.03125 0.06796875
1 0.47890625 0.28515625 0.084375 0.090625
1 0.35703125 0.45078125 0.07578125 0.11328125
1 0.3921875 0.5765625 0.11484375 0.14375
1 0.29765625 0.646875 0.1375 0.18125
4 0.79296875 0.46484375 0.1015625 0.1734375