1 0.58828125 0.71953125 0.1328125 0.17734375
1 0.88515625 0.3390625 0.0828125 0.13125
1 0.22265625 0.75546875 0.1296875 0.159375
1 0.2640625 0.52734375 0.10625 0.1546875
1 0.4640625 0.49765625 0.08359375 0.134375
1 0.9203125 0.56171875 0.10078125 0.12578125
1 0.7296875 0.87109375 0.128125 0.18046875
1 0.33984375 0.375 0.08515625 0.11171875
1 0.96015625 0.27265625 0.07265625 0.09140625
1 0.79453125 0.221875 0.06640625 0.0875
1 0.878125 0.15625 0.059375 0.078125
1 0.534375 0.15546875 0.05859375 0.075
1 0.36015625 0.25234375 0.0671875 0.08828125
1 0.54609375 0.23046875 0.0578125 0.0796875
1 0.9671875 0.43125 0.065625 0.12109375
1 0.85234375 0.115625 0.05234375 0.06484375
1 0.9625 0.1125 0.05703125 0.05859375
1 0.290625 0.28125 0.053125 0.08984375
1 0.61640625 0.93125 0.1578125 0.134375
1 0.9 0.10625 0.05625 0.046875
1 0.603125 0.25546875 0.08046875 0.134375
1 0.421875 0.29140625 0.0625 0.0640625
3 0.90703125 0.8390625 0.18359375 0.31796875
1 0.65546875 0.14921875 0.0921875 0.121875
1 0.45546875 0.3515625 0.1203125 0.171875
1 0.75859375 0.12265625 0.103125 0.0796875
2 0.76171875 0.5359375 0.0390625 0.1484375
3 0.0515625 0.52890625 0.103125 0.25
3 0.17265625 0.33203125 0.18828125 0.22734375