1 0.58125 0.74375 0.11875 0.2
1 0.5359375 0.609375 0.078125 0.12265625
3 0.9203125 0.84375 0.153125 0.30625
1 0.4984375 0.31328125 0.0265625 0.0390625
3 0.51015625 0.51015625 0.0609375 0.11171875
1 0.5 0.434375 0.040625 0.04921875
3 0.25625 0.40390625 0.06015625 0.0890625
1 0.46796875 0.3265625 0.021875 0.0296875
1 0.39453125 0.33359375 0.02109375 0.02890625
3 0.2265625 0.51015625 0.06796875 0.1078125
1 0.40703125 0.29609375 0.0140625 0.034375
1 0.59296875 0.44765625 0.04375 0.0671875
1 0.37734375 0.2875 0.02265625 0.03359375
1 0.5984375 0.37890625 0.0375 0.05859375
1 0.57109375 0.43046875 0.03359375 0.065625
3 0.6828125 0.41796875 0.075 0.0953125
1 0.47109375 0.35703125 0.0296875 0.05078125
3 0.32890625 0.3078125 0.0296875 0.0546875
3 0.6640625 0.5671875 0.11640625 0.1921875
3 0.83125 0.65078125 0.20625 0.2703125
3 0.55078125 0.38359375 0.05625 0.0984375
3 0.32265625 0.48828125 0.08125 0.19765625