3 0.8484375 0.54375 0.16484375 0.1890625
3 0.58203125 0.23515625 0.01640625 0.0265625
3 0.59921875 0.39609375 0.02734375 0.0328125
3 0.19609375 0.5453125 0.1109375 0.15
3 0.3109375 0.478125 0.06484375 0.1046875
3 0.4125 0.7484375 0.11171875 0.165625
3 0.6234375 0.23125 0.0171875 0.0296875
3 0.51484375 0.28203125 0.02265625 0.0328125
1 0.63046875 0.3984375 0.03359375 0.0390625
3 0.59453125 0.30390625 0.015625 0.0265625
3 0.58515625 0.275 0.01640625 0.0375
3 0.64765625 0.49921875 0.053125 0.065625
3 0.53203125 0.33125 0.02265625 0.034375
3 0.73984375 0.47265625 0.06328125 0.12265625
3 0.5359375 0.26875 0.0171875 0.0296875
3 0.584375 0.34453125 0.0140625 0.03515625
3 0.53203125 0.24765625 0.01328125 0.01875
3 0.64921875 0.33125 0.02578125 0.0484375
3 0.5828125 0.2515625 0.0125 0.02265625
3 0.37734375 0.38046875 0.07109375 0.12109375
3 0.45703125 0.30546875 0.01875 0.0265625
3 0.5265625 0.284375 0.02890625 0.0484375
3 0.4984375 0.4125 0.0734375 0.1265625
3 0.54921875 0.24296875 0.01875 0.0234375
3 0.49375 0.33125 0.0234375 0.03359375
3 0.484375 0.28984375 0.021875 0.034375
3 0.5984375 0.25859375 0.0109375 0.01640625
3 0.83671875 0.32421875 0.02890625 0.02890625
3 0.81015625 0.92734375 0.16953125 0.1390625
3 0.95234375 0.83828125 0.0921875 0.3125
3 0.5640625 0.2484375 0.01640625 0.034375
3 0.509375 0.30625 0.025 0.040625
3 0.12265625 0.7984375 0.24453125 0.403125
3 0.70078125 0.40703125 0.046875 0.0625
3 0.59296875 0.41875 0.02109375 0.02890625
3 0.62578125 0.30078125 0.021875 0.03125
3 0.4421875 0.384375 0.07265625 0.12421875
3 0.58359375 0.3140625 0.009375 0.02109375
3 0.6046875 0.328125 0.021875 0.03203125
3 0.53203125 0.35625 0.0203125 0.03984375
3 0.5484375 0.2765625 0.015625 0.02890625
3 0.50859375 0.37265625 0.053125 0.05703125
1 0.68359375 0.3234375 0.0234375 0.0375
3 0.55546875 0.30546875 0.0140625 0.0265625
3 0.46875 0.33125 0.02890625 0.03203125
3 0.67734375 0.2859375 0.01640625 0.0203125
3 0.31796875 0.42421875 0.059375 0.0953125
3 0.60703125 0.25546875 0.01953125 0.03125
3 0.42734375 0.32734375 0.0140625 0.01796875
3 0.8484375 0.31484375 0.02578125 0.01953125
3 0.65703125 0.29765625 0.0203125 0.03046875
3 0.30546875 0.415625 0.0421875 0.04609375
3 0.4421875 0.31875 0.04609375 0.040625
3 0.60234375 0.20859375 0.0109375 0.01015625
3 0.909375 0.73984375 0.02890625 0.0515625
3 0.775 0.4515625 0.01171875 0.0515625
3 0.2078125 0.48359375 0.0515625 0.02890625
3 0.478125 0.21796875 0.0171875 0.01953125
3 0.67578125 0.38671875 0.00703125 0.01640625
3 0.8546875 0.48203125 0.0140625 0.046875
3 0.92109375 0.7859375 0.02265625 0.1390625
3 0.49296875 0.21171875 0.01171875 0.01796875
3 0.46796875 0.24140625 0.0390625 0.02578125
3 0.575 0.72734375 0.03203125 0.059375
3 0.55390625 0.19375 0.0140625 0.0234375
3 0.6453125 0.225 0.0265625 0.03359375
3 0.62578125 0.28515625 0.01796875 0.0234375
3 0.52578125 0.21484375 0.03046875 0.0171875
3 0.65 0.36484375 0.01875 0.0359375
3 0.41328125 0.5015625 0.0140625 0.04765625
3 0.23359375 0.7078125 0.02265625 0.1703125
3 0.903125 0.74375 0.01328125 0.0328125
3 0.7953125 0.25 0.0109375 0.03359375
3 0.7 0.459375 0.034375 0.06015625
3 0.5265625 0.2234375 0.065625 0.01875
3 0.49296875 0.50546875 0.053125 0.0828125
3 0.5734375 0.6328125 0.0515625 0.10390625
3 0.715625 0.52734375 0.01953125 0.0546875
3 0.4546875 0.6953125 0.0171875 0.04296875
3 0.565625 0.66484375 0.0125 0.03125
3 0.2546875 0.5109375 0.0875 0.2