1 0.46953125 0.35546875 0.02421875 0.03203125
1 0.6 0.75703125 0.11171875 0.16953125
1 0.4796875 0.35625 0.02265625 0.0125
1 0.4828125 0.38203125 0.03203125 0.04765625
3 0.37109375 0.30390625 0.0234375 0.0421875
3 0.53203125 0.353125 0.0578125 0.09140625
3 0.55859375 0.39765625 0.05625 0.09453125
1 0.5375 0.6015625 0.0828125 0.128125
1 0.584375 0.4484375 0.05 0.06953125
1 0.4890625 0.41953125 0.03359375 0.04609375
3 0.2390625 0.38125 0.0734375 0.1015625
1 0.50625 0.45234375 0.04765625 0.071875
1 0.3875 0.25703125 0.0109375 0.0125
1 0.671875 0.44140625 0.053125 0.065625
1 0.5140625 0.4953125 0.05546875 0.07890625
1 0.9328125 0.93984375 0.134375 0.11875
1 0.4953125 0.4 0.03671875 0.04609375
1 0.390625 0.3328125 0.0234375 0.0328125
1 0.40703125 0.29140625 0.0125 0.01640625
1 0.384375 0.29140625 0.0125 0.02265625
1 0.33359375 0.49921875 0.06015625 0.07890625
3 0.91953125 0.7 0.14453125 0.16875
1 0.35078125 0.3453125 0.025 0.03515625
1 0.3125 0.39296875 0.0296875 0.04140625
4 0.38125 0.36328125 0.02734375 0.0421875
1 0.6375 0.40859375 0.03671875 0.05390625
1 0.4015625 0.3109375 0.01796875 0.02421875
3 0.5234375 0.2859375 0.03203125 0.046875
1 0.60625 0.38125 0.03671875 0.04609375
3 0.33671875 0.303125 0.02109375 0.03671875
1 0.71015625 0.64453125 0.1046875 0.1609375
3 0.50625 0.31328125 0.03359375 0.07734375
1 0.41171875 0.27421875 0.009375 0.009375
0 0.59140625 0.32265625 0.04296875 0.05859375
3 0.40390625 0.25234375 0.0125 0.01875
3 0.56640625 0.32890625 0.03984375 0.0515625
1 0.3953125 0.296875 0.01171875 0.015625
3 0.7984375 0.525 0.17890625 0.20859375
1 0.3296875 0.35859375 0.03203125 0.03203125
1 0.47578125 0.33828125 0.01875 0.00859375