1 0.67734375 0.921875 0.1734375 0.15625
3 0.95390625 0.8984375 0.0890625 0.203125
3 0.78046875 0.68046875 0.18984375 0.334375
3 0.66015625 0.5546875 0.075 0.15625
3 0.78359375 0.49921875 0.15859375 0.15390625
1 0.5578125 0.63359375 0.08984375 0.12734375
1 0.3546875 0.43515625 0.0453125 0.05234375
1 0.2875 0.359375 0.034375 0.0453125
1 0.3828125 0.353125 0.0265625 0.03046875
1 0.52578125 0.5078125 0.0578125 0.084375
0 0.5953125 0.41875 0.084375 0.13515625
3 0.646875 0.39296875 0.06953125 0.1125
1 0.50078125 0.4171875 0.04140625 0.05859375
1 0.48203125 0.37421875 0.0328125 0.0359375
3 0.53515625 0.36640625 0.04453125 0.0703125
3 0.57890625 0.3234375 0.06328125 0.0484375
3 0.3828125 0.2921875 0.01796875 0.0375