1 0.5296875 0.53359375 0.065625 0.0890625
1 0.5046875 0.46328125 0.053125 0.06953125
3 0.2453125 0.38125 0.0453125 0.0734375
0 0.66328125 0.40234375 0.07421875 0.1140625
3 0.34140625 0.34765625 0.03203125 0.04375
1 0.584375 0.7453125 0.10859375 0.1703125
1 0.63359375 0.51015625 0.05859375 0.0765625
1 0.50859375 0.33828125 0.02890625 0.05625
3 0.740625 0.48828125 0.1140625 0.15546875
1 0.24921875 0.73671875 0.1203125 0.1515625
1 0.38984375 0.3484375 0.025 0.0265625
1 0.48671875 0.4109375 0.0359375 0.0484375
1 0.60859375 0.39375 0.03984375 0.04296875
3 0.55234375 0.371875 0.06796875 0.12421875
3 0.91171875 0.67890625 0.1765625 0.27109375