3 0.5984375 0.44140625 0.0734375 0.13671875
3 0.6546875 0.52890625 0.10234375 0.1796875
3 0.5109375 0.32890625 0.03671875 0.07109375
1 0.5140625 0.48515625 0.0546875 0.08125
0 0.540625 0.36015625 0.0515625 0.0875
1 0.3984375 0.31640625 0.01953125 0.02265625
1 0.46875 0.33984375 0.02734375 0.03828125
3 0.8375 0.62421875 0.23984375 0.20234375
1 0.48984375 0.39453125 0.03515625 0.040625
1 0.49765625 0.4296875 0.0390625 0.0515625
1 0.58125 0.6734375 0.0921875 0.14609375
1 0.38125 0.36796875 0.0265625 0.03515625
1 0.4796875 0.35859375 0.0265625 0.0359375
4 0.7125 0.4359375 0.05 0.0671875
1 0.2515625 0.78671875 0.11875 0.15625
4 0.340625 0.34296875 0.0296875 0.046875
1 0.83203125 0.8828125 0.1796875 0.234375
3 0.64765625 0.4 0.078125 0.09140625
3 0.58828125 0.34375 0.05078125 0.06640625
1 0.0328125 0.6296875 0.065625 0.103125
3 0.3703125 0.29765625 0.0234375 0.03671875