3 0.05625 0.8234375 0.1125 0.353125
3 0.15078125 0.59296875 0.1328125 0.21015625
3 0.165625 0.4546875 0.0828125 0.090625
3 0.71171875 0.475 0.12890625 0.13984375
1 0.765625 0.68671875 0.1140625 0.15390625
1 0.66796875 0.56171875 0.0734375 0.08125
1 0.51953125 0.49375 0.05859375 0.0734375
1 0.59375 0.46875 0.05078125 0.059375
1 0.621875 0.40234375 0.04609375 0.0546875
1 0.35625 0.47734375 0.04921875 0.06875
1 0.26953125 0.7484375 0.10625 0.1421875
3 0.2171875 0.4078125 0.05 0.06328125
3 0.25078125 0.3765625 0.0453125 0.05
3 0.3046875 0.3625 0.06171875 0.09375
3 0.3359375 0.33203125 0.04140625 0.078125
4 0.390625 0.3609375 0.03046875 0.0453125
1 0.4984375 0.43046875 0.0453125 0.05
1 0.4734375 0.35625 0.03203125 0.0421875
1 0.584375 0.36953125 0.0328125 0.0375
1 0.4609375 0.30625 0.02578125 0.02734375
1 0.40390625 0.30390625 0.01640625 0.01953125
4 0.54296875 0.375 0.0296875 0.05234375