3 0.140625 0.76953125 0.28125 0.46015625
1 0.4328125 0.66328125 0.09765625 0.14453125
1 0.40078125 0.79453125 0.13671875 0.2109375
1 0.47421875 0.5546875 0.0703125 0.11015625
3 0.36875 0.39609375 0.03984375 0.04765625
1 0.5171875 0.4359375 0.04375 0.05390625
3 0.265625 0.56328125 0.14140625 0.2265625
1 0.5265625 0.35390625 0.02734375 0.02890625
3 0.77734375 0.48046875 0.11484375 0.19140625
3 0.44296875 0.3171875 0.03671875 0.0484375
1 0.49375 0.3703125 0.03125 0.04140625
1 0.49765625 0.49140625 0.05625 0.0859375
1 0.5921875 0.28515625 0.0125 0.01953125
1 0.63515625 0.40546875 0.04375 0.04765625
3 0.39765625 0.4296875 0.0671875 0.115625
3 0.28203125 0.42109375 0.1328125 0.12265625
3 0.34453125 0.528125 0.0390625 0.10859375
1 0.465625 0.36171875 0.0296875 0.04453125
1 0.62421875 0.36484375 0.02734375 0.03125
1 0.4484375 0.4578125 0.05625 0.08359375
3 0.4234375 0.390625 0.0421875 0.05234375
1 0.4046875 0.3484375 0.01640625 0.0328125
3 0.60234375 0.3203125 0.0265625 0.0515625
3 0.37578125 0.35859375 0.0546875 0.0609375
3 0.62578125 0.2796875 0.0265625 0.0390625
3 0.64296875 0.315625 0.028125 0.04765625
3 0.60703125 0.27421875 0.01875 0.0359375
3 0.4265625 0.34609375 0.03515625 0.0421875