1 0.21015625 0.92421875 0.1796875 0.15
1 0.5734375 0.68515625 0.0921875 0.13515625
4 0.1953125 0.575 0.08125 0.1125
1 0.328125 0.37734375 0.03203125 0.04609375
1 0.5109375 0.49140625 0.053125 0.090625
1 0.3828125 0.33203125 0.02421875 0.028125
1 0.79765625 0.5515625 0.03046875 0.06328125
1 0.4921875 0.42265625 0.0390625 0.053125
1 0.5921875 0.46953125 0.04765625 0.0828125
3 0.61640625 0.36015625 0.08203125 0.134375
3 0.2890625 0.34765625 0.0328125 0.04921875
1 0.571875 0.3234375 0.01875 0.03046875
1 0.4140625 0.27109375 0.01484375 0.02421875
1 0.53125 0.3171875 0.025 0.03515625
3 0.72578125 0.58359375 0.23984375 0.371875
3 0.55234375 0.38203125 0.0703125 0.09140625
0 0.90703125 0.68203125 0.1828125 0.38125