3 0.02421875 0.61875 0.0484375 0.15078125
3 0.9234375 0.8453125 0.15234375 0.30859375
3 0.85859375 0.709375 0.221875 0.325
3 0.8109375 0.49296875 0.12890625 0.09765625
3 0.73046875 0.46484375 0.0875 0.12578125
3 0.66640625 0.55390625 0.1078125 0.20703125
1 0.6375 0.9515625 0.153125 0.096875
1 0.328125 0.50078125 0.06171875 0.0828125
1 0.61015625 0.846875 0.13046875 0.17734375
1 0.578125 0.725 0.1125 0.1484375
3 0.5328125 0.61953125 0.08203125 0.14296875
1 0.55546875 0.5765625 0.075 0.10703125
1 0.52734375 0.5109375 0.06015625 0.0609375
3 0.63671875 0.40390625 0.05625 0.09453125
3 0.59921875 0.35234375 0.05703125 0.103125
3 0.68046875 0.4015625 0.03359375 0.06484375
1 0.59609375 0.46015625 0.046875 0.09609375
1 0.50546875 0.46640625 0.05546875 0.0578125
3 0.55234375 0.38828125 0.05 0.0953125
1 0.33125 0.3203125 0.0234375 0.034375
1 0.365625 0.31484375 0.02109375 0.0328125