1 0.171875 0.5671875 0.09375 0.109375
1 0.36484375 0.4046875 0.04296875 0.04140625
1 0.31875 0.378125 0.04296875 0.046875
1 0.33203125 0.5046875 0.06640625 0.0875
1 0.35546875 0.32421875 0.0265625 0.03515625
1 0.39765625 0.325 0.0234375 0.03671875
3 0.559375 0.6046875 0.08671875 0.125
1 0.52890625 0.54453125 0.05390625 0.06171875
1 0.51875 0.50078125 0.05390625 0.04921875
1 0.5140625 0.4765625 0.05703125 0.06171875
1 0.4953125 0.4375 0.04296875 0.0546875
3 0.66484375 0.4984375 0.1328125 0.23046875
0 0.58203125 0.43125 0.07890625 0.16015625
0 0.5421875 0.3671875 0.0515625 0.096875
3 0.6578125 0.3625 0.0765625 0.06640625
1 0.59453125 0.7484375 0.1015625 0.1546875
1 0.7765625 0.7296875 0.1234375 0.17109375
1 0.92734375 0.69453125 0.12734375 0.16171875
1 0.8046875 0.58203125 0.08359375 0.09921875
1 0.76484375 0.52734375 0.06484375 0.0859375
3 0.5890625 0.33671875 0.05234375 0.06953125