4 0.6328125 0.39765625 0.0375 0.05
1 0.2734375 0.653125 0.103125 0.15078125
1 0.60625 0.33125 0.021875 0.0328125
1 0.48984375 0.44140625 0.0453125 0.065625
1 0.471875 0.51796875 0.0578125 0.084375
1 0.42734375 0.66640625 0.09375 0.15
1 0.7046875 0.58046875 0.07421875 0.08984375
3 0.44140625 0.384375 0.04765625 0.08515625
1 0.346875 0.55234375 0.071875 0.10078125
1 0.259375 0.525 0.0703125 0.08125
1 0.3703125 0.42421875 0.04453125 0.059375
1 0.475 0.36328125 0.02734375 0.0453125
1 0.59375 0.2921875 0.01484375 0.02265625
3 0.075 0.66171875 0.15 0.25234375
3 0.465625 0.32265625 0.02734375 0.0421875
1 0.646875 0.32890625 0.02109375 0.03203125
3 0.93828125 0.54609375 0.1234375 0.26640625
3 0.1140625 0.8375 0.228125 0.32421875
3 0.4921875 0.328125 0.0296875 0.03984375
3 0.4875 0.28984375 0.0234375 0.040625