1 0.8609375 0.81953125 0.1484375 0.23828125
1 0.5421875 0.60625 0.08203125 0.13984375
1 0.34296875 0.5265625 0.0625 0.08046875
1 0.553125 0.3875 0.03671875 0.04921875
1 0.6859375 0.95234375 0.16015625 0.0921875
1 0.51875 0.471875 0.04921875 0.0796875
1 0.49296875 0.4140625 0.03671875 0.0578125
1 0.30234375 0.4171875 0.05 0.08671875
3 0.16484375 0.53984375 0.1625 0.26796875
1 0.5734375 0.4515625 0.06484375 0.06171875
1 0.61015625 0.49609375 0.07578125 0.08671875
3 0.64921875 0.43515625 0.07421875 0.10703125
3 0.1984375 0.38203125 0.11015625 0.0828125