1 0.5453125 0.61015625 0.08203125 0.134375
3 0.56796875 0.33046875 0.0390625 0.06171875
3 0.59609375 0.46328125 0.075 0.11328125
1 0.66015625 0.578125 0.08046875 0.12109375
1 0.47578125 0.365625 0.02734375 0.03984375
3 0.534375 0.359375 0.04375 0.07578125
1 0.51640625 0.48984375 0.05625 0.0875
3 0.86640625 0.790625 0.2671875 0.41875
3 0.7140625 0.503125 0.09765625 0.12109375
1 0.66015625 0.90703125 0.14453125 0.1859375
3 0.06484375 0.82578125 0.1296875 0.3453125
1 0.6640625 0.39609375 0.0359375 0.0453125
1 0.3859375 0.3390625 0.02421875 0.03046875
3 0.60625 0.38359375 0.065625 0.07109375