0 0.540625 0.371875 0.0640625 0.10546875
0 0.15546875 0.45234375 0.121875 0.1515625
3 0.65703125 0.3828125 0.08203125 0.096875
3 0.73046875 0.596875 0.18203125 0.33203125
3 0.5875 0.3375 0.05078125 0.05078125
1 0.38359375 0.290625 0.01328125 0.0203125
3 0.53203125 0.5546875 0.06953125 0.10078125
1 0.38671875 0.340625 0.02265625 0.03671875
1 0.553125 0.634375 0.08828125 0.13203125
1 0.35 0.46875 0.04921875 0.06015625
3 0.64765625 0.865625 0.1671875 0.26875
1 0.37421875 0.30234375 0.015625 0.0203125
1 0.5171875 0.49765625 0.059375 0.08515625
0 0.60078125 0.44921875 0.1015625 0.17890625
1 0.92109375 0.709375 0.12109375 0.15234375
1 0.39609375 0.31796875 0.0171875 0.02421875
1 0.3453125 0.34609375 0.02265625 0.0390625