1 0.29921875 0.6375 0.09140625 0.10859375
1 0.35 0.49453125 0.05390625 0.06875
1 0.09296875 0.52578125 0.0625 0.0734375
1 0.49609375 0.453125 0.046875 0.0703125
1 0.6296875 0.884375 0.14140625 0.2078125
1 0.20390625 0.4328125 0.04140625 0.0390625
1 0.2625 0.37890625 0.03515625 0.046875
1 0.4796875 0.3703125 0.028125 0.0390625
1 0.365625 0.43828125 0.0453125 0.071875
1 0.38203125 0.36640625 0.02578125 0.03203125
1 0.465625 0.35078125 0.0265625 0.03671875
1 0.39609375 0.32578125 0.0234375 0.0390625
1 0.49609375 0.31953125 0.01875 0.0296875
1 0.509375 0.35625 0.015625 0.03125
1 0.36484375 0.3203125 0.0125 0.02578125
3 0.03046875 0.57890625 0.0609375 0.16640625
3 0.69765625 0.46796875 0.084375 0.14609375
3 0.58046875 0.41171875 0.0796875 0.14453125
1 0.5125 0.29765625 0.0171875 0.021875
1 0.45546875 0.30546875 0.0171875 0.028125
1 0.453125 0.28984375 0.01796875 0.034375
3 0.18203125 0.54609375 0.13046875 0.20546875
1 0.40859375 0.2875 0.0125 0.025
3 0.54375 0.3546875 0.06328125 0.09765625
1 0.4640625 0.27734375 0.01484375 0.0265625
1 0.3875 0.28515625 0.015625 0.02734375
1 0.4 0.309375 0.0171875 0.02421875
1 0.49921875 0.27421875 0.01171875 0.01796875
3 0.94296875 0.77109375 0.1125 0.27890625
1 0.45078125 0.26875 0.015625 0.02578125
3 0.31328125 0.375 0.05859375 0.0921875
1 0.41484375 0.27734375 0.0140625 0.03125
1 0.509375 0.33125 0.015625 0.02421875
1 0.38046875 0.3 0.01640625 0.025
1 0.5390625 0.296875 0.01796875 0.01796875
1 0.5265625 0.3109375 0.01640625 0.01953125
1 0.4796875 0.26171875 0.01640625 0.0265625
1 0.45078125 0.3453125 0.015625 0.040625
1 0.2984375 0.32109375 0.04296875 0.05859375
1 0.28515625 0.340625 0.01484375 0.021875
1 0.34921875 0.353125 0.01953125 0.02890625
1 0.46484375 0.425 0.03125 0.0546875
1 0.2796875 0.33203125 0.01171875 0.01953125