1 0.2546875 0.446875 0.06484375 0.11953125
3 0.41953125 0.315625 0.0109375 0.02734375
3 0.43828125 0.23828125 0.02734375 0.03046875
1 0.35703125 0.4484375 0.04375 0.059375
3 0.378125 0.3 0.01640625 0.02109375
3 0.87578125 0.79921875 0.2421875 0.396875
3 0.478125 0.3734375 0.03359375 0.034375
3 0.45703125 0.2484375 0.02421875 0.03125
3 0.69609375 0.61875 0.08984375 0.13125
3 0.41640625 0.35078125 0.0171875 0.025
3 0.48046875 0.26171875 0.0125 0.02109375
3 0.64453125 0.89375 0.14296875 0.19609375
3 0.56015625 0.6515625 0.0828125 0.121875
3 0.484375 0.41171875 0.04765625 0.078125
1 0.3234375 0.36484375 0.0296875 0.0328125
3 0.4640625 0.31953125 0.03359375 0.0546875
3 0.40546875 0.29765625 0.0140625 0.0234375
3 0.5359375 0.359375 0.06015625 0.096875
3 0.378125 0.23671875 0.01328125 0.03125
3 0.42265625 0.25703125 0.01015625 0.01953125
3 0.48046875 0.27265625 0.025 0.0328125
3 0.78984375 0.5703125 0.078125 0.09140625
3 0.4234375 0.22734375 0.0234375 0.01875
3 0.58671875 0.765625 0.11328125 0.178125
3 0.50859375 0.32265625 0.04375 0.07265625
3 0.8546875 0.59609375 0.09296875 0.0609375
3 0.428125 0.30390625 0.0359375 0.0453125
3 0.465625 0.2609375 0.0171875 0.034375
1 0.7578125 0.53984375 0.06953125 0.10234375
3 0.49296875 0.26328125 0.01796875 0.02109375
3 0.4703125 0.3578125 0.02578125 0.03125
3 0.446875 0.2578125 0.01796875 0.040625
1 0.3484375 0.30390625 0.0171875 0.0203125
3 0.5453125 0.575 0.08671875 0.1328125
3 0.4125 0.2875 0.021875 0.0421875
1 0.5109375 0.4828125 0.05390625 0.0890625
3 0.4828125 0.30546875 0.0140625 0.0265625
3 0.57265625 0.321875 0.04609375 0.0390625
3 0.3953125 0.24765625 0.01484375 0.0140625
3 0.384375 0.259375 0.0140625 0.01484375
3 0.32421875 0.28515625 0.015625 0.01953125
3 0.58515625 0.43203125 0.08828125 0.1625
3 0.36875 0.37109375 0.03125 0.0328125
3 0.5265625 0.39375 0.02265625 0.04296875
3 0.54296875 0.29609375 0.028125 0.02578125
3 0.72578125 0.49609375 0.02421875 0.06328125
3 0.45234375 0.28984375 0.01796875 0.034375
3 0.65546875 0.3765625 0.0859375 0.08046875
3 0.4 0.31171875 0.015625 0.021875
3 0.503125 0.278125 0.01875 0.0234375
3 0.4546875 0.3375 0.01953125 0.040625
3 0.2015625 0.36328125 0.02890625 0.03046875
3 0.5328125 0.27265625 0.02265625 0.025
3 0.46953125 0.23671875 0.01015625 0.015625
3 0.53125 0.421875 0.01953125 0.0609375
3 0.36953125 0.23125 0.01640625 0.025
3 0.5453125 0.31328125 0.01953125 0.0203125
3 0.40078125 0.21640625 0.01875 0.01796875
3 0.4859375 0.3921875 0.03203125 0.0296875
3 0.46015625 0.425 0.02265625 0.04609375
3 0.50859375 0.20234375 0.0140625 0.0296875
3 0.45703125 0.221875 0.02578125 0.01640625
3 0.50859375 0.56875 0.02109375 0.0640625
3 0.4453125 0.1953125 0.0171875 0.0359375
3 0.32265625 0.39609375 0.028125 0.04296875
3 0.0734375 0.2578125 0.04140625 0.01796875
3 0.42265625 0.71953125 0.028125 0.06328125
3 0.26640625 0.246875 0.040625 0.0296875
3 0.634375 0.353125 0.04453125 0.034375
3 0.396875 0.4453125 0.0453125 0.07734375
3 0.7765625 0.8125 0.01875 0.06171875
3 0.11640625 0.41015625 0.04140625 0.05625
3 0.371875 0.43125 0.0125 0.03046875
3 0.2984375 0.27578125 0.01796875 0.01328125
3 0.48125 0.221875 0.04609375 0.015625
3 0.59765625 0.3515625 0.04296875 0.034375
3 0.4296875 0.5171875 0.05234375 0.13359375
3 0.39921875 0.23125 0.02578125 0.02734375
3 0.7328125 0.5328125 0.0375 0.08125
3 0.365625 0.98984375 0.05703125 0.01953125
3 0.2046875 0.25 0.0109375 0.034375
3 0.35703125 0.48359375 0.040625 0.05234375
3 0.4265625 0.625 0.04609375 0.0875
3 0.91328125 0.65390625 0.140625 0.096875
3 0.12734375 0.23125 0.0609375 0.04375
3 0.53203125 0.23828125 0.034375 0.015625
3 0.1578125 0.42578125 0.04921875 0.05546875
3 0.4375 0.75234375 0.0234375 0.09453125