1 0.57109375 0.63125 0.09296875 0.1421875
1 0.51171875 0.4671875 0.0484375 0.0765625
1 0.3671875 0.409375 0.0375 0.04921875
1 0.2953125 0.41328125 0.03984375 0.0515625
4 0.203125 0.89453125 0.15234375 0.2015625
1 0.63359375 0.4203125 0.0453125 0.05078125
1 0.4953125 0.4140625 0.0375 0.05390625
1 0.61015625 0.48125 0.059375 0.08984375
1 0.575 0.36953125 0.03125 0.04765625
3 0.784375 0.56640625 0.10859375 0.125
1 0.3921875 0.32421875 0.0203125 0.02890625
1 0.490625 0.38203125 0.03125 0.04921875
1 0.584375 0.43828125 0.0484375 0.0578125
1 0.23359375 0.42578125 0.04609375 0.046875
1 0.46953125 0.3546875 0.0265625 0.0421875
3 0.528125 0.3453125 0.034375 0.05625
1 0.359375 0.28671875 0.0125 0.02265625
1 0.5046875 0.32890625 0.015625 0.0296875
1 0.40625 0.296875 0.0140625 0.0203125
1 0.48515625 0.29453125 0.01953125 0.015625
3 0.3734375 0.3 0.01875 0.03359375
3 0.8828125 0.853125 0.234375 0.29375
3 0.6703125 0.5390625 0.1140625 0.18203125
3 0.7015625 0.45390625 0.084375 0.11796875