1 0.20078125 0.83046875 0.14453125 0.16484375
1 0.6265625 0.84453125 0.13671875 0.221875
1 0.540625 0.57265625 0.07109375 0.1140625
1 0.5234375 0.4875 0.05546875 0.09140625
1 0.28046875 0.4453125 0.0421875 0.09296875
1 0.49375 0.40859375 0.03828125 0.053125
1 0.478125 0.3671875 0.03203125 0.04375
1 0.37890625 0.34140625 0.02265625 0.02890625
3 0.51875 0.3375 0.0390625 0.0640625
1 0.3921875 0.3140625 0.015625 0.0265625
1 0.4640625 0.32578125 0.02265625 0.034375
1 0.35859375 0.29609375 0.0140625 0.015625
1 0.48828125 0.30390625 0.021875 0.03671875
3 0.8859375 0.66953125 0.17265625 0.1765625
3 0.65546875 0.5359375 0.15078125 0.1546875