1 0.64296875 0.9515625 0.1546875 0.096875
1 0.57578125 0.7421875 0.10078125 0.16953125
1 0.525 0.5109375 0.059375 0.078125
1 0.59453125 0.4453125 0.04296875 0.06171875
1 0.50703125 0.46796875 0.05078125 0.08203125
1 0.390625 0.33125 0.01953125 0.02734375
1 0.49375 0.42734375 0.03515625 0.0578125
1 0.57109375 0.428125 0.034375 0.06015625
1 0.353125 0.33984375 0.0234375 0.03125
1 0.31953125 0.3375 0.021875 0.0328125
1 0.47578125 0.384375 0.03515625 0.02890625
1 0.38359375 0.35078125 0.02421875 0.03515625
3 0.53515625 0.615625 0.084375 0.153125
1 0.55625 0.571875 0.06875 0.10546875
3 0.3890625 0.278125 0.0171875 0.0328125
1 0.61171875 0.86484375 0.13671875 0.2234375
1 0.23828125 0.72109375 0.1125 0.12578125
3 0.365625 0.27734375 0.021875 0.02890625
3 0.553125 0.38828125 0.0484375 0.09375
3 0.53203125 0.35390625 0.05625 0.09375
3 0.6296875 0.40234375 0.059375 0.08984375
3 0.596875 0.35234375 0.065625 0.1125
3 0.7171875 0.4609375 0.0875 0.13515625
3 0.7875 0.5015625 0.125 0.13984375
3 0.91953125 0.83828125 0.16015625 0.32265625
3 0.859375 0.715625 0.240625 0.35234375
3 0.73203125 0.634375 0.04609375 0.13984375
3 0.66953125 0.54921875 0.109375 0.20234375
3 0.61796875 0.50859375 0.065625 0.13828125
3 0.50625 0.3109375 0.0390625 0.0734375
1 0.48125 0.3703125 0.0375 0.03203125
3 0.47265625 0.28125 0.0234375 0.0328125
3 0.496875 0.265625 0.02421875 0.03203125