1 0.4375 0.64140625 0.09921875 0.13984375
3 0.1484375 0.75859375 0.296875 0.48203125
1 0.478125 0.53984375 0.06953125 0.09609375
1 0.4078125 0.7609375 0.13046875 0.1921875
1 0.4984375 0.4796875 0.05625 0.07265625
3 0.8390625 0.54375 0.17265625 0.24296875
1 0.459375 0.43828125 0.05234375 0.0765625
3 0.2796875 0.546875 0.1359375 0.215625
1 0.63359375 0.38828125 0.0328125 0.0390625
3 0.29609375 0.41328125 0.1203125 0.11875
1 0.10859375 0.5484375 0.08203125 0.053125
3 0.3578125 0.51328125 0.03671875 0.10390625
3 0.39921875 0.4171875 0.065625 0.11640625
3 0.3765625 0.3953125 0.03359375 0.05078125
3 0.3796875 0.35625 0.0484375 0.0578125
3 0.6078125 0.32890625 0.03203125 0.05078125
3 0.65 0.321875 0.03125 0.05234375
3 0.628125 0.2828125 0.028125 0.04609375
3 0.60625 0.27578125 0.01953125 0.03828125
1 0.59375 0.28671875 0.01171875 0.0171875
1 0.65078125 0.4453125 0.05546875 0.06171875
1 0.5171875 0.4359375 0.04609375 0.053125
1 0.46875 0.3578125 0.0328125 0.04296875
1 0.41328125 0.3375 0.01953125 0.03125
3 0.43046875 0.3875 0.03359375 0.0453125
1 0.5015625 0.3703125 0.0328125 0.0484375
1 0.54765625 0.29296875 0.015625 0.028125
1 0.471875 0.31015625 0.0234375 0.034375
3 0.5078125 0.26328125 0.02734375 0.03203125
3 0.446875 0.31328125 0.03359375 0.04375
1 0.52421875 0.39375 0.04609375 0.05859375
1 0.53828125 0.31640625 0.02265625 0.03203125
3 0.5453125 0.34375 0.02734375 0.05703125
1 0.5265625 0.34375 0.025 0.03046875
1 0.60234375 0.39296875 0.0265625 0.0359375
3 0.43359375 0.34140625 0.03203125 0.04453125