1 0.640625 0.60859375 0.08515625 0.115625
1 0.3 0.57578125 0.075 0.10390625
1 0.296875 0.42421875 0.04296875 0.04921875
1 0.20078125 0.859375 0.14609375 0.16953125
3 0.63359375 0.40703125 0.0546875 0.090625
1 0.3578125 0.45625 0.04765625 0.06015625
1 0.33046875 0.3703125 0.03046875 0.0328125
1 0.371875 0.40390625 0.0375 0.04140625
3 0.18828125 0.52578125 0.140625 0.18671875
3 0.209375 0.3828125 0.11171875 0.1078125
3 0.33984375 0.34140625 0.02890625 0.03984375
3 0.30703125 0.32109375 0.0484375 0.08203125
3 0.33828125 0.29921875 0.0296875 0.05
3 0.59765625 0.3734375 0.03671875 0.05859375
3 0.959375 0.71796875 0.08125 0.1875
3 0.83203125 0.7375 0.21171875 0.3640625
4 0.63046875 0.8578125 0.14375 0.25625
3 0.54765625 0.3625 0.0625 0.10546875
4 0.38671875 0.35390625 0.034375 0.0515625
3 0.3625 0.30703125 0.0296875 0.0421875
1 0.35859375 0.33046875 0.02421875 0.03125
1 0.5109375 0.440625 0.053125 0.07109375
0 0.48671875 0.3671875 0.0609375 0.09765625
3 0.35234375 0.27421875 0.0359375 0.03359375
3 0.378125 0.25859375 0.01484375 0.01875