3 0.10078125 0.790625 0.2015625 0.41796875
1 0.78515625 0.675 0.11171875 0.11328125
1 0.41015625 0.753125 0.128125 0.146875
1 0.453125 0.59296875 0.08828125 0.12421875
1 0.67265625 0.49453125 0.06484375 0.07890625
0 0.32421875 0.5484375 0.16484375 0.26796875
1 0.4921875 0.4921875 0.0578125 0.07109375
1 0.42421875 0.45859375 0.046875 0.0765625
3 0.3296875 0.3984375 0.0984375 0.11953125
1 0.6203125 0.36015625 0.0359375 0.04453125
0 0.665625 0.30625 0.04140625 0.05078125
1 0.603125 0.32109375 0.02265625 0.0296875
1 0.4984375 0.43984375 0.05390625 0.04921875
3 0.4640625 0.34765625 0.08125 0.1171875