1 0.56328125 0.6625 0.09140625 0.153125
1 0.5234375 0.53046875 0.0671875 0.1046875
1 0.33125 0.4171875 0.04375 0.059375
1 0.3859375 0.36484375 0.03046875 0.03671875
1 0.3390625 0.3515625 0.03203125 0.04140625
3 0.34765625 0.29296875 0.01796875 0.03125
3 0.5953125 0.4515625 0.08671875 0.1375
3 0.6859375 0.42578125 0.1125 0.18359375
3 0.93984375 0.8390625 0.1203125 0.32109375
3 0.71953125 0.65546875 0.10703125 0.13828125
3 0.825 0.621875 0.10078125 0.11953125
3 0.515625 0.33125 0.0390625 0.0671875
1 0.50625 0.44453125 0.05 0.07578125
1 0.48046875 0.3796875 0.03671875 0.04921875
1 0.5859375 0.36953125 0.0265625 0.034375
1 0.52890625 0.3671875 0.03515625 0.03828125
1 0.36953125 0.31328125 0.0203125 0.0296875
1 0.4046875 0.28984375 0.0125 0.01484375
1 0.4671875 0.33828125 0.02421875 0.03125
1 0.47265625 0.3546875 0.028125 0.02265625
1 0.55078125 0.39921875 0.034375 0.05078125