1 0.703125 0.4734375 0.0625 0.07578125
1 0.35859375 0.4265625 0.04140625 0.05234375
1 0.48984375 0.40078125 0.03671875 0.0578125
1 0.49609375 0.3125 0.02109375 0.03046875
1 0.64921875 0.87109375 0.13203125 0.19375
1 0.171875 0.9421875 0.171875 0.115625
1 0.353125 0.3296875 0.021875 0.0234375
1 0.4609375 0.309375 0.0171875 0.02578125
1 0.4 0.31015625 0.02109375 0.02265625
1 0.45703125 0.29140625 0.01484375 0.0234375
3 0.39140625 0.2765625 0.0125 0.0203125
3 0.96484375 0.73671875 0.0703125 0.25625
3 0.81875 0.71953125 0.33671875 0.425
3 0.35234375 0.284375 0.025 0.0390625
3 0.37578125 0.28515625 0.021875 0.03515625
1 0.40390625 0.29375 0.0140625 0.01328125
1 0.51640625 0.340625 0.025 0.0375