1 0.42265625 0.72734375 0.1140625 0.16328125
1 0.38515625 0.86953125 0.13828125 0.22890625
1 0.35859375 0.95078125 0.15859375 0.0984375
1 0.7546875 0.59921875 0.0828125 0.1015625
1 0.65546875 0.5046875 0.0609375 0.075
1 0.63828125 0.38125 0.03125 0.03828125
1 0.6140625 0.353125 0.03125 0.03515625
1 0.60546875 0.31484375 0.01953125 0.025
1 0.6390625 0.28984375 0.0140625 0.01484375
3 0.4640625 0.62109375 0.08046875 0.15
3 0.37734375 0.50546875 0.0703125 0.12578125
3 0.33046875 0.55078125 0.1078125 0.2
3 0.72421875 0.43203125 0.10546875 0.134375
3 0.75703125 0.38828125 0.0484375 0.07421875
3 0.128125 0.7671875 0.25625 0.465625
3 0.0796875 0.63984375 0.15859375 0.24453125
3 0.221875 0.5109375 0.1125 0.1640625
3 0.334375 0.42890625 0.08203125 0.1125
3 0.3765625 0.36328125 0.071875 0.11796875
3 0.446875 0.3859375 0.05078125 0.090625