1 0.5296875 0.34375 0.02734375 0.046875
1 0.63125 0.40078125 0.03515625 0.05390625
1 0.4921875 0.47421875 0.05 0.0796875
3 0.5046875 0.275 0.0203125 0.03828125
3 0.13515625 0.58046875 0.22109375 0.3171875
3 0.6515625 0.321875 0.04296875 0.07109375
3 0.46484375 0.35546875 0.0515625 0.08984375
1 0.37109375 0.49921875 0.05703125 0.08046875
1 0.49921875 0.3265625 0.01875 0.034375
3 0.91328125 0.75859375 0.1734375 0.47578125
1 0.3765625 0.775 0.12734375 0.2
1 0.5109375 0.30859375 0.0171875 0.028125
3 0.378125 0.38515625 0.071875 0.096875
3 0.3328125 0.58984375 0.0828125 0.1046875
1 0.67578125 0.525 0.065625 0.08671875
1 0.7625 0.840625 0.12578125 0.1578125