1 0.3078125 0.58515625 0.07890625 0.096875
1 0.5765625 0.725 0.096875 0.14296875
1 0.37734375 0.359375 0.0265625 0.0421875
3 0.53359375 0.6203125 0.075 0.1328125
1 0.353125 0.46015625 0.0453125 0.05390625
1 0.60625 0.84609375 0.128125 0.1796875
1 0.64375 0.94921875 0.15234375 0.09765625
1 0.39375 0.325 0.01875 0.03046875
1 0.13828125 0.98984375 0.13828125 0.01875
1 0.621875 0.4171875 0.02734375 0.04140625
1 0.5140625 0.50390625 0.04765625 0.06875
3 0.553125 0.38515625 0.04765625 0.0875
3 0.175 0.42578125 0.09609375 0.10234375
3 0.2953125 0.3890625 0.05234375 0.07734375
3 0.28828125 0.33125 0.0515625 0.06328125
3 0.92421875 0.8453125 0.1515625 0.309375
3 0.67109375 0.546875 0.10390625 0.19609375