1 0.5203125 0.534375 0.0671875 0.1015625
1 0.55859375 0.63203125 0.09296875 0.1296875
1 0.340625 0.47890625 0.06171875 0.0765625
3 0.4640625 0.25859375 0.01796875 0.03125
1 0.40625 0.2921875 0.01640625 0.02578125
1 0.5890625 0.74453125 0.1265625 0.1875
1 0.5 0.47734375 0.053125 0.0796875
1 0.58359375 0.33515625 0.01796875 0.02890625
3 0.50078125 0.3015625 0.02734375 0.0484375
3 0.34453125 0.3328125 0.03359375 0.0640625
1 0.4625 0.3203125 0.0234375 0.0328125
3 0.696875 0.4078125 0.11171875 0.1
3 0.3890625 0.3359375 0.03671875 0.05390625
3 0.6203125 0.3984375 0.0328125 0.05703125
3 0.490625 0.265625 0.0296875 0.034375
3 0.615625 0.35390625 0.0546875 0.0546875
1 0.53515625 0.4265625 0.05625 0.06875
3 0.37265625 0.2859375 0.03046875 0.04375
3 0.7125 0.54296875 0.13671875 0.21953125
1 0.3609375 0.4046875 0.04375 0.04609375
1 0.5296875 0.35546875 0.0296875 0.03671875
1 0.453125 0.29140625 0.015625 0.021875
3 0.846875 0.75703125 0.30625 0.4859375
3 0.10859375 0.60234375 0.21640625 0.29609375
1 0.85703125 0.528125 0.0796875 0.06875
3 0.56328125 0.34375 0.03359375 0.0453125
3 0.55 0.31171875 0.03203125 0.04609375
3 0.6421875 0.51015625 0.04375 0.1
3 0.596875 0.41796875 0.0609375 0.115625
3 0.57109375 0.38984375 0.0328125 0.053125
1 0.48203125 0.4375 0.05 0.059375