1 0.15859375 0.97265625 0.15 0.05390625
3 0.1828125 0.4359375 0.06171875 0.0765625
1 0.275 0.475 0.05 0.0484375
1 0.3234375 0.38515625 0.02421875 0.05
1 0.6421875 0.95546875 0.11796875 0.0890625
3 0.34765625 0.30703125 0.0421875 0.04609375
1 0.603125 0.82109375 0.10234375 0.18046875
3 0.53828125 0.63515625 0.075 0.1453125
3 0.86484375 0.80078125 0.11953125 0.2015625
3 0.675 0.5546875 0.11171875 0.196875
3 0.8703125 0.55703125 0.24140625 0.309375
1 0.53125 0.5234375 0.05859375 0.0546875
1 0.5171875 0.48671875 0.0453125 0.053125
3 0.65078125 0.40078125 0.09296875 0.09375
3 0.54765625 0.3875 0.046875 0.0828125
1 0.49140625 0.40390625 0.028125 0.0453125
1 0.48125 0.37578125 0.0296875 0.02578125
3 0.528125 0.296875 0.065625 0.0359375
1 0.47265625 0.35625 0.02578125 0.0359375
1 0.46796875 0.32421875 0.01875 0.02265625
3 0.38359375 0.28359375 0.02265625 0.05