1 0.578125 0.6859375 0.09609375 0.13515625
1 0.53125 0.5703125 0.07421875 0.1140625
1 0.25625 0.73203125 0.1140625 0.134375
1 0.67421875 0.5953125 0.08984375 0.140625
1 0.88046875 0.88203125 0.17421875 0.22265625
1 0.2734375 0.4578125 0.04921875 0.0625
1 0.65 0.42578125 0.0515625 0.06015625
1 0.5078125 0.47890625 0.05234375 0.07265625
1 0.490625 0.42421875 0.0390625 0.05390625
1 0.71953125 0.92890625 0.1796875 0.1375
3 0.865625 0.64921875 0.12109375 0.15
1 0.596875 0.37578125 0.03515625 0.04765625
1 0.62578125 0.39609375 0.0359375 0.04921875
1 0.5015625 0.43203125 0.04453125 0.0375
1 0.30546875 0.4015625 0.040625 0.04609375
4 0.36875 0.396875 0.034375 0.053125
1 0.39609375 0.32890625 0.01953125 0.0296875
1 0.3328125 0.37421875 0.03359375 0.0453125
1 0.49375 0.396875 0.0421875 0.02890625
3 0.33203125 0.3109375 0.025 0.0375
1 0.3828125 0.35390625 0.0296875 0.03828125
1 0.57578125 0.4328125 0.0484375 0.0546875
1 0.96875 0.815625 0.0625 0.16875
3 0.77578125 0.503125 0.1671875 0.18984375
3 0.19453125 0.41875 0.09765625 0.12265625
0 0.590625 0.32109375 0.04453125 0.06484375
3 0.559375 0.32109375 0.046875 0.0578125
3 0.5328125 0.34921875 0.06015625 0.0796875
3 0.5546875 0.39296875 0.05 0.0921875
3 0.50703125 0.3109375 0.03515625 0.07421875
3 0.52421875 0.28671875 0.0265625 0.05
3 0.36328125 0.3125 0.0265625 0.04375
1 0.38046875 0.3 0.0140625 0.0171875