1 0.41484375 0.25546875 0.01484375 0.0328125
1 0.48046875 0.2953125 0.02890625 0.05546875
1 0.396875 0.27109375 0.01171875 0.02421875
1 0.453125 0.2890625 0.01484375 0.03125
1 0.44375 0.24296875 0.0140625 0.02734375
1 0.6453125 0.94609375 0.15625 0.10234375
1 0.45625 0.24140625 0.01484375 0.02421875
1 0.4625 0.32265625 0.021875 0.05078125
1 0.228125 0.8640625 0.13125 0.1671875
1 0.4859375 0.39375 0.0359375 0.05078125
1 0.39296875 0.32265625 0.021875 0.03828125
1 0.37578125 0.3671875 0.02890625 0.040625
1 0.55390625 0.58359375 0.0703125 0.125
1 0.57734375 0.7328125 0.103125 0.15859375
3 0.61328125 0.5109375 0.07421875 0.13984375
1 0.60859375 0.82890625 0.1171875 0.16015625
1 0.346875 0.4390625 0.0578125 0.07578125
3 0.246875 0.3609375 0.06875 0.08984375
1 0.50390625 0.4703125 0.04296875 0.07421875
1 0.5078125 0.32578125 0.02578125 0.05546875
1 0.5703125 0.42890625 0.03828125 0.0640625
3 0.6765625 0.38125 0.096875 0.11171875
3 0.73359375 0.471875 0.08125 0.14921875
3 0.93125 0.5703125 0.1375 0.1625
3 0.853125 0.63125 0.2140625 0.23046875
3 0.21484375 0.49609375 0.09765625 0.13359375
3 0.90625 0.82578125 0.1875 0.34765625