1 0.1796875 0.92578125 0.178125 0.14765625
1 0.5296875 0.471875 0.05703125 0.08125
1 0.50234375 0.41015625 0.03984375 0.05234375
1 0.36953125 0.38125 0.03203125 0.0375
1 0.73359375 0.97421875 0.1390625 0.046875
1 0.4625 0.31640625 0.01796875 0.0265625
1 0.7015625 0.61328125 0.08671875 0.15390625
1 0.48203125 0.3671875 0.02890625 0.0359375
3 0.5078125 0.32265625 0.0265625 0.04453125
1 0.3953125 0.309375 0.01875 0.0203125
1 0.9375 0.928125 0.12421875 0.1390625
1 0.3265625 0.37421875 0.02890625 0.0375
1 0.37734375 0.3453125 0.02578125 0.0265625
1 0.37421875 0.3 0.01484375 0.0171875
0 0.2015625 0.521875 0.1484375 0.2125
3 0.06015625 0.5640625 0.1203125 0.2171875
3 0.5265625 0.30234375 0.034375 0.06015625
3 0.475 0.28125 0.02109375 0.034375