3 0.5265625 0.34765625 0.04375 0.075
1 0.47890625 0.36640625 0.03359375 0.03203125
1 0.50390625 0.521875 0.05546875 0.096875
3 0.590625 0.3515625 0.04921875 0.0765625
1 0.54375 0.6484375 0.0875 0.1359375
1 0.56953125 0.44765625 0.040625 0.078125
3 0.9015625 0.82421875 0.18671875 0.34609375
1 0.48046875 0.396875 0.03671875 0.0453125
3 0.846875 0.69453125 0.2265625 0.3078125
1 0.4921875 0.41015625 0.03125 0.0234375
3 0.49765625 0.309375 0.034375 0.05859375
3 0.8375 0.51328125 0.203125 0.1953125
3 0.60078125 0.47421875 0.059375 0.1140625
1 0.53203125 0.5734375 0.071875 0.11015625
1 0.4734375 0.346875 0.02578125 0.02734375
1 0.54375 0.3828125 0.03359375 0.05078125
3 0.6765625 0.43046875 0.0734375 0.1171875
1 0.59296875 0.91484375 0.14375 0.1703125
1 0.68359375 0.7625 0.1390625 0.2109375
1 0.259375 0.74609375 0.1109375 0.1515625
3 0.65 0.53046875 0.1140625 0.1859375
1 0.5578125 0.40390625 0.04140625 0.05859375
3 0.60859375 0.38828125 0.0625 0.071875
3 0.4921875 0.44921875 0.05390625 0.07734375
1 0.33359375 0.4984375 0.05625 0.0734375
0 0.278125 0.4203125 0.09453125 0.1421875
1 0.34921875 0.33984375 0.0234375 0.0359375
3 0.33359375 0.303125 0.0234375 0.03984375
3 0.36484375 0.296875 0.03203125 0.04921875
3 0.39453125 0.2734375 0.0171875 0.0265625
3 0.38125 0.25859375 0.015625 0.0234375
3 0.72734375 0.62734375 0.05 0.146875