1 0.66484375 0.85390625 0.13984375 0.2125
1 0.56484375 0.6328125 0.08515625 0.12265625
1 0.525 0.54375 0.06875 0.1015625
1 0.16015625 0.63046875 0.09453125 0.1109375
4 0.34453125 0.4625 0.0484375 0.07265625
1 0.57421875 0.42890625 0.0453125 0.0625
1 0.790625 0.7625 0.1265625 0.17890625
1 0.25859375 0.4890625 0.0609375 0.07578125
1 0.934375 0.7375 0.121875 0.14296875
1 0.62578125 0.4125 0.0515625 0.06015625
1 0.50546875 0.47109375 0.0484375 0.0671875
1 0.36875 0.39375 0.0359375 0.04296875
1 0.8796875 0.56328125 0.08671875 0.10546875
1 0.64140625 0.54375 0.07890625 0.12265625
1 0.5875 0.365625 0.0296875 0.03984375
1 0.3015625 0.42421875 0.04609375 0.059375
1 0.61640625 0.3828125 0.034375 0.04140625
1 0.82109375 0.6109375 0.10390625 0.12734375
3 0.32578125 0.31796875 0.025 0.0375
1 0.3875 0.3515625 0.02421875 0.03515625
3 0.35078125 0.3296875 0.03125 0.06015625
1 0.49375 0.40078125 0.040625 0.040625
1 0.39296875 0.32734375 0.02421875 0.0265625
3 0.91171875 0.88359375 0.17578125 0.2328125
3 0.7484375 0.4859375 0.15078125 0.16640625
3 0.1078125 0.48671875 0.1375 0.16015625
3 0.553125 0.39140625 0.05234375 0.0984375
3 0.53203125 0.3515625 0.04921875 0.08203125
3 0.50625 0.3125 0.03515625 0.07265625
3 0.55546875 0.31796875 0.04453125 0.05390625
0 0.5859375 0.31953125 0.04296875 0.05625
1 0.5015625 0.4375 0.0421875 0.04609375