1 0.38359375 0.28828125 0.0125 0.01953125
0 0.40234375 0.26953125 0.01640625 0.0296875
3 0.4 0.3125 0.01953125 0.0296875
1 0.4484375 0.27578125 0.01328125 0.03359375
4 0.51484375 0.45859375 0.046875 0.0875
1 0.45546875 0.29140625 0.0140625 0.025
1 0.38125 0.35390625 0.02578125 0.03671875
1 0.5640625 0.60546875 0.078125 0.1265625
1 0.54375 0.37421875 0.03203125 0.04375
3 0.54453125 0.31953125 0.03515625 0.05234375
3 0.36640625 0.31171875 0.01796875 0.021875
1 0.496875 0.32734375 0.021875 0.028125
1 0.4703125 0.33828125 0.02265625 0.028125
1 0.353125 0.30546875 0.0109375 0.0171875
0 0.27890625 0.57421875 0.1546875 0.26328125
1 0.46171875 0.3109375 0.01796875 0.0265625
3 0.1 0.62265625 0.2 0.4015625
1 0.64921875 0.56796875 0.0734375 0.11171875
3 0.50625 0.278125 0.0203125 0.03359375