1 0.5453125 0.65390625 0.08671875 0.1421875
1 0.475 0.28203125 0.02109375 0.0328125
3 0.678125 0.43125 0.07734375 0.1171875
1 0.6890625 0.78046875 0.14140625 0.21796875
1 0.49609375 0.31015625 0.03125 0.05546875
1 0.46171875 0.33125 0.025 0.046875
3 0.8421875 0.515625 0.2046875 0.19140625
1 0.50390625 0.5203125 0.05390625 0.0984375
1 0.4796875 0.37890625 0.03203125 0.05078125
1 0.5296875 0.5734375 0.07109375 0.109375
1 0.59296875 0.34765625 0.040625 0.05703125
1 0.54296875 0.384375 0.0328125 0.05390625
1 0.525 0.34375 0.0390625 0.06484375
1 0.56015625 0.403125 0.0375 0.05625
3 0.36640625 0.30625 0.02890625 0.06875
1 0.33828125 0.478125 0.06796875 0.075
1 0.27734375 0.68671875 0.10703125 0.14609375
3 0.6484375 0.5453125 0.1078125 0.165625
0 0.28515625 0.409375 0.0953125 0.13515625
1 0.59140625 0.909375 0.1328125 0.18125
3 0.85546875 0.77265625 0.2890625 0.4546875