3 0.190625 0.43359375 0.09375 0.12578125
1 0.3140625 0.4140625 0.046875 0.04609375
1 0.95078125 0.76640625 0.0953125 0.18125
1 0.5765625 0.68359375 0.1046875 0.1609375
1 0.6515625 0.9390625 0.18125 0.121875
0 0.75078125 0.64609375 0.25546875 0.321875
1 0.36953125 0.38125 0.0421875 0.0390625
4 0.51640625 0.51953125 0.0609375 0.09375
1 0.5921875 0.4859375 0.065625 0.07265625
1 0.39375 0.32890625 0.02109375 0.03046875
3 0.69453125 0.41015625 0.10390625 0.10625
1 0.625 0.4109375 0.0390625 0.0390625
1 0.571875 0.43828125 0.0421875 0.05546875
1 0.503125 0.46875 0.046875 0.0765625
3 0.54921875 0.378125 0.06328125 0.09453125
3 0.59765625 0.359375 0.0609375 0.0875
1 0.4875 0.4046875 0.034375 0.0359375
3 0.51796875 0.33671875 0.0515625 0.0796875
3 0.46796875 0.33125 0.03828125 0.0625
1 0.47734375 0.3703125 0.0375 0.040625
0 0.35546875 0.2890625 0.0359375 0.04375