1 0.2484375 0.821875 0.13203125 0.1671875
1 0.51640625 0.5046875 0.05859375 0.0765625
1 0.68203125 0.946875 0.1546875 0.10625
1 0.709375 0.4953125 0.0609375 0.06484375
1 0.721875 0.44375 0.05078125 0.0578125
1 0.65625 0.440625 0.04140625 0.06015625
1 0.36953125 0.40859375 0.03828125 0.03984375
1 0.3875 0.353125 0.02734375 0.0359375
1 0.39375 0.31796875 0.0203125 0.02578125
1 0.48515625 0.38515625 0.03203125 0.0421875
1 0.47890625 0.3578125 0.03046875 0.0296875
1 0.51640625 0.3515625 0.025 0.034375
1 0.53515625 0.3734375 0.0234375 0.0375
1 0.5046875 0.32890625 0.01875 0.025
1 0.52578125 0.29296875 0.0140625 0.01875
3 0.0234375 0.67109375 0.046875 0.1859375
3 0.2296875 0.4640625 0.1203125 0.17265625
3 0.31015625 0.3609375 0.059375 0.0890625
3 0.75625 0.68359375 0.265625 0.28046875
3 0.6109375 0.45859375 0.07890625 0.1375
3 0.57734375 0.34140625 0.0390625 0.05078125
3 0.55703125 0.39609375 0.0390625 0.06484375
4 0.353125 0.45234375 0.04765625 0.0578125