1 0.6625 0.9203125 0.153125 0.159375
1 0.5859375 0.7453125 0.10703125 0.178125
1 0.90703125 0.66953125 0.1109375 0.125
1 0.82265625 0.80234375 0.134375 0.165625
1 0.55390625 0.60390625 0.08203125 0.11953125
1 0.78359375 0.578125 0.0890625 0.1109375
1 0.53203125 0.54140625 0.065625 0.09296875
1 0.5140625 0.5 0.0578125 0.08203125
1 0.3765625 0.36953125 0.03125 0.04296875
1 0.46953125 0.35703125 0.03203125 0.0375
1 0.51484375 0.4609375 0.0515625 0.05546875
1 0.49140625 0.3953125 0.03828125 0.034375
3 0.57890625 0.40859375 0.075 0.11484375
3 0.3390625 0.29296875 0.034375 0.05078125
3 0.52734375 0.3375 0.04296875 0.0875
3 0.58515625 0.34296875 0.04375 0.0484375