1 0.521875 0.35859375 0.02734375 0.03984375
3 0.66328125 0.415625 0.0953125 0.17421875
1 0.56328125 0.346875 0.02734375 0.04296875
1 0.503125 0.4265625 0.0453125 0.07265625
1 0.4 0.296875 0.015625 0.02109375
3 0.8796875 0.77890625 0.234375 0.44140625
3 0.67890625 0.5984375 0.0828125 0.1171875
1 0.57890625 0.36484375 0.0234375 0.03125
1 0.509375 0.49375 0.0546875 0.08203125
1 0.32265625 0.375 0.0328125 0.046875
1 0.36328125 0.325 0.02421875 0.034375
1 0.37265625 0.4015625 0.0328125 0.04609375
3 0.5828125 0.4359375 0.0703125 0.1125
1 0.67109375 0.93515625 0.1609375 0.128125
1 0.28203125 0.4921875 0.0625 0.0796875
3 0.6015625 0.36640625 0.02734375 0.0453125
3 0.7828125 0.5890625 0.07578125 0.1140625
1 0.54375 0.33203125 0.0265625 0.03828125
3 0.3390625 0.30234375 0.01875 0.0328125
3 0.51328125 0.3265625 0.04140625 0.06015625
1 0.54296875 0.603125 0.07890625 0.12421875