3 0.12109375 0.67109375 0.1515625 0.18359375
1 0.87734375 0.56796875 0.08125 0.09375
1 0.39296875 0.33828125 0.02265625 0.03359375
0 0.52890625 0.46875 0.10234375 0.17890625
1 0.30546875 0.39296875 0.04296875 0.06796875
1 0.7421875 0.459375 0.0515625 0.06796875
1 0.296875 0.64453125 0.08984375 0.1171875
1 0.36875 0.3046875 0.01953125 0.03671875
1 0.15625 0.5 0.06328125 0.0625
1 0.35078125 0.45078125 0.04765625 0.0609375
3 0.25625 0.45625 0.065625 0.11484375
3 0.76640625 0.55703125 0.1234375 0.1578125
1 0.48125 0.3703125 0.0328125 0.04375
1 0.34609375 0.29609375 0.01796875 0.02890625
1 0.334375 0.36171875 0.0375 0.071875
1 0.59921875 0.44765625 0.0625 0.1109375
1 0.57109375 0.33125 0.034375 0.02734375
1 0.384375 0.278125 0.01875 0.028125
3 0.2578125 0.36953125 0.05546875 0.0765625
1 0.51640625 0.33515625 0.02421875 0.034375
1 0.55234375 0.3109375 0.02265625 0.028125
1 0.35859375 0.2859375 0.0171875 0.03046875
1 0.546875 0.35625 0.04140625 0.05234375
1 0.4921875 0.303125 0.028125 0.04453125
1 0.38359375 0.3703125 0.03046875 0.0328125
0 0.65390625 0.40625 0.0890625 0.14453125
3 0.9703125 0.75546875 0.059375 0.23984375
1 0.384375 0.2921875 0.01640625 0.0234375
1 0.40703125 0.29296875 0.015625 0.021875
1 0.48515625 0.2828125 0.02265625 0.0359375
1 0.51875 0.30546875 0.021875 0.02734375
1 0.19765625 0.95546875 0.18359375 0.084375
1 0.2578125 0.55 0.05859375 0.0984375
1 0.51796875 0.28515625 0.0203125 0.03046875
1 0.45390625 0.240625 0.0140625 0.01875
1 0.46953125 0.246875 0.0109375 0.0171875
1 0.47421875 0.34375 0.02578125 0.03359375
1 0.403125 0.25390625 0.00859375 0.01796875
1 0.53671875 0.62109375 0.07421875 0.13203125
1 0.4484375 0.24765625 0.01796875 0.0296875
1 0.46640625 0.27109375 0.01640625 0.028125
1 0.29765625 0.728125 0.07890625 0.1109375
1 0.459375 0.3109375 0.0203125 0.0296875