1 0.4984375 0.41796875 0.03828125 0.05859375
1 0.4625 0.37890625 0.0296875 0.04296875
3 0.653125 0.33828125 0.02421875 0.03828125
1 0.4921875 0.3265625 0.0203125 0.03046875
1 0.6421875 0.42578125 0.04375 0.0578125
3 0.46640625 0.3078125 0.03125 0.04765625
4 0.51484375 0.36484375 0.02734375 0.0453125
1 0.678125 0.33515625 0.0203125 0.0296875
1 0.5203125 0.3046875 0.01640625 0.025
1 0.40625 0.62734375 0.08515625 0.14921875
3 0.303125 0.4609375 0.08203125 0.0984375
1 0.62578125 0.30078125 0.01484375 0.02109375
0 0.60859375 0.278125 0.01640625 0.028125
0 0.2671875 0.60390625 0.13046875 0.21640625
1 0.60859375 0.3515625 0.02734375 0.0453125