1 0.028125 0.83203125 0.05625 0.17421875
1 0.15703125 0.92578125 0.1765625 0.14765625
1 0.75625 0.821875 0.1546875 0.18984375
1 0.96171875 0.9046875 0.0703125 0.190625
3 0.9671875 0.6296875 0.0625 0.19765625
1 0.8109375 0.559375 0.08671875 0.0953125
1 0.440625 0.571875 0.0859375 0.1046875
1 0.67578125 0.521875 0.07421875 0.0765625
3 0.29296875 0.47890625 0.078125 0.11796875
3 0.35390625 0.421875 0.06015625 0.0703125
3 0.40390625 0.4171875 0.08984375 0.14453125
0 0.4875 0.44140625 0.09453125 0.14921875
1 0.64921875 0.43984375 0.05 0.05703125
3 0.72265625 0.4109375 0.0828125 0.1046875
3 0.74140625 0.3359375 0.0765625 0.065625
3 0.67890625 0.30859375 0.04453125 0.071875
1 0.62265625 0.384375 0.03125 0.0390625
1 0.66484375 0.36796875 0.03046875 0.0421875
1 0.61328125 0.35546875 0.0265625 0.0296875
1 0.65 0.33984375 0.025 0.02890625
4 0.60390625 0.32734375 0.02734375 0.040625
1 0.47578125 0.34921875 0.0296875 0.03203125