4 0.1953125 0.91640625 0.178125 0.1671875
1 0.06796875 0.7984375 0.1359375 0.18203125
1 0.3078125 0.56015625 0.08046875 0.1015625
3 0.5765625 0.8265625 0.1359375 0.24765625
1 0.33203125 0.44375 0.0453125 0.0703125
3 0.925 0.8625 0.15 0.275
3 0.7625 0.71953125 0.13125 0.259375
3 0.70703125 0.44140625 0.1171875 0.11953125
3 0.95546875 0.63125 0.0890625 0.2625
1 0.61171875 0.70390625 0.103125 0.15546875
1 0.540625 0.56953125 0.08203125 0.10546875
1 0.67421875 0.59375 0.08046875 0.11484375
1 0.846875 0.6375 0.084375 0.1265625
1 0.828125 0.521875 0.06171875 0.071875
1 0.7546875 0.55078125 0.08046875 0.0828125
1 0.60859375 0.4765625 0.05390625 0.07265625
1 0.52421875 0.515625 0.0625 0.09375
1 0.37734375 0.3875 0.03515625 0.046875
3 0.31796875 0.3828125 0.03984375 0.096875
3 0.5515625 0.38984375 0.04765625 0.08984375
1 0.57109375 0.4203125 0.0390625 0.05
1 0.50625 0.46875 0.0515625 0.07578125
1 0.48984375 0.40234375 0.03984375 0.046875
1 0.38515625 0.35390625 0.0328125 0.02578125
1 0.396875 0.31796875 0.0234375 0.025
1 0.36953125 0.3171875 0.02109375 0.0234375