3 0.21484375 0.48359375 0.15234375 0.20546875
1 0.2828125 0.68125 0.109375 0.11875
1 0.34453125 0.47265625 0.05234375 0.06328125
3 0.82109375 0.82265625 0.1703125 0.17265625
3 0.68984375 0.44140625 0.10546875 0.1328125
1 0.553125 0.62109375 0.084375 0.12109375
1 0.7171875 0.62109375 0.08828125 0.11015625
1 0.53125 0.49375 0.06015625 0.0875
3 0.55625 0.3796875 0.0640625 0.10390625
1 0.36640625 0.39609375 0.03671875 0.0484375
3 0.359375 0.3046875 0.034375 0.0515625
1 0.3875 0.346875 0.0265625 0.04296875
1 0.4796875 0.37265625 0.03671875 0.05390625