1 0.59609375 0.74296875 0.11328125 0.17734375
1 0.6828125 0.58359375 0.08203125 0.1203125
1 0.259375 0.66328125 0.0921875 0.1328125
1 0.51171875 0.49140625 0.05234375 0.0828125
1 0.2484375 0.49453125 0.06328125 0.0765625
1 0.775 0.4953125 0.0671875 0.06875
1 0.18125 0.4546875 0.0546875 0.0671875
3 0.3515625 0.4921875 0.05234375 0.08046875
1 0.50078125 0.42734375 0.04453125 0.059375
1 0.59140625 0.45 0.04765625 0.0734375
1 0.29921875 0.41328125 0.04296875 0.0578125
4 0.23203125 0.41015625 0.04296875 0.0546875
1 0.3640625 0.425 0.03984375 0.0546875
3 0.0375 0.60546875 0.075 0.1109375
1 0.59921875 0.35078125 0.02578125 0.03515625
1 0.478125 0.365625 0.02890625 0.0390625
1 0.575 0.33125 0.02265625 0.03046875
4 0.465625 0.334375 0.025 0.03671875
1 0.54453125 0.32734375 0.02578125 0.0375
1 0.384375 0.36328125 0.02890625 0.0390625
3 0.88125 0.81328125 0.2375 0.3734375
3 0.053125 0.828125 0.10625 0.34375
3 0.296875 0.33359375 0.04453125 0.075
3 0.3328125 0.33984375 0.05 0.0828125
3 0.67734375 0.4453125 0.07265625 0.11015625
3 0.63046875 0.4 0.0484375 0.08671875
1 0.66640625 0.38984375 0.0375 0.0234375
3 0.5109375 0.32734375 0.03671875 0.06328125
3 0.3515625 0.284375 0.0265625 0.028125
1 0.3875 0.3390625 0.02578125 0.028125
1 0.396875 0.315625 0.01953125 0.025
3 0.38671875 0.28359375 0.01953125 0.034375
1 0.38125 0.3 0.01484375 0.01875