0 0.046875 0.8359375 0.09375 0.328125
3 0.0859375 0.5625 0.171875 0.253125
4 0.50625 0.48515625 0.06484375 0.10546875
4 0.31015625 0.58359375 0.07578125 0.1078125
1 0.375 0.37109375 0.03203125 0.05
4 0.70390625 0.62265625 0.09296875 0.13984375
4 0.4796875 0.35 0.025 0.04375
1 0.39296875 0.33828125 0.02421875 0.03203125
1 0.49140625 0.30234375 0.0203125 0.0359375
3 0.2734375 0.4265625 0.0953125 0.1453125
3 0.19765625 0.42109375 0.08515625 0.10625
1 0.3734375 0.2875 0.02109375 0.02890625
1 0.46015625 0.3046875 0.015625 0.021875
1 0.446875 0.265625 0.0125 0.025
1 0.47734375 0.2828125 0.01640625 0.02890625
1 0.41796875 0.34921875 0.02265625 0.028125
1 0.56015625 0.45390625 0.05859375 0.08359375
3 0.33515625 0.3375 0.05546875 0.0734375