1 0.61640625 0.50078125 0.0703125 0.09296875
1 0.57734375 0.65390625 0.10546875 0.17109375
3 0.23984375 0.38828125 0.05234375 0.08046875
1 0.51875 0.50234375 0.05859375 0.08203125
3 0.7890625 0.725 0.25234375 0.3546875
1 0.5015625 0.44140625 0.04609375 0.06328125
3 0.60625 0.38671875 0.040625 0.0609375
1 0.4828125 0.3875 0.03203125 0.0453125
3 0.69921875 0.4609375 0.07265625 0.11328125
3 0.53203125 0.34765625 0.046875 0.06953125
1 0.6375 0.428125 0.046875 0.0578125
1 0.5578125 0.41640625 0.0453125 0.0578125
1 0.3125 0.5328125 0.0703125 0.09375
1 0.39921875 0.3015625 0.01484375 0.01953125
3 0.50859375 0.328125 0.03046875 0.05078125
1 0.37734375 0.29921875 0.01640625 0.02109375
1 0.46796875 0.3359375 0.03046875 0.046875
3 0.85859375 0.5734375 0.2375 0.35546875
1 0.68515625 0.909375 0.1734375 0.18125