3 0.534375 0.61953125 0.07890625 0.14375
1 0.61015625 0.8734375 0.14375 0.23515625
1 0.57734375 0.73359375 0.1015625 0.1640625
3 0.61875 0.50234375 0.071875 0.1359375
3 0.54765625 0.38828125 0.0578125 0.0984375
3 0.92265625 0.840625 0.1546875 0.31875
3 0.66796875 0.54375 0.11015625 0.20390625
1 0.46875 0.33828125 0.02890625 0.03046875
1 0.5015625 0.42421875 0.04140625 0.03046875
1 0.5953125 0.44453125 0.040625 0.0578125
1 0.47890625 0.36328125 0.02890625 0.0390625
1 0.52890625 0.5234375 0.05546875 0.06875
1 0.4859375 0.4140625 0.03359375 0.04375
1 0.5046875 0.46328125 0.04453125 0.0671875
1 0.38671875 0.34140625 0.025 0.0359375
3 0.72109375 0.47890625 0.0953125 0.15859375
1 0.6078125 0.40390625 0.02734375 0.04375
3 0.66640625 0.38359375 0.0984375 0.128125
1 0.48359375 0.296875 0.02265625 0.04375
3 0.21875 0.3875 0.08046875 0.115625
1 0.4 0.29140625 0.01796875 0.02265625
3 0.50625 0.303125 0.03828125 0.06015625
3 0.3890625 0.25234375 0.0140625 0.0234375
3 0.3703125 0.30234375 0.03046875 0.04765625
1 0.40546875 0.24921875 0.01015625 0.0171875
3 0.89609375 0.57109375 0.1609375 0.14296875
3 0.14140625 0.5921875 0.12265625 0.1796875
3 0.7328125 0.63828125 0.03671875 0.1453125
1 0.51640625 0.490625 0.05234375 0.07265625
3 0.3140625 0.51796875 0.0625 0.09296875
4 0.3640625 0.39609375 0.0375 0.046875
3 0.33203125 0.31328125 0.021875 0.04140625
1 0.39921875 0.3109375 0.0234375 0.034375
3 0.5171875 0.33984375 0.0359375 0.0671875
1 0.48671875 0.38828125 0.04609375 0.040625
3 0.85234375 0.7140625 0.23359375 0.35078125
3 0.5828125 0.35 0.05703125 0.078125
1 0.56953125 0.425 0.03671875 0.05859375
1 0.55859375 0.57421875 0.0765625 0.10390625