1 0.7109375 0.64296875 0.09140625 0.11640625
1 0.521875 0.51484375 0.06484375 0.08828125
1 0.5640625 0.63046875 0.08515625 0.1203125
1 0.49609375 0.440625 0.0390625 0.05859375
1 0.62265625 0.4125 0.0375 0.05390625
1 0.65703125 0.934375 0.15625 0.12734375
1 0.3578125 0.41953125 0.040625 0.0546875
1 0.39765625 0.3171875 0.0171875 0.0234375
1 0.478125 0.38671875 0.03359375 0.05859375
3 0.5671875 0.3890625 0.07578125 0.14921875
1 0.35859375 0.32890625 0.02734375 0.0453125
1 0.47265625 0.3515625 0.02734375 0.040625
3 0.30625 0.32421875 0.028125 0.0453125
3 0.80859375 0.55 0.13984375 0.1625
0 0.68515625 0.4265625 0.08515625 0.12890625