3 0.94921875 0.90546875 0.1015625 0.1890625
3 0.70703125 0.565625 0.1234375 0.209375
3 0.6765625 0.44140625 0.07265625 0.1
3 0.53203125 0.30546875 0.03125 0.0515625
3 0.5015625 0.278125 0.0203125 0.04453125
3 0.478125 0.28203125 0.02265625 0.059375
1 0.57734375 0.575 0.0734375 0.12109375
1 0.35546875 0.4375 0.046875 0.06015625
1 0.390625 0.35859375 0.03125 0.0359375
1 0.496875 0.4078125 0.0375 0.0625
1 0.53203125 0.3703125 0.03203125 0.03828125
1 0.3453125 0.34296875 0.02578125 0.04296875
1 0.5046875 0.3265625 0.02109375 0.03125
1 0.46015625 0.31015625 0.0171875 0.01953125
4 0.48359375 0.36015625 0.03125 0.04609375
1 0.39140625 0.3375 0.028125 0.02734375