3 0.3671875 0.49765625 0.090625 0.159375
3 0.4234375 0.42734375 0.08203125 0.13828125
0 0.4640625 0.353125 0.04921875 0.08671875
1 0.44765625 0.5921875 0.0765625 0.12109375
1 0.63203125 0.40625 0.034375 0.04453125
1 0.6078125 0.32890625 0.02109375 0.0265625
1 0.52265625 0.35 0.0265625 0.03203125
1 0.509375 0.41796875 0.0375 0.05859375
1 0.2765625 0.74375 0.13125 0.17890625
3 0.2140625 0.571875 0.196875 0.1640625
3 0.41796875 0.33359375 0.04609375 0.05
3 0.359375 0.3921875 0.05625 0.08203125
3 0.6375 0.3046875 0.0234375 0.04140625
4 0.67109375 0.36015625 0.034375 0.053125
1 0.67578125 0.32109375 0.02265625 0.02265625