3 0.93046875 0.665625 0.13828125 0.38671875
3 0.5609375 0.384375 0.065625 0.11875
1 0.2984375 0.33671875 0.034375 0.05078125
1 0.57109375 0.67890625 0.096875 0.13984375
3 0.64140625 0.42265625 0.0484375 0.06484375
1 0.4953125 0.4265625 0.040625 0.05546875
3 0.784375 0.546875 0.1046875 0.15546875
3 0.15859375 0.47421875 0.07890625 0.1046875
1 0.340625 0.47890625 0.05546875 0.06640625
1 0.7046875 0.93515625 0.19453125 0.1296875
1 0.6 0.48515625 0.06171875 0.08046875
1 0.69140625 0.4859375 0.059375 0.07578125
1 0.5375 0.53046875 0.0625 0.08984375
1 0.47734375 0.3828125 0.0359375 0.046875
1 0.38203125 0.3515625 0.0265625 0.03671875
3 0.52109375 0.34140625 0.03203125 0.053125
1 0.73828125 0.68515625 0.1234375 0.16484375