1 0.325 0.53671875 0.07578125 0.0828125
3 0.28828125 0.428125 0.06171875 0.0859375
1 0.38125 0.36171875 0.0296875 0.05
1 0.70625 0.94921875 0.1515625 0.1015625
4 0.58125 0.6953125 0.10546875 0.190625
1 0.51875 0.53828125 0.0671875 0.1
3 0.77265625 0.6578125 0.25 0.37109375
3 0.62421875 0.46640625 0.084375 0.13671875
0 0.68828125 0.43359375 0.084375 0.09296875
0 0.64453125 0.37265625 0.0625 0.0796875
3 0.534375 0.3484375 0.053125 0.10234375
1 0.50390625 0.45390625 0.05078125 0.05703125
1 0.48984375 0.4109375 0.04140625 0.04375
1 0.5921875 0.375 0.03359375 0.04609375
1 0.40390625 0.3015625 0.0203125 0.0203125
1 0.47734375 0.37890625 0.034375 0.02578125