3 0.30078125 0.40078125 0.04453125 0.05625
1 0.2859375 0.475 0.06328125 0.071875
1 0.32734375 0.5421875 0.084375 0.08984375
1 0.50390625 0.4421875 0.05078125 0.06640625
3 0.5890625 0.434375 0.08046875 0.1171875
3 0.71328125 0.51484375 0.11484375 0.15390625
3 0.5234375 0.34453125 0.0578125 0.0765625
0 0.35078125 0.3265625 0.05703125 0.0578125
3 0.2921875 0.33828125 0.04609375 0.05390625
1 0.36953125 0.40234375 0.0390625 0.059375
1 0.39375 0.3421875 0.03984375 0.04375
1 0.45546875 0.3 0.0234375 0.028125