3 0.1796875 0.41875 0.1234375 0.1671875
3 0.3046875 0.37421875 0.06484375 0.1125
3 0.84453125 0.590625 0.134375 0.20546875
3 0.7859375 0.71328125 0.1671875 0.29296875
3 0.0609375 0.83671875 0.115625 0.2
3 0.540625 0.37734375 0.03828125 0.078125
3 0.65078125 0.42421875 0.04921875 0.08046875
3 0.5125 0.32265625 0.03125 0.05390625
3 0.59296875 0.35546875 0.0640625 0.0890625
3 0.93203125 0.86953125 0.13515625 0.253125
3 0.5390625 0.31484375 0.0265625 0.04375
1 0.575 0.63671875 0.109375 0.15390625
1 0.5046875 0.47734375 0.05859375 0.078125
1 0.57578125 0.43203125 0.06328125 0.078125
1 0.7734375 0.47890625 0.06640625 0.08203125
4 0.70078125 0.48984375 0.06796875 0.08984375
1 0.61015625 0.51171875 0.059375 0.084375
1 0.4890625 0.4046875 0.04140625 0.0515625
1 0.48203125 0.365625 0.03671875 0.04296875