1 0.5921875 0.80859375 0.13828125 0.22890625
3 0.91953125 0.84296875 0.15390625 0.30546875
1 0.54765625 0.63671875 0.0953125 0.14765625
1 0.51875 0.5734375 0.059375 0.1078125
1 0.49609375 0.42578125 0.04296875 0.06015625
3 0.3375 0.33984375 0.04375 0.09609375
1 0.41875 0.25234375 0.009375 0.0234375
1 0.58828125 0.45078125 0.053125 0.0859375
1 0.571875 0.4265625 0.0359375 0.059375
1 0.39765625 0.31328125 0.015625 0.02890625
1 0.32421875 0.55703125 0.06640625 0.09765625
1 0.40859375 0.29140625 0.01484375 0.0328125
3 0.25234375 0.4671875 0.0640625 0.1515625
3 0.28828125 0.39375 0.05078125 0.08125
3 0.64921875 0.40234375 0.06328125 0.10234375
1 0.4796875 0.3796875 0.0328125 0.03984375
3 0.6109375 0.38125 0.04921875 0.090625
1 0.5078125 0.4953125 0.05625 0.09453125
3 0.390625 0.278125 0.0171875 0.03125
1 0.38203125 0.33984375 0.02265625 0.0359375
3 0.8375 0.52734375 0.1390625 0.10625
1 0.46484375 0.32421875 0.02265625 0.03125
1 0.46796875 0.34609375 0.0265625 0.03828125
3 0.67421875 0.55625 0.1140625 0.1828125
4 0.371875 0.3921875 0.03515625 0.05703125