3 0.303125 0.37265625 0.0671875 0.08828125
3 0.25703125 0.3734375 0.04296875 0.06796875
3 0.09609375 0.6671875 0.1921875 0.3359375
3 0.1890625 0.915625 0.16875 0.16875
1 0.675 0.896875 0.1625 0.20625
1 0.6390625 0.5234375 0.08125 0.0984375
4 0.50703125 0.4546875 0.05625 0.07421875
3 0.52734375 0.33671875 0.03359375 0.0671875
1 0.5 0.32265625 0.0234375 0.03203125
1 0.4703125 0.34453125 0.02890625 0.03203125
1 0.38515625 0.33125 0.02734375 0.0234375
1 0.4 0.30703125 0.01796875 0.01875
3 0.39609375 0.26171875 0.01640625 0.02578125
3 0.37421875 0.26796875 0.01640625 0.03359375