3 0.32421875 0.5609375 0.21640625 0.36328125
3 0.17109375 0.5625 0.18359375 0.25859375
3 0.68125 0.36953125 0.0421875 0.0703125
3 0.7078125 0.6765625 0.0921875 0.12109375
3 0.515625 0.28359375 0.02265625 0.0359375
3 0.621875 0.26875 0.0109375 0.01328125
3 0.58125 0.23203125 0.0140625 0.02421875
3 0.60234375 0.3203125 0.0203125 0.0265625
3 0.53515625 0.24296875 0.01953125 0.0265625
1 0.48203125 0.49765625 0.059375 0.08828125
3 0.4578125 0.36484375 0.06171875 0.1203125
3 0.51328125 0.3703125 0.0578125 0.0984375
3 0.4015625 0.36328125 0.0609375 0.11328125
3 0.4703125 0.296875 0.015625 0.01953125
3 0.7359375 0.36953125 0.0375 0.0625
3 0.6234375 0.2296875 0.01328125 0.0296875
3 0.58125 0.30390625 0.0125 0.0359375
3 0.53515625 0.27734375 0.01875 0.04296875
3 0.6046875 0.265625 0.0125 0.02421875
3 0.59140625 0.2890625 0.015625 0.03359375
3 0.55 0.23671875 0.015625 0.01953125
3 0.58203125 0.35546875 0.0234375 0.04453125
3 0.83671875 0.325 0.0125 0.0234375
3 0.596875 0.403125 0.0265625 0.04375
1 0.63125 0.39453125 0.0359375 0.04609375
3 0.49296875 0.2796875 0.025 0.03515625
3 0.6375 0.30546875 0.02890625 0.05
3 0.484375 0.29296875 0.0234375 0.03984375
3 0.553125 0.2515625 0.0171875 0.03046875
3 0.553125 0.33984375 0.01640625 0.05
3 0.50078125 0.31796875 0.01953125 0.02421875
3 0.53828125 0.31328125 0.02109375 0.02578125
3 0.584375 0.27578125 0.01640625 0.04140625
3 0.53984375 0.33671875 0.01484375 0.03671875
3 0.6109375 0.3546875 0.025 0.0390625
1 0.340625 0.38984375 0.0328125 0.03984375
3 0.61640625 0.25078125 0.01171875 0.02265625
3 0.9078125 0.68515625 0.16171875 0.1828125
3 0.7984375 0.3609375 0.03125 0.028125
3 0.675 0.28203125 0.01328125 0.01953125
3 0.4375 0.31640625 0.01640625 0.01875
3 0.5515625 0.2703125 0.01328125 0.02578125
3 0.56171875 0.2375 0.0140625 0.021875
3 0.3640625 0.3984375 0.046875 0.0390625
3 0.6046875 0.21796875 0.0171875 0.01875
3 0.51328125 0.303125 0.01875 0.034375
3 0.60234375 0.21015625 0.01171875 0.01328125
3 0.60703125 0.45546875 0.01328125 0.03125
3 0.66328125 0.346875 0.00859375 0.015625
3 0.66484375 0.35703125 0.009375 0.03125
3 0.70625 0.2828125 0.03359375 0.03046875
3 0.653125 0.23203125 0.0109375 0.0203125
3 0.60078125 0.22890625 0.0296875 0.03203125
3 0.63125 0.2296875 0.01484375 0.028125
3 0.62265625 0.2796875 0.01640625 0.021875
3 0.26953125 0.43984375 0.025 0.03359375
3 0.36640625 0.37265625 0.02890625 0.03515625
3 0.07578125 0.57421875 0.021875 0.04375
3 0.5765625 0.72734375 0.03125 0.053125
3 0.73671875 0.24375 0.03515625 0.0265625
3 0.30078125 0.43125 0.0515625 0.0375
3 0.46796875 0.2375 0.040625 0.02265625
3 0.68046875 0.32265625 0.02578125 0.03984375
3 0.540625 0.7703125 0.0796875 0.12890625
3 0.565625 0.52578125 0.04921875 0.115625
3 0.8234375 0.22421875 0.03671875 0.05390625
3 0.73515625 0.41484375 0.0359375 0.05546875
3 0.25234375 0.459375 0.03515625 0.03984375
3 0.66484375 0.20859375 0.01015625 0.025
3 0.63203125 0.4296875 0.0328125 0.04375
3 0.684375 0.41640625 0.034375 0.05
3 0.54609375 0.6921875 0.05078125 0.06171875
3 0.571875 0.63125 0.0625 0.1046875
3 0.540625 0.52265625 0.03046875 0.17578125
3 0.9640625 0.5953125 0.01875 0.04453125
3 0.85859375 0.23046875 0.04765625 0.04140625
3 0.5171875 0.22109375 0.0453125 0.01640625
3 0.56796875 0.4625 0.015625 0.06171875
3 0.7109375 0.759375 0.08359375 0.09921875
3 0.79609375 0.24765625 0.01171875 0.03203125
3 0.63203125 0.2984375 0.0140625 0.02734375