1 0.4296875 0.7453125 0.109375 0.171875
3 0.07890625 0.8421875 0.15703125 0.31484375
1 0.50625 0.41484375 0.03828125 0.0453125
1 0.48125 0.57734375 0.06015625 0.11328125
1 0.43046875 0.421875 0.0390625 0.05703125
3 0.7328125 0.37109375 0.04609375 0.0875
1 0.5359375 0.33671875 0.02578125 0.04609375
1 0.60703125 0.34140625 0.0234375 0.03515625
1 0.496875 0.4484375 0.0421875 0.0390625
3 0.90546875 0.62578125 0.1328125 0.19140625
1 0.2578125 0.89375 0.1796875 0.20546875
3 0.809375 0.51171875 0.0921875 0.159375
3 0.69296875 0.3921875 0.0609375 0.11796875
1 0.35390625 0.4140625 0.053125 0.065625
1 0.49140625 0.4890625 0.05703125 0.0875
1 0.2984375 0.47734375 0.05625 0.08046875
3 0.19921875 0.5109375 0.125 0.11875
1 0.5921875 0.29453125 0.015625 0.03046875
3 0.45703125 0.37109375 0.0453125 0.07109375
1 0.525 0.3671875 0.03125 0.04140625
1 0.5453125 0.3015625 0.02109375 0.04453125
1 0.5984375 0.31328125 0.01953125 0.03046875
1 0.384375 0.5078125 0.06875 0.12890625
1 0.671875 0.33203125 0.02890625 0.0609375
1 0.53359375 0.27890625 0.01640625 0.034375
1 0.61640625 0.28515625 0.021875 0.0375
4 0.67421875 0.51484375 0.075 0.10546875
4 0.6296875 0.38828125 0.04453125 0.065625
3 0.325 0.5546875 0.10390625 0.18984375
1 0.4421875 0.61953125 0.08203125 0.109375