1 0.5 0.28828125 0.0140625 0.02421875
0 0.31171875 0.37109375 0.06328125 0.0921875
1 0.4515625 0.28203125 0.01796875 0.0296875
3 0.48203125 0.29296875 0.02421875 0.03515625
1 0.515625 0.4765625 0.0515625 0.09453125
1 0.4703125 0.35078125 0.0234375 0.03125
1 0.5765625 0.6328125 0.08515625 0.15
0 0.54609375 0.31796875 0.0328125 0.0546875
1 0.390625 0.315625 0.02109375 0.0328125
1 0.353125 0.4375 0.046875 0.053125
1 0.7359375 0.92578125 0.1875 0.14140625
3 0.18828125 0.4375 0.0875 0.15
3 0.5609375 0.38671875 0.040625 0.0859375