3 0.203125 0.65390625 0.25234375 0.3859375
3 0.33984375 0.38671875 0.09609375 0.11171875
1 0.42109375 0.7125 0.10546875 0.16171875
1 0.68515625 0.578125 0.0765625 0.09609375
1 0.47890625 0.509375 0.065625 0.08359375
1 0.45 0.4328125 0.025 0.05546875
1 0.4953125 0.46171875 0.05 0.06328125
1 0.62421875 0.38984375 0.03828125 0.040625
0 0.74609375 0.37265625 0.0734375 0.0921875
0 0.384375 0.46640625 0.11328125 0.19296875
1 0.0265625 0.79375 0.053125 0.171875
3 0.4609375 0.5859375 0.08203125 0.1046875