1 0.40234375 0.77734375 0.1328125 0.203125
1 0.47421875 0.55 0.0671875 0.103125
1 0.4359375 0.65546875 0.0953125 0.14453125
1 0.4515625 0.44765625 0.0546875 0.07265625
1 0.4984375 0.4890625 0.04921875 0.08046875
1 0.62890625 0.3765625 0.02890625 0.0359375
1 0.47109375 0.35390625 0.03515625 0.053125
1 0.515625 0.4328125 0.03984375 0.0484375
1 0.496875 0.3703125 0.03359375 0.046875
1 0.64140625 0.425 0.04375 0.06015625
1 0.52734375 0.40078125 0.04296875 0.05390625
3 0.43203125 0.34296875 0.0359375 0.0453125
1 0.52734375 0.3484375 0.0265625 0.03125
3 0.353125 0.525 0.0375 0.11484375
1 0.0625 0.60390625 0.09609375 0.10546875
1 0.5203125 0.3875 0.040625 0.0515625
1 0.4078125 0.35078125 0.01953125 0.034375
1 0.46875 0.31484375 0.02265625 0.03046875
3 0.44375 0.31875 0.03984375 0.06015625
3 0.49453125 0.3203125 0.03046875 0.05234375
1 0.5375 0.31484375 0.021875 0.02890625
3 0.515625 0.2875 0.02890625 0.046875
3 0.14453125 0.7640625 0.2890625 0.47109375
3 0.2703125 0.56015625 0.13359375 0.228125
3 0.2828125 0.41796875 0.13828125 0.12109375
3 0.3765625 0.35546875 0.0546875 0.0578125
3 0.3953125 0.41875 0.06640625 0.11328125
3 0.80390625 0.5 0.14765625 0.20234375
3 0.64609375 0.3203125 0.03203125 0.053125
3 0.60625 0.3234375 0.03203125 0.0484375
3 0.6265625 0.27890625 0.0234375 0.04140625
3 0.60703125 0.27421875 0.02109375 0.03359375