3 0.2140625 0.45390625 0.128125 0.20703125
3 0.2515625 0.7 0.09765625 0.1578125
3 0.55234375 0.321875 0.040625 0.05859375
0 0.34609375 0.4328125 0.08203125 0.146875
1 0.703125 0.9375 0.178125 0.125
1 0.58203125 0.42734375 0.040625 0.06015625
1 0.47890625 0.353125 0.02578125 0.03515625
1 0.509375 0.3453125 0.025 0.03359375
1 0.38984375 0.33203125 0.02421875 0.03125
4 0.5640625 0.56796875 0.08203125 0.1234375
3 0.51015625 0.28046875 0.02265625 0.04375
3 0.48671875 0.28515625 0.02421875 0.0421875
3 0.37421875 0.28359375 0.0203125 0.03203125
1 0.465625 0.3203125 0.02109375 0.02578125