1 0.60546875 0.77421875 0.11796875 0.18359375
1 0.28359375 0.62734375 0.08359375 0.11171875
1 0.525 0.55078125 0.0671875 0.09296875
1 0.8453125 0.59921875 0.0859375 0.11328125
1 0.95703125 0.73359375 0.0859375 0.17109375
1 0.5109375 0.4546875 0.0546875 0.0640625
1 0.9328125 0.94453125 0.134375 0.10546875
3 0.76328125 0.6609375 0.1796875 0.278125
1 0.39765625 0.31953125 0.01796875 0.0328125
1 0.49453125 0.4203125 0.046875 0.0640625
3 0.56484375 0.3953125 0.078125 0.12578125
3 0.603125 0.365625 0.053125 0.07421875
3 0.528125 0.34765625 0.03359375 0.07109375
3 0.5109375 0.3203125 0.040625 0.08125
3 0.534375 0.2953125 0.03828125 0.0515625
3 0.35078125 0.2875 0.02578125 0.04296875
1 0.48125 0.3796875 0.03671875 0.02890625
0 0.6015625 0.31953125 0.0484375 0.03125
3 0.371875 0.27578125 0.0140625 0.02109375