1 0.28984375 0.35625 0.0265625 0.03515625
1 0.6890625 0.9484375 0.15546875 0.09609375
1 0.503125 0.41953125 0.03828125 0.05859375
1 0.38515625 0.34765625 0.025 0.03203125
1 0.35625 0.4234375 0.03828125 0.0546875
1 0.48125 0.384375 0.03359375 0.053125
0 0.59453125 0.42421875 0.08671875 0.13828125
1 0.38203125 0.2890625 0.01640625 0.02734375
1 0.5296875 0.51875 0.0625 0.0796875
3 0.79609375 0.7046875 0.19296875 0.34375
3 0.790625 0.5140625 0.15859375 0.16484375
3 0.64921875 0.4125 0.07578125 0.140625
3 0.66953125 0.55859375 0.0875 0.15234375
1 0.5609375 0.646875 0.08671875 0.1140625