3 0.84296875 0.47421875 0.08359375 0.12734375
4 0.34453125 0.89453125 0.1640625 0.2109375
3 0.1328125 0.80390625 0.265625 0.3765625
3 0.23359375 0.56015625 0.13984375 0.16484375
3 0.2765625 0.45859375 0.11640625 0.08359375
1 0.4484375 0.646875 0.0796875 0.17578125
1 0.38359375 0.4671875 0.05078125 0.07109375
0 0.34921875 0.390625 0.07421875 0.10390625
1 0.48359375 0.49765625 0.059375 0.09140625
3 0.6734375 0.37109375 0.0453125 0.065625
1 0.62578125 0.39140625 0.0390625 0.0421875
1 0.5 0.43671875 0.040625 0.05703125
3 0.45703125 0.36171875 0.06015625 0.109375
1 0.39765625 0.3859375 0.03671875 0.04609375
1 0.5171875 0.40078125 0.03671875 0.03203125
1 0.6046875 0.31875 0.0171875 0.03515625
1 0.53125 0.3625 0.03671875 0.0453125