3 0.3296875 0.36171875 0.02890625 0.0453125
1 0.528125 0.44609375 0.046875 0.07421875
3 0.80859375 0.71796875 0.26015625 0.36953125
1 0.4953125 0.31015625 0.0171875 0.02578125
1 0.32734375 0.515625 0.06484375 0.0796875
3 0.621875 0.44921875 0.0734375 0.15234375
1 0.2953125 0.359375 0.0265625 0.0296875
3 0.528125 0.3046875 0.02734375 0.040625
1 0.38125 0.3828125 0.03046875 0.03984375
1 0.4828125 0.37109375 0.03125 0.04609375
1 0.4765625 0.3390625 0.025 0.040625
1 0.396875 0.31953125 0.0203125 0.03671875
1 0.465625 0.3 0.01953125 0.02734375
1 0.36640625 0.31015625 0.01875 0.0265625
1 0.5140625 0.3375 0.0234375 0.0328125