1 0.39140625 0.33515625 0.028125 0.0421875
1 0.1859375 0.628125 0.0984375 0.11953125
1 0.403125 0.30390625 0.0171875 0.021875
1 0.31796875 0.546875 0.06875 0.1
1 0.35390625 0.43671875 0.04765625 0.06328125
1 0.5046875 0.46875 0.04765625 0.0765625
1 0.553125 0.596875 0.07734375 0.10859375
1 0.375 0.3734375 0.03125 0.0390625
1 0.6375 0.784375 0.12265625 0.190625
1 0.62421875 0.50859375 0.06796875 0.09921875
1 0.4671875 0.3328125 0.02578125 0.034375
1 0.2578125 0.49453125 0.06328125 0.0921875
1 0.52265625 0.52734375 0.0640625 0.0921875
1 0.89296875 0.69375 0.10703125 0.12890625
1 0.484375 0.37734375 0.03203125 0.03984375
3 0.85390625 0.840625 0.1859375 0.31484375
1 0.6078125 0.37265625 0.0328125 0.034375
1 0.56953125 0.425 0.0453125 0.05859375
1 0.61171875 0.4078125 0.0484375 0.05546875
1 0.45703125 0.31328125 0.0203125 0.040625
1 0.74296875 0.6875 0.10234375 0.1515625
3 0.7296875 0.48125 0.1328125 0.17109375
1 0.36328125 0.31953125 0.01875 0.025
1 0.5015625 0.43359375 0.03671875 0.04609375
1 0.5828125 0.35625 0.03046875 0.03515625
3 0.05234375 0.56953125 0.1046875 0.23984375
1 0.45390625 0.29296875 0.01640625 0.02890625