1 0.3359375 0.5 0.05625 0.06875
1 0.5140625 0.49765625 0.0546875 0.07734375
1 0.38984375 0.33125 0.02265625 0.0328125
1 0.365625 0.2859375 0.01171875 0.015625
1 0.70234375 0.93671875 0.15859375 0.12109375
1 0.4796875 0.378125 0.034375 0.04375
1 0.49453125 0.41484375 0.0421875 0.0578125
1 0.55625 0.61796875 0.08828125 0.1546875
1 0.56484375 0.43828125 0.028125 0.06640625
1 0.403125 0.30625 0.01796875 0.02734375
3 0.62890625 0.40625 0.053125 0.0953125
3 0.18828125 0.54140625 0.1484375 0.215625
3 0.19765625 0.4140625 0.07109375 0.0796875
3 0.94375 0.69453125 0.1125 0.3015625
3 0.69140625 0.5828125 0.1125 0.2
3 0.7171875 0.45078125 0.1234375 0.16484375