1 0.48046875 0.34609375 0.02421875 0.034375
1 0.50546875 0.33203125 0.02109375 0.034375
1 0.3828125 0.35078125 0.0265625 0.03515625
1 0.49453125 0.42109375 0.046875 0.0828125
1 0.31796875 0.56015625 0.0734375 0.09296875
1 0.4609375 0.31015625 0.01875 0.03046875
1 0.40859375 0.28515625 0.0109375 0.02734375
1 0.37265625 0.38515625 0.03203125 0.0390625
1 0.528125 0.35703125 0.0265625 0.04140625
3 0.371875 0.29296875 0.02578125 0.05234375
1 0.44375 0.31015625 0.01171875 0.0265625
3 0.5046875 0.28359375 0.021875 0.04375
1 0.5515625 0.340625 0.021875 0.03359375
1 0.16015625 0.48046875 0.06015625 0.06796875
1 0.9078125 0.8796875 0.16640625 0.215625
1 0.39296875 0.27578125 0.015625 0.0296875
1 0.46328125 0.33359375 0.01953125 0.02890625
3 0.4671875 0.26171875 0.01875 0.0359375
1 0.63359375 0.40390625 0.02421875 0.053125
1 0.584375 0.6484375 0.0953125 0.18046875
1 0.4015625 0.40625 0.0265625 0.034375
3 0.47734375 0.28671875 0.02109375 0.03515625
1 0.66015625 0.915625 0.16015625 0.16015625
1 0.3953125 0.32109375 0.01875 0.03203125
1 0.35546875 0.4578125 0.053125 0.06484375
1 0.15625 0.69609375 0.10625 0.13984375
3 0.80546875 0.5578125 0.184375 0.2125
3 0.24453125 0.38671875 0.03203125 0.07265625
1 0.46328125 0.42109375 0.02734375 0.0453125
1 0.41640625 0.35546875 0.01640625 0.03359375
1 0.540625 0.2984375 0.015625 0.0203125
1 0.4953125 0.29140625 0.01171875 0.0328125
3 0.58828125 0.42109375 0.08984375 0.11953125
3 0.2875 0.40703125 0.0828125 0.12265625