1 0.2921875 0.60859375 0.084375 0.1109375
1 0.671875 0.89296875 0.14765625 0.21328125
1 0.94609375 0.75546875 0.1078125 0.19140625
1 0.528125 0.54375 0.06640625 0.09921875
1 0.61875 0.50625 0.06015625 0.08515625
1 0.49921875 0.4453125 0.04765625 0.06875
1 0.35078125 0.4015625 0.0390625 0.0515625
1 0.3890625 0.34296875 0.02421875 0.03671875
3 0.04296875 0.75625 0.08515625 0.1671875
3 0.040625 0.57109375 0.08046875 0.2078125
3 0.74609375 0.6171875 0.14609375 0.23203125
3 0.26640625 0.35390625 0.059375 0.1046875
3 0.5546875 0.40078125 0.04453125 0.065625
3 0.5921875 0.37109375 0.03828125 0.05703125
3 0.54140625 0.3125 0.03125 0.05
1 0.4890625 0.38828125 0.03671875 0.040625
1 0.478125 0.36328125 0.0265625 0.04375
1 0.52578125 0.37578125 0.02421875 0.03515625
1 0.51640625 0.34453125 0.03046875 0.03359375
1 0.396875 0.31796875 0.0203125 0.02265625
1 0.4671875 0.3296875 0.0203125 0.0296875