0 0.3953125 0.2734375 0.01640625 0.034375
3 0.87578125 0.77734375 0.2109375 0.3796875
1 0.5171875 0.33828125 0.025 0.0328125
1 0.36875 0.3921875 0.0359375 0.046875
3 0.35390625 0.32421875 0.02265625 0.03046875
1 0.48515625 0.3109375 0.01796875 0.025
1 0.559375 0.4125 0.0390625 0.05078125
4 0.49140625 0.3859375 0.03203125 0.05
3 0.7671875 0.54296875 0.10859375 0.1484375
3 0.53671875 0.31484375 0.03203125 0.05078125
1 0.378125 0.2953125 0.01484375 0.02578125
1 0.334375 0.32109375 0.015625 0.021875
1 0.4515625 0.2890625 0.015625 0.0296875
1 0.51484375 0.45703125 0.05078125 0.07109375
1 0.39609375 0.33125 0.025 0.03828125
3 0.5015625 0.28046875 0.01953125 0.04296875
3 0.3609375 0.2828125 0.01796875 0.0296875
1 0.41328125 0.29296875 0.01640625 0.0296875
1 0.46484375 0.31953125 0.02109375 0.02734375
1 0.71484375 0.90390625 0.1703125 0.18828125