3 0.615625 0.515625 0.0734375 0.14765625
3 0.6671875 0.546875 0.11328125 0.19375
3 0.9203125 0.8421875 0.1546875 0.3078125
3 0.8546875 0.70546875 0.23125 0.3203125
1 0.4765625 0.35703125 0.03125 0.0265625
3 0.53046875 0.3515625 0.05390625 0.084375
3 0.55 0.390625 0.05390625 0.09921875
3 0.496875 0.30078125 0.0375 0.07265625
1 0.4703125 0.3359375 0.03046875 0.0296875
1 0.5484375 0.64609375 0.08984375 0.13359375
3 0.5140625 0.53046875 0.0640625 0.128125
1 0.5921875 0.80703125 0.125 0.20546875
1 0.5015625 0.43046875 0.03984375 0.04296875
1 0.48828125 0.41796875 0.0328125 0.04921875
1 0.59375 0.453125 0.0515625 0.07890625
3 0.33984375 0.303125 0.02734375 0.04296875
3 0.64609375 0.4 0.06328125 0.08828125
3 0.321875 0.3484375 0.0359375 0.06484375
3 0.36875 0.30078125 0.025 0.05078125
3 0.2953125 0.428125 0.04140625 0.103125
3 0.575 0.3171875 0.053125 0.071875
1 0.56875 0.4234375 0.0390625 0.05625
1 0.40234375 0.3109375 0.01640625 0.0234375
1 0.5046875 0.459375 0.04296875 0.04453125
3 0.36796875 0.378125 0.04296875 0.1015625
3 0.5390625 0.31640625 0.028125 0.0390625
3 0.6 0.3671875 0.04921875 0.0765625
3 0.3671875 0.275 0.0171875 0.02890625
3 0.384375 0.28203125 0.01875 0.034375
1 0.640625 0.94765625 0.15234375 0.10390625
3 0.7359375 0.63046875 0.06015625 0.1421875
3 0.9609375 0.63046875 0.078125 0.11015625
3 0.7015625 0.44609375 0.0953125 0.140625