1 0.478125 0.3640625 0.0234375 0.025
1 0.4703125 0.3578125 0.028125 0.0359375
3 0.5515625 0.39140625 0.0546875 0.096875
1 0.48359375 0.38046875 0.0328125 0.04296875
3 0.53203125 0.353125 0.0546875 0.0859375
1 0.56171875 0.61953125 0.0828125 0.1203125
1 0.39609375 0.3203125 0.01875 0.028125
1 0.36953125 0.3171875 0.0171875 0.02578125
1 0.36328125 0.4125 0.03828125 0.05
1 0.65625 0.82421875 0.128125 0.2046875
3 0.34609375 0.33203125 0.03359375 0.05703125
1 0.50078125 0.42734375 0.0359375 0.0390625
1 0.5234375 0.5390625 0.06640625 0.1
3 0.4 0.25859375 0.015625 0.03046875
0 0.58359375 0.31953125 0.04140625 0.05390625
1 0.5046875 0.46796875 0.046875 0.0765625
1 0.39140625 0.3328125 0.0203125 0.02890625
1 0.5859375 0.36484375 0.02890625 0.0453125
3 0.73515625 0.48515625 0.13671875 0.16953125
1 0.2375 0.5296875 0.071875 0.0875
1 0.61171875 0.375 0.03046875 0.034375
1 0.49296875 0.4046875 0.03828125 0.046875
3 0.0734375 0.5203125 0.14296875 0.18828125
1 0.77109375 0.728125 0.11796875 0.16796875
4 0.3359375 0.49140625 0.0546875 0.0828125
1 0.634375 0.534375 0.07578125 0.11875
1 0.61875 0.409375 0.05546875 0.05859375
1 0.4046875 0.29921875 0.015625 0.01953125
1 0.83984375 0.52890625 0.07890625 0.0984375
1 0.3828125 0.3578125 0.02421875 0.03359375
3 0.32265625 0.32109375 0.0234375 0.03984375
1 0.8109375 0.60390625 0.0953125 0.1125
3 0.8953125 0.86171875 0.20859375 0.2765625
1 0.9171875 0.71171875 0.12265625 0.1359375
1 0.0875 0.740625 0.13125 0.140625
1 0.28671875 0.4453125 0.0515625 0.06484375
1 0.571875 0.4265625 0.04375 0.05703125
3 0.50625 0.31484375 0.03515625 0.071875
3 0.5546875 0.31875 0.0484375 0.06015625