1 0.5609375 0.61015625 0.11171875 0.1390625
3 0.46328125 0.23984375 0.01953125 0.02109375
3 0.4640625 0.265625 0.01796875 0.03203125
3 0.5125 0.2859375 0.01953125 0.03125
1 0.62734375 0.87109375 0.134375 0.203125
3 0.41796875 0.353125 0.02109375 0.03515625
3 0.4359375 0.23359375 0.0234375 0.0234375
3 0.4125 0.27265625 0.01171875 0.0265625
1 0.3734375 0.365625 0.02890625 0.0375
3 0.159375 0.325 0.028125 0.03125
1 0.5125 0.44921875 0.0453125 0.071875
3 0.42109375 0.2390625 0.0109375 0.01953125
3 0.52421875 0.30703125 0.02734375 0.0453125
3 0.3921875 0.25859375 0.01484375 0.02578125
3 0.50078125 0.3140625 0.02265625 0.0375
3 0.48671875 0.3953125 0.03828125 0.05859375
3 0.478125 0.26015625 0.0203125 0.02421875
3 0.45546875 0.31171875 0.02109375 0.02890625
3 0.3171875 0.55 0.0734375 0.1015625
1 0.73828125 0.44921875 0.04765625 0.07421875
3 0.74296875 0.66953125 0.125 0.2140625
3 0.3765625 0.22890625 0.02109375 0.02578125
3 0.44375 0.25078125 0.01328125 0.0265625
3 0.6734375 0.4203125 0.0921875 0.1296875
3 0.4671875 0.34140625 0.02890625 0.03671875
3 0.88828125 0.60234375 0.2140625 0.2375
3 0.3140625 0.33359375 0.02421875 0.0296875
3 0.3890625 0.28203125 0.01484375 0.025
3 0.54765625 0.38515625 0.05546875 0.0875
3 0.39453125 0.32265625 0.01953125 0.03125
3 0.5375 0.3234375 0.025 0.03671875
3 0.59453125 0.3453125 0.06328125 0.075
3 0.90859375 0.83984375 0.1796875 0.31484375
3 0.51484375 0.35859375 0.01875 0.0421875
3 0.36875 0.2796875 0.0125 0.01640625
3 0.55859375 0.32734375 0.02578125 0.03984375
3 0.41015625 0.25 0.02265625 0.0359375
3 0.6234375 0.46015625 0.11015625 0.16796875
3 0.46796875 0.38203125 0.01875 0.03671875
3 0.46484375 0.41328125 0.0234375 0.04453125
3 0.47421875 0.23828125 0.0140625 0.02109375
3 0.4734375 0.36640625 0.02578125 0.028125
3 0.8203125 0.4953125 0.07109375 0.0640625
3 0.36484375 0.35390625 0.0140625 0.01953125
3 0.51796875 0.33984375 0.01953125 0.04453125
3 0.325 0.28125 0.0140625 0.01953125
3 0.4 0.23125 0.02578125 0.02890625
3 0.38125 0.27890625 0.015625 0.02578125
3 0.4078125 0.41953125 0.0203125 0.0296875
3 0.48203125 0.44765625 0.01875 0.0390625
3 0.49140625 0.209375 0.01953125 0.01640625
3 0.79765625 0.4859375 0.0296875 0.03203125
3 0.4 0.20625 0.009375 0.0125
3 0.075 0.25546875 0.03671875 0.0171875
3 0.15703125 0.45625 0.03828125 0.02734375
3 0.4515625 0.3390625 0.01953125 0.04921875
3 0.4 0.70078125 0.0390625 0.0375
3 0.53203125 0.22578125 0.040625 0.05078125
3 0.33671875 0.2078125 0.01328125 0.01953125
3 0.48828125 0.3328125 0.01015625 0.025
3 0.28671875 0.42421875 0.021875 0.0234375
3 0.44453125 0.21953125 0.03359375 0.015625
3 0.20390625 0.2484375 0.0109375 0.0328125
3 0.44296875 0.7734375 0.11171875 0.1578125
3 0.471875 0.22109375 0.06640625 0.0203125
3 0.4234375 0.73125 0.028125 0.040625
3 0.4328125 0.54375 0.04921875 0.10390625
3 0.51796875 0.1875 0.0234375 0.06015625