1 0.2546875 0.57265625 0.0765625 0.09140625
1 0.55078125 0.60625 0.0859375 0.1265625
1 0.34140625 0.45625 0.053125 0.0625
1 0.5984375 0.796875 0.12421875 0.1796875
1 0.384375 0.35234375 0.028125 0.03515625
1 0.5765625 0.4625 0.04921875 0.06953125
1 0.509375 0.49453125 0.05703125 0.08828125
1 0.4 0.31484375 0.01875 0.02734375
3 0.540625 0.359375 0.07890625 0.1171875
0 0.3390625 0.2984375 0.03125 0.0515625
3 0.053125 0.575 0.10546875 0.20234375
3 0.91328125 0.8109375 0.1734375 0.378125
0 0.684375 0.55546875 0.16875 0.26875