3 0.89375 0.63203125 0.2125 0.33125
1 0.5 0.42890625 0.04375 0.0578125
1 0.38203125 0.3734375 0.0296875 0.0359375
1 0.27578125 0.44765625 0.046875 0.0546875
1 0.3640625 0.41640625 0.0421875 0.04609375
1 0.47578125 0.3625 0.0265625 0.034375
1 0.46171875 0.31171875 0.015625 0.02578125
1 0.403125 0.30703125 0.0171875 0.02421875
3 0.34765625 0.31953125 0.03359375 0.05703125
3 0.371875 0.30390625 0.02109375 0.0328125
3 0.603125 0.371875 0.0453125 0.07265625
1 0.47578125 0.2875 0.015625 0.01953125
1 0.4875 0.30703125 0.0140625 0.02109375
1 0.559375 0.33125 0.02109375 0.0203125
1 0.4515625 0.2828125 0.01015625 0.01796875
3 0.33125 0.3109375 0.0375 0.05625
1 0.446875 0.27109375 0.0125 0.01484375
3 0.5515625 0.37421875 0.06875 0.10078125