3 0.65859375 0.5125 0.1546875 0.24921875
3 0.790625 0.5265625 0.16328125 0.2203125
3 0.596875 0.359375 0.0640625 0.10390625
3 0.303125 0.3921875 0.04609375 0.07734375
3 0.53828125 0.35625 0.05703125 0.10546875
3 0.48515625 0.36328125 0.053125 0.08828125
3 0.24453125 0.39375 0.04921875 0.07578125
3 0.3578125 0.31171875 0.03125 0.05703125
3 0.31171875 0.33125 0.0296875 0.0484375
1 0.69453125 0.9390625 0.1484375 0.121875
1 0.19296875 0.9359375 0.1546875 0.128125
1 0.5109375 0.4703125 0.06796875 0.096875
1 0.3625 0.425 0.04453125 0.06328125
1 0.384375 0.3765625 0.04765625 0.05703125