3 0.86953125 0.7828125 0.2609375 0.43359375
3 0.746875 0.6171875 0.159375 0.2921875
3 0.7234375 0.42734375 0.12578125 0.11640625
3 0.0359375 0.59921875 0.071875 0.1765625
3 0.2703125 0.41640625 0.0828125 0.1328125
3 0.3796875 0.278125 0.03671875 0.04765625
3 0.6078125 0.4328125 0.06015625 0.11953125
3 0.57421875 0.403125 0.040625 0.0734375
1 0.615625 0.84453125 0.14921875 0.23828125
1 0.575 0.6890625 0.1015625 0.15546875
3 0.578125 0.35078125 0.03515625 0.0421875
3 0.5640625 0.32109375 0.03515625 0.04921875
1 0.52890625 0.57421875 0.06796875 0.10546875
3 0.5078125 0.31484375 0.03125 0.04375
1 0.56875 0.48671875 0.0625 0.09453125
3 0.6234375 0.35703125 0.05234375 0.04921875
3 0.36640625 0.3078125 0.025 0.046875
1 0.5046875 0.5 0.05546875 0.08359375
1 0.48359375 0.43984375 0.04375 0.06640625
3 0.40078125 0.30625 0.0234375 0.0421875
1 0.0953125 0.7421875 0.11484375 0.13046875
3 0.6546875 0.40078125 0.0203125 0.07578125
3 0.4859375 0.290625 0.025 0.03984375
1 0.51640625 0.37890625 0.0359375 0.05234375
3 0.5328125 0.3609375 0.03515625 0.0546875