3 0.32578125 0.521875 0.11953125 0.18515625
3 0.12734375 0.609375 0.209375 0.29140625
3 0.4515625 0.365625 0.06171875 0.121875
3 0.90546875 0.70703125 0.1640625 0.2578125
3 0.7046875 0.409375 0.0515625 0.08046875
3 0.74296875 0.45 0.0765625 0.128125
1 0.8390625 0.4875 0.0515625 0.07421875
1 0.6890625 0.59375 0.07578125 0.09375
1 0.5125 0.3953125 0.0375 0.05078125
1 0.653125 0.47421875 0.053125 0.07734375
1 0.90625 0.55703125 0.0796875 0.08828125
1 0.628125 0.39453125 0.03125 0.04609375
1 0.525 0.35078125 0.0265625 0.0359375
1 0.228125 0.50546875 0.03046875 0.075
1 0.721875 0.36953125 0.03125 0.02578125
3 0.48125 0.3 0.0203125 0.03046875
3 0.5109375 0.26171875 0.02265625 0.0296875
3 0.5359375 0.2609375 0.01796875 0.02734375
3 0.5140625 0.2890625 0.02734375 0.04140625