0 0.3125 0.371875 0.0609375 0.09296875
3 0.35546875 0.4359375 0.04921875 0.07109375
3 0.53515625 0.3546875 0.04140625 0.0796875
3 0.5953125 0.37734375 0.04140625 0.07109375
3 0.178125 0.57578125 0.0859375 0.1125
3 0.3515625 0.32265625 0.0453125 0.06953125
3 0.27890625 0.34609375 0.0546875 0.06796875
3 0.2328125 0.39375 0.04921875 0.0875
1 0.4765625 0.3609375 0.0265625 0.0328125
1 0.375 0.36796875 0.028125 0.04140625
4 0.390625 0.340625 0.0234375 0.034375
1 0.6515625 0.540625 0.071875 0.090625
1 0.30625 0.61328125 0.08203125 0.09296875
1 0.55859375 0.54765625 0.065625 0.1