1 0.5359375 0.55390625 0.065625 0.090625
1 0.31875 0.53515625 0.07265625 0.0859375
1 0.3578125 0.4375 0.0484375 0.04453125
1 0.5609375 0.40390625 0.03828125 0.05859375
1 0.38359375 0.365625 0.034375 0.03671875
1 0.51796875 0.353125 0.02578125 0.0375
1 0.465625 0.3125 0.01875 0.03125
1 0.3921875 0.32734375 0.02109375 0.021875
3 0.5046875 0.2890625 0.0171875 0.03046875
3 0.48203125 0.28515625 0.0171875 0.03125
3 0.62265625 0.459375 0.0859375 0.146875
3 0.02109375 0.6171875 0.0421875 0.16875
3 0.0953125 0.7546875 0.190625 0.490625
3 0.28515625 0.40546875 0.059375 0.09765625
3 0.31484375 0.3609375 0.05703125 0.0828125
3 0.32578125 0.30859375 0.02265625 0.0265625
3 0.35625 0.31484375 0.03828125 0.05390625
3 0.384375 0.2578125 0.015625 0.02578125
3 0.4 0.25546875 0.0125 0.02109375
1 0.46875 0.35859375 0.02734375 0.0484375