3 0.9078125 0.8 0.175 0.39921875
1 0.278125 0.73125 0.115625 0.14765625
1 0.63359375 0.8109375 0.13203125 0.2171875
4 0.5453125 0.54140625 0.07734375 0.1171875
1 0.265625 0.484375 0.059375 0.06875
1 0.346875 0.46953125 0.05078125 0.05390625
1 0.51484375 0.45625 0.04375 0.05859375
4 0.58125 0.3609375 0.0359375 0.059375
3 0.24453125 0.37578125 0.0546875 0.0734375
3 0.303125 0.38359375 0.0609375 0.0734375
1 0.371875 0.38203125 0.0296875 0.03359375
1 0.49140625 0.40703125 0.0421875 0.040625
1 0.34921875 0.3484375 0.02578125 0.02890625
1 0.38359375 0.35546875 0.02890625 0.0328125
1 0.4765625 0.37734375 0.0375 0.0359375
3 0.5203125 0.3390625 0.040625 0.0609375
1 0.39609375 0.33203125 0.025 0.0296875
1 0.49296875 0.31796875 0.02265625 0.0234375