1 0.596875 0.73203125 0.1140625 0.17734375
1 0.53984375 0.54609375 0.075 0.115625
1 0.66640625 0.9265625 0.1703125 0.1453125
1 0.54453125 0.39453125 0.03984375 0.0484375
1 0.615625 0.40859375 0.03984375 0.05234375
1 0.58515625 0.4515625 0.0515625 0.0765625
1 0.50390625 0.45390625 0.04765625 0.06640625
1 0.490625 0.40859375 0.0390625 0.046875
1 0.8796875 0.54453125 0.065625 0.0984375
1 0.38828125 0.31953125 0.0203125 0.021875
1 0.478125 0.375 0.0328125 0.0390625
3 0.68203125 0.5703125 0.15625 0.22421875
3 0.7765625 0.50078125 0.1765625 0.27265625
3 0.96796875 0.8375 0.0640625 0.159375
3 0.6625 0.42421875 0.0546875 0.0828125
3 0.59296875 0.36953125 0.040625 0.05
3 0.528125 0.3421875 0.04609375 0.0734375
3 0.18203125 0.4328125 0.0734375 0.0921875
3 0.36953125 0.2765625 0.0125 0.02265625
1 0.4671875 0.35078125 0.02890625 0.03359375
3 0.49921875 0.3203125 0.02890625 0.04453125