1 0.596875 0.671875 0.1015625 0.14609375
1 0.52578125 0.5296875 0.0625 0.09921875
1 0.80390625 0.5921875 0.0890625 0.1046875
1 0.303125 0.60546875 0.0828125 0.11484375
1 0.20390625 0.55859375 0.08046875 0.103125
1 0.35 0.45546875 0.0484375 0.059375
1 0.7515625 0.5015625 0.06640625 0.07890625
1 0.61015625 0.478125 0.053125 0.075
1 0.04609375 0.86015625 0.0921875 0.1875
1 0.67890625 0.41484375 0.03984375 0.04609375
1 0.559375 0.40390625 0.034375 0.05546875
1 0.49375 0.42265625 0.0375 0.05859375
1 0.3703125 0.39921875 0.0328125 0.04140625
3 0.22734375 0.8796875 0.14453125 0.215625
4 0.1125 0.5234375 0.075 0.0859375
1 0.3859375 0.35390625 0.02421875 0.034375
1 0.571875 0.3359375 0.02109375 0.03359375
4 0.02265625 0.63515625 0.0453125 0.12109375
1 0.46953125 0.346875 0.025 0.03515625
4 0.40234375 0.31640625 0.01875 0.02890625
1 0.490625 0.38828125 0.0328125 0.0390625
3 0.334375 0.35859375 0.03046875 0.05546875
1 0.55625 0.31640625 0.01640625 0.02421875
3 0.88984375 0.79453125 0.2203125 0.41015625
3 0.946875 0.596875 0.10625 0.16875
3 0.69921875 0.57109375 0.13125 0.209375
3 0.29140625 0.390625 0.0765625 0.12109375
3 0.25703125 0.3703125 0.06875 0.09765625
3 0.34296875 0.2953125 0.0296875 0.03515625
3 0.3734375 0.2984375 0.02109375 0.03984375
3 0.503125 0.3203125 0.03203125 0.0515625
3 0.6359375 0.403125 0.05625 0.08125
3 0.6046875 0.37421875 0.0421875 0.06796875
1 0.46484375 0.32109375 0.02578125 0.02734375