1 0.55078125 0.575 0.071875 0.11640625
1 0.74921875 0.67109375 0.10234375 0.1546875
1 0.49765625 0.428125 0.0421875 0.05703125
1 0.67265625 0.9203125 0.1640625 0.14765625
1 0.6203125 0.365625 0.02734375 0.0390625
1 0.25703125 0.38828125 0.034375 0.05546875
1 0.35703125 0.48828125 0.0515625 0.071875
1 0.4796875 0.365625 0.03046875 0.04921875
3 0.53046875 0.35078125 0.040625 0.07578125
1 0.6765625 0.4125 0.03984375 0.053125
1 0.34140625 0.35703125 0.02578125 0.04296875
3 0.740625 0.51015625 0.0890625 0.153125
1 0.309375 0.3328125 0.025 0.03046875
1 0.35625 0.33515625 0.0234375 0.03671875
1 0.365625 0.3875 0.03359375 0.04609375
1 0.4625 0.3203125 0.0203125 0.03671875
3 0.30078125 0.396875 0.05859375 0.090625
3 0.93046875 0.7109375 0.1390625 0.25390625