1 0.28984375 0.41484375 0.04453125 0.05
4 0.32734375 0.521875 0.06171875 0.090625
1 0.375 0.36640625 0.028125 0.03984375
1 0.353125 0.33203125 0.02265625 0.03828125
1 0.3875 0.33671875 0.0265625 0.03046875
1 0.64296875 0.85 0.14765625 0.25078125
1 0.56953125 0.62421875 0.08515625 0.134375
1 0.5265625 0.49609375 0.0609375 0.09453125
3 0.61953125 0.40859375 0.0859375 0.103125
3 0.5453125 0.3203125 0.03515625 0.0640625
1 0.48671875 0.38828125 0.03828125 0.04453125
1 0.47421875 0.35625 0.03125 0.03125
3 0.5125 0.3453125 0.03125 0.04765625
0 0.4671875 0.33046875 0.02265625 0.0265625