1 0.54453125 0.59296875 0.0796875 0.12734375
3 0.68046875 0.39375 0.10234375 0.096875
3 0.559375 0.33203125 0.0296875 0.04375
1 0.5234375 0.34609375 0.0265625 0.03671875
1 0.509375 0.50703125 0.06640625 0.09453125
3 0.375 0.3796875 0.04921875 0.07890625
1 0.5703125 0.67578125 0.109375 0.15703125
3 0.8109375 0.69140625 0.29140625 0.42578125
3 0.6875 0.5125 0.11640625 0.18671875
1 0.4 0.30703125 0.01640625 0.02421875
3 0.359375 0.30234375 0.03828125 0.06953125
1 0.85859375 0.53984375 0.0609375 0.065625
0 0.46171875 0.2578125 0.0171875 0.02734375
1 0.48046875 0.43125 0.04375 0.0609375
3 0.5390625 0.30625 0.0328125 0.05078125
3 0.59765625 0.35078125 0.0515625 0.06640625
1 0.52265625 0.3953125 0.04453125 0.06015625
3 0.56328125 0.38984375 0.0359375 0.071875
3 0.31953125 0.36640625 0.04375 0.0796875
4 0.628125 0.8921875 0.15 0.215625
3 0.384375 0.2828125 0.021875 0.0359375
3 0.58984375 0.40859375 0.05859375 0.11328125
1 0.7484375 0.45234375 0.05078125 0.0640625
1 0.49921875 0.45859375 0.04921875 0.06328125
3 0.6203125 0.4921875 0.0296875 0.10546875
1 0.31640625 0.53046875 0.06796875 0.06953125
3 0.39765625 0.25625 0.01328125 0.028125
1 0.21796875 0.8328125 0.15859375 0.203125