0 0.5890625 0.41640625 0.08203125 0.13203125
3 0.759375 0.65859375 0.1671875 0.30390625
3 0.76484375 0.49140625 0.146875 0.1484375
3 0.64296875 0.40234375 0.075 0.12734375
1 0.37890625 0.2921875 0.01875 0.02734375
1 0.38203125 0.3578125 0.02578125 0.034375
1 0.52421875 0.49921875 0.059375 0.07421875
1 0.55078125 0.6109375 0.078125 0.1109375
3 0.6484375 0.53984375 0.07734375 0.15
1 0.28125 0.36484375 0.0296875 0.0359375
1 0.50078125 0.41171875 0.0359375 0.05546875
1 0.48046875 0.375 0.03125 0.04296875
1 0.34921875 0.453125 0.0453125 0.071875
1 0.6609375 0.8984375 0.15625 0.19609375
3 0.5375 0.365625 0.04921875 0.07734375