1 0.61015625 0.80234375 0.1484375 0.27578125
3 0.42265625 0.23515625 0.01640625 0.021875
3 0.73671875 0.5015625 0.0953125 0.16171875
3 0.50546875 0.31953125 0.03515625 0.06484375
3 0.49609375 0.29765625 0.0234375 0.0328125
3 0.37890625 0.26875 0.0109375 0.0140625
3 0.665625 0.57578125 0.0796875 0.11484375
3 0.89375 0.6578125 0.21171875 0.3859375
1 0.33671875 0.48203125 0.053125 0.06640625
1 0.53125 0.52265625 0.06484375 0.10859375
1 0.67578125 0.41015625 0.040625 0.05234375
3 0.484375 0.29609375 0.01640625 0.03203125
3 0.40625 0.2921875 0.0109375 0.01953125
3 0.5875 0.4421875 0.0625 0.11484375
3 0.4515625 0.24609375 0.021875 0.03515625
1 0.50078125 0.44765625 0.0453125 0.07109375
3 0.403125 0.4234375 0.0265625 0.03203125
3 0.46875 0.246875 0.02265625 0.03671875
3 0.56015625 0.31640625 0.0328125 0.03046875
3 0.47578125 0.27578125 0.0140625 0.01875
3 0.57890625 0.34921875 0.05546875 0.078125
3 0.7859375 0.73046875 0.17265625 0.27265625
3 0.540625 0.31171875 0.02421875 0.03671875
3 0.4625 0.41953125 0.025 0.0375
3 0.39140625 0.3265625 0.0203125 0.02890625
3 0.509375 0.2890625 0.01796875 0.01875
3 0.4796875 0.375 0.02890625 0.04609375
3 0.45234375 0.2921875 0.01640625 0.0296875
3 0.31875 0.3203125 0.015625 0.0234375
3 0.5359375 0.36328125 0.0390625 0.06953125
3 0.4125 0.35 0.01015625 0.02109375
3 0.415625 0.2703125 0.015625 0.02890625
3 0.39453125 0.24921875 0.00859375 0.0109375
3 0.49765625 0.27265625 0.0203125 0.021875
1 0.55078125 0.41015625 0.028125 0.05234375
1 0.503125 0.40234375 0.03671875 0.05546875
3 0.4625 0.30859375 0.0203125 0.02578125
1 0.61875 0.4015625 0.03359375 0.0578125
3 0.44375 0.25078125 0.01328125 0.025
3 0.340625 0.34453125 0.04375 0.078125
3 0.665625 0.46484375 0.05078125 0.06171875
3 0.58359375 0.32265625 0.03984375 0.0328125
3 0.321875 0.2859375 0.02109375 0.0203125
3 0.38828125 0.26484375 0.02265625 0.02890625
3 0.38515625 0.25390625 0.0140625 0.01875
3 0.403125 0.24921875 0.01484375 0.01875
3 0.37265625 0.22734375 0.025 0.02421875
3 0.553125 0.303125 0.025 0.021875
3 0.44765625 0.34375 0.01953125 0.06640625
3 0.46484375 0.33125 0.021875 0.03046875
3 0.41796875 0.21953125 0.01640625 0.01640625
3 0.446875 0.2125 0.021875 0.0140625
3 0.6640625 0.39453125 0.0171875 0.03203125
3 0.39765625 0.2078125 0.01171875 0.01328125
3 0.4578125 0.5015625 0.02265625 0.11484375
3 0.49453125 0.31796875 0.0171875 0.04375
3 0.46640625 0.36953125 0.0140625 0.03125
3 0.4234375 0.72734375 0.03046875 0.0578125
3 0.5171875 0.37734375 0.0140625 0.0375
3 0.6828125 0.378125 0.02109375 0.034375
3 0.403125 0.2625 0.0125 0.021875
3 0.3546875 0.4609375 0.0109375 0.01875
3 0.07734375 0.2578125 0.03671875 0.01484375
3 0.39921875 0.22734375 0.025 0.0203125
3 0.29609375 0.27734375 0.01015625 0.01328125
3 0.37265625 0.33203125 0.0234375 0.040625
3 0.33515625 0.20625 0.01015625 0.015625
3 0.325 0.3625 0.0140625 0.02734375
3 0.44609375 0.19453125 0.0171875 0.021875
3 0.74140625 0.63203125 0.04453125 0.05234375
3 0.66015625 0.534375 0.0515625 0.0328125
3 0.44296875 0.71953125 0.0828125 0.078125
3 0.2046875 0.25 0.0109375 0.03359375
3 0.5328125 0.240625 0.040625 0.025
3 0.50625 0.20546875 0.00859375 0.02890625
3 0.43359375 0.68203125 0.053125 0.0578125
3 0.33984375 0.2390625 0.0421875 0.1046875