1 0.2828125 0.62890625 0.103125 0.13125
1 0.13125 0.51953125 0.0703125 0.08984375
1 0.565625 0.7015625 0.1 0.153125
1 0.60625 0.86484375 0.1359375 0.24296875
1 0.509375 0.47421875 0.04921875 0.06484375
1 0.59296875 0.44921875 0.0484375 0.06953125
1 0.5703125 0.43046875 0.0359375 0.06484375
3 0.5234375 0.56640625 0.0625 0.1203125
3 0.33515625 0.353125 0.040625 0.06796875
3 0.38671875 0.28671875 0.03671875 0.04921875
3 0.3875 0.34140625 0.03203125 0.06015625
3 0.66328125 0.4125 0.08359375 0.0890625
3 0.58125 0.3234375 0.05625 0.06640625
3 0.66640625 0.55 0.128125 0.17734375
3 0.840625 0.6875 0.27890625 0.34765625
3 0.8875 0.83984375 0.221875 0.3203125
3 0.73046875 0.46328125 0.08515625 0.14140625
3 0.55234375 0.3859375 0.05546875 0.084375