3 0.22890625 0.5078125 0.09921875 0.14609375
3 0.07421875 0.5359375 0.14375 0.17578125
1 0.365625 0.4140625 0.0390625 0.0484375
1 0.3796875 0.365625 0.028125 0.04140625
1 0.440625 0.2390625 0.0125 0.02578125
1 0.12578125 0.68125 0.11171875 0.128125
1 0.41875 0.25546875 0.015625 0.02578125
1 0.2171875 0.90859375 0.15546875 0.17578125
1 0.3359375 0.5234375 0.06171875 0.1015625
1 0.41796875 0.35625 0.02265625 0.0375
1 0.41796875 0.27421875 0.01640625 0.0296875
1 0.45859375 0.2640625 0.0171875 0.0328125
1 0.55546875 0.69296875 0.0984375 0.1578125
1 0.32265625 0.284375 0.01875 0.0234375
1 0.4890625 0.4140625 0.03984375 0.0453125
3 0.60859375 0.50625 0.0734375 0.14296875
3 0.66796875 0.54609375 0.1078125 0.19375
1 0.51015625 0.54375 0.06015625 0.10234375
3 0.8921875 0.55703125 0.20625 0.21171875
1 0.5421875 0.59921875 0.07578125 0.1125
1 0.590625 0.92734375 0.140625 0.140625
1 0.5015625 0.2796875 0.02265625 0.02734375
1 0.453125 0.2375 0.01015625 0.0171875
1 0.396875 0.3984375 0.01875 0.0375
3 0.86796875 0.77109375 0.25078125 0.44921875
3 0.603125 0.37421875 0.05078125 0.0953125
1 0.42265625 0.234375 0.02265625 0.0296875
1 0.3796875 0.28828125 0.02265625 0.05
3 0.3421875 0.33671875 0.0453125 0.06953125
1 0.41796875 0.303125 0.0203125 0.05390625
1 0.465625 0.42265625 0.0265625 0.05234375
1 0.396875 0.44453125 0.03828125 0.0671875
1 0.6453125 0.41796875 0.0484375 0.05625
1 0.58125 0.48359375 0.02734375 0.0625
1 0.48125 0.37578125 0.0328125 0.04375
1 0.5484375 0.39609375 0.034375 0.05390625
1 0.47890625 0.28671875 0.02109375 0.03046875
1 0.48984375 0.275 0.009375 0.01875
1 0.571875 0.41796875 0.04140625 0.05703125
1 0.71328125 0.84921875 0.15703125 0.2796875
3 0.71875 0.45234375 0.078125 0.128125