1 0.29453125 0.6234375 0.09296875 0.1125
1 0.58359375 0.68125 0.1 0.175
1 0.64140625 0.55703125 0.07421875 0.11875
1 0.61015625 0.47421875 0.05078125 0.07890625
1 0.359375 0.43359375 0.04140625 0.06953125
1 0.49765625 0.43359375 0.04375 0.09296875
3 0.05078125 0.603125 0.0984375 0.17109375
1 0.46875 0.33671875 0.0265625 0.04765625
1 0.5546875 0.33515625 0.015625 0.03515625
1 0.3984375 0.321875 0.01953125 0.028125
3 0.49375 0.27421875 0.01953125 0.0359375
3 0.04375 0.83515625 0.08671875 0.3140625
1 0.49609375 0.3203125 0.01875 0.03203125
1 0.45546875 0.29140625 0.01484375 0.02578125
1 0.403125 0.30078125 0.01640625 0.02578125
3 0.80703125 0.52265625 0.18359375 0.24765625
3 0.61015625 0.365625 0.05703125 0.08359375
3 0.53046875 0.34609375 0.04296875 0.08203125
3 0.3390625 0.33359375 0.04453125 0.06953125