1 0.12109375 0.6171875 0.0890625 0.0921875
1 0.175 0.478125 0.0609375 0.07265625
3 0.3203125 0.3546875 0.065625 0.1125
1 0.37265625 0.4078125 0.0375 0.05
3 0.921875 0.8453125 0.153125 0.309375
3 0.8578125 0.7 0.22578125 0.321875
3 0.6671875 0.54609375 0.10625 0.19609375
3 0.75390625 0.4515625 0.153125 0.1953125
1 0.60859375 0.8671875 0.14296875 0.2234375
1 0.5765625 0.72421875 0.10234375 0.14140625
3 0.5375 0.625 0.08203125 0.14765625
1 0.55703125 0.578125 0.06328125 0.12578125
3 0.61875 0.50625 0.0609375 0.1375
3 0.6203125 0.37578125 0.065625 0.090625
1 0.53203125 0.51328125 0.05546875 0.05546875
1 0.51875 0.48828125 0.05390625 0.07421875
3 0.55390625 0.3859375 0.04921875 0.0890625
3 0.38515625 0.3671875 0.03046875 0.040625
1 0.57265625 0.415625 0.0375 0.05625