3 0.28046875 0.41875 0.07578125 0.10390625
3 0.36328125 0.303125 0.03203125 0.06328125
3 0.87265625 0.746875 0.2296875 0.4140625
1 0.61328125 0.88203125 0.1390625 0.23515625
1 0.5796875 0.73671875 0.11640625 0.171875
3 0.671875 0.54375 0.1078125 0.20625
3 0.53828125 0.6265625 0.0890625 0.1640625
3 0.6203125 0.50625 0.0640625 0.13125
3 0.7984375 0.47109375 0.19609375 0.18984375
1 0.55546875 0.575 0.075 0.1171875
3 0.6390625 0.390625 0.0796875 0.09375
1 0.30703125 0.34140625 0.03046875 0.03828125
1 0.53125 0.52109375 0.0578125 0.05078125
1 0.5203125 0.4875 0.06015625 0.06640625
1 0.5953125 0.45 0.0421875 0.0640625
1 0.57421875 0.42421875 0.04296875 0.05
3 0.553125 0.3859375 0.0515625 0.09453125
1 0.39921875 0.315625 0.021875 0.03671875
1 0.50625 0.45703125 0.04921875 0.05078125