1 0.52578125 0.34921875 0.02578125 0.02265625
1 0.45703125 0.6265625 0.0828125 0.14375
1 0.053125 0.70078125 0.10625 0.14375
1 0.59140625 0.290625 0.0140625 0.02421875
1 0.5265625 0.36484375 0.03203125 0.03125
1 0.3390625 0.91015625 0.15625 0.175
1 0.5984375 0.30703125 0.015625 0.0265625
1 0.48203125 0.48515625 0.0578125 0.0875
1 0.50390625 0.44140625 0.04765625 0.0765625
1 0.65078125 0.440625 0.04140625 0.05546875
3 0.4875 0.3234375 0.0359375 0.08359375
3 0.12578125 0.80546875 0.2515625 0.38515625
3 0.42265625 0.40625 0.0828125 0.128125
3 0.46953125 0.35546875 0.03984375 0.0734375
3 0.3890625 0.371875 0.0484375 0.07265625
3 0.46171875 0.29765625 0.03125 0.05859375
3 0.64296875 0.28515625 0.0234375 0.040625