4 0.6625 0.86953125 0.159375 0.2609375
1 0.2484375 0.81953125 0.12890625 0.18515625
1 0.0421875 0.9109375 0.084375 0.17578125
1 0.5453125 0.61875 0.08515625 0.14765625
1 0.3296875 0.49609375 0.05703125 0.075
1 0.29609375 0.39921875 0.0375 0.04765625
1 0.359375 0.43984375 0.04375 0.05
1 0.109375 0.64453125 0.1015625 0.1140625
3 0.70546875 0.5953125 0.1625 0.24453125
3 0.903125 0.6265625 0.16015625 0.271875
3 0.21640625 0.390625 0.07890625 0.103125
3 0.31796875 0.3203125 0.03046875 0.0546875
3 0.70078125 0.4359375 0.10078125 0.12109375
3 0.60703125 0.38984375 0.05 0.090625
3 0.575 0.35 0.0328125 0.05546875
1 0.36796875 0.39140625 0.0375 0.046875
1 0.396875 0.334375 0.02578125 0.03203125
1 0.35703125 0.29375 0.0171875 0.0234375
1 0.49921875 0.4234375 0.04921875 0.06875
1 0.4703125 0.34921875 0.028125 0.034375
1 0.48984375 0.37109375 0.03203125 0.0390625
1 0.45546875 0.32109375 0.021875 0.028125
3 0.38359375 0.2875 0.028125 0.0390625
3 0.5078125 0.33125 0.04609375 0.0765625
3 0.54375 0.31953125 0.02734375 0.053125
3 0.47265625 0.28046875 0.02578125 0.0328125
3 0.503125 0.284375 0.03125 0.02265625
3 0.61171875 0.48046875 0.0625 0.09296875
1 0.5640625 0.41171875 0.04375 0.05703125