3 0.53515625 0.31015625 0.03203125 0.04921875
3 0.790625 0.675 0.1609375 0.29296875
3 0.728125 0.503125 0.08984375 0.12890625
1 0.5125 0.3328125 0.021875 0.03203125
1 0.63984375 0.76015625 0.11484375 0.2140625
0 0.3921875 0.27265625 0.0171875 0.03671875
1 0.36484375 0.40703125 0.0390625 0.0484375
4 0.4875 0.37890625 0.03046875 0.04921875
1 0.39296875 0.34375 0.02421875 0.034375
1 0.48203125 0.30859375 0.0171875 0.02421875
1 0.546875 0.39453125 0.034375 0.046875
1 0.403125 0.303125 0.0140625 0.0265625
3 0.5015625 0.27421875 0.01953125 0.034375
3 0.3515625 0.33125 0.02421875 0.0328125
1 0.328125 0.32734375 0.01953125 0.02421875
1 0.3765625 0.29765625 0.0140625 0.0234375