1 0.47890625 0.39921875 0.0375 0.040625
4 0.553125 0.6375 0.08046875 0.1328125
1 0.57265625 0.3453125 0.02734375 0.034375
3 0.64921875 0.503125 0.1328125 0.2296875
1 0.53046875 0.546875 0.07734375 0.10390625
1 0.49609375 0.3359375 0.0296875 0.03359375
1 0.4921875 0.421875 0.04375 0.0484375
1 0.22890625 0.83671875 0.125 0.1640625
3 0.53203125 0.3171875 0.0359375 0.04140625
1 0.73125 0.5 0.0453125 0.0703125
3 0.60625 0.42265625 0.07109375 0.1296875
1 0.60859375 0.8171875 0.121875 0.1703125
3 0.56171875 0.40546875 0.0359375 0.0625
1 0.49609375 0.4609375 0.04921875 0.0734375
3 0.54921875 0.36640625 0.04296875 0.0828125
1 0.34609375 0.46484375 0.04609375 0.05625
1 0.39140625 0.34453125 0.02265625 0.03671875
3 0.6171875 0.3515625 0.07734375 0.078125
1 0.5234375 0.49375 0.0625 0.06015625
3 0.53125 0.34296875 0.0265625 0.03046875
1 0.396875 0.32109375 0.0171875 0.02421875
3 0.83828125 0.74140625 0.284375 0.4
3 0.86171875 0.55546875 0.2015625 0.25546875
3 0.1203125 0.61015625 0.23984375 0.390625
3 0.2890625 0.40625 0.05234375 0.08046875
3 0.33046875 0.359375 0.04453125 0.0703125
3 0.30390625 0.33125 0.04765625 0.06796875