1 0.2484375 0.725 0.11796875 0.14375
1 0.5828125 0.67734375 0.1078125 0.14296875
1 0.659375 0.9515625 0.14921875 0.09609375
1 0.65625 0.575 0.07890625 0.10703125
1 0.52890625 0.5203125 0.07421875 0.0734375
1 0.35234375 0.453125 0.046875 0.05546875
1 0.48984375 0.39609375 0.03359375 0.0578125
1 0.7109375 0.49375 0.06640625 0.0609375
3 0.771875 0.6578125 0.15703125 0.2578125
3 0.9046875 0.64296875 0.128125 0.21875
3 0.5875 0.4375 0.0546875 0.078125
3 0.54765625 0.3875 0.0453125 0.06015625
1 0.34609375 0.3328125 0.0265625 0.0375
1 0.38984375 0.325 0.02265625 0.02734375
3 0.575 0.3359375 0.03671875 0.040625
1 0.54921875 0.3328125 0.02109375 0.03125
1 0.528125 0.3125 0.0265625 0.02578125
1 0.48046875 0.35546875 0.03046875 0.040625
3 0.31796875 0.38046875 0.0421875 0.0703125