1 0.5640625 0.609375 0.07890625 0.13046875
1 0.784375 0.72578125 0.1171875 0.17578125
1 0.49921875 0.43984375 0.04375 0.0625
1 0.62578125 0.37109375 0.02890625 0.03828125
1 0.6890625 0.42421875 0.04453125 0.05859375
1 0.26796875 0.3796875 0.03359375 0.05
1 0.16640625 0.946875 0.16796875 0.09765625
1 0.48203125 0.36953125 0.03125 0.04921875
1 0.5046875 0.33125 0.0171875 0.03046875
1 0.3609375 0.4171875 0.04140625 0.05078125
1 0.36796875 0.37734375 0.0296875 0.04140625
1 0.57578125 0.35625 0.03203125 0.05078125
1 0.8140625 0.51328125 0.04765625 0.10625
1 0.4625 0.32578125 0.0203125 0.03203125
3 0.31015625 0.3828125 0.05234375 0.08046875
1 0.3140625 0.328125 0.02265625 0.02734375
1 0.29375 0.34765625 0.0234375 0.03203125
3 0.95546875 0.72109375 0.0890625 0.27109375
3 0.76484375 0.52890625 0.0953125 0.15625