1 0.353125 0.9 0.15703125 0.2
1 0.44140625 0.60390625 0.0875 0.1140625
1 0.2703125 0.50546875 0.07890625 0.096875
4 0.48515625 0.49453125 0.059375 0.09453125
1 0.50859375 0.4484375 0.04453125 0.05703125
1 0.51171875 0.4046875 0.04296875 0.040625
1 0.52109375 0.38125 0.034375 0.04296875
1 0.525 0.3546875 0.02421875 0.021875
1 0.62421875 0.378125 0.03828125 0.04453125
1 0.60703125 0.32421875 0.0234375 0.03125
3 0.38125 0.46015625 0.11640625 0.18671875
3 0.446875 0.38203125 0.046875 0.09140625
3 0.36171875 0.3953125 0.06171875 0.08515625
0 0.38046875 0.34765625 0.06484375 0.0671875
3 0.478125 0.3328125 0.04609375 0.09453125
3 0.4546875 0.30546875 0.04140625 0.06953125
3 0.6296875 0.275 0.01875 0.03359375
1 0.53125 0.3484375 0.02421875 0.03046875
1 0.534375 0.328125 0.02734375 0.02421875