1 0.56328125 0.6328125 0.084375 0.13125
1 0.74453125 0.5109375 0.0640625 0.084375
3 0.66875 0.54609375 0.11015625 0.20703125
1 0.5109375 0.50390625 0.0546875 0.084375
1 0.78515625 0.75546875 0.12578125 0.1734375
1 0.63125 0.8421875 0.12734375 0.2109375
1 0.8296875 0.5859375 0.09609375 0.12109375
1 0.5 0.43515625 0.05078125 0.06328125
1 0.38515625 0.3578125 0.02578125 0.03984375
3 0.5515625 0.38359375 0.084375 0.10390625
3 0.53203125 0.29375 0.03984375 0.05859375
3 0.3390625 0.3 0.02734375 0.05546875
1 0.39921875 0.31484375 0.02421875 0.03671875