3 0.3703125 0.38515625 0.07890625 0.13125
3 0.640625 0.32265625 0.0296875 0.04609375
1 0.53125 0.33125 0.02421875 0.03828125
3 0.4375 0.390625 0.07890625 0.13828125
3 0.68828125 0.384375 0.0484375 0.05234375
1 0.4921875 0.33125 0.02265625 0.034375
3 0.3 0.48984375 0.0765625 0.1078125
1 0.6234375 0.37734375 0.03125 0.03828125
0 0.49453125 0.41875 0.08046875 0.13515625
3 0.71953125 0.43125 0.05703125 0.10078125
3 0.896875 0.671875 0.14453125 0.225
3 0.37734375 0.875 0.1390625 0.21640625
1 0.640625 0.4515625 0.0421875 0.053125
3 0.15625 0.59453125 0.11640625 0.1671875
1 0.7328125 0.7140625 0.1109375 0.13203125
1 0.2796875 0.4421875 0.04921875 0.0546875
3 0.79609375 0.4265625 0.08125 0.1234375
3 0.7921875 0.49453125 0.096875 0.11328125