3 0.08671875 0.70859375 0.1734375 0.275
3 0.1828125 0.415625 0.09296875 0.13671875
3 0.25625 0.3546875 0.06875 0.11171875
1 0.15546875 0.5140625 0.06875 0.078125
1 0.2484375 0.49765625 0.06015625 0.07578125
1 0.3421875 0.49375 0.05859375 0.06796875
1 0.5296875 0.53671875 0.0671875 0.0953125
3 0.7046875 0.55390625 0.11328125 0.2078125
3 0.76953125 0.5171875 0.12734375 0.1390625
3 0.615625 0.43359375 0.09609375 0.1625
3 0.2859375 0.43125 0.07265625 0.08125
3 0.3125 0.38046875 0.04609375 0.06484375
3 0.30234375 0.32109375 0.040625 0.06796875
1 0.3421875 0.35859375 0.0296875 0.040625
3 0.35234375 0.32265625 0.02890625 0.053125
3 0.53125 0.35234375 0.05625 0.08515625
3 0.58515625 0.33359375 0.04375 0.07265625
1 0.484375 0.415625 0.0421875 0.0578125
1 0.39296875 0.33203125 0.01796875 0.025
1 0.46875 0.3578125 0.02890625 0.03203125
3 0.38046875 0.284375 0.02734375 0.0421875