0 0.15859375 0.7828125 0.29765625 0.40625
3 0.859375 0.63203125 0.17734375 0.24453125
1 0.590625 0.4625 0.0625 0.06953125
1 0.5328125 0.5078125 0.059375 0.09296875
4 0.4984375 0.41015625 0.0375 0.0609375
1 0.37578125 0.37265625 0.03359375 0.03984375
1 0.52734375 0.3515625 0.02734375 0.0359375
1 0.490625 0.31796875 0.01796875 0.0265625
1 0.39765625 0.32265625 0.021875 0.03359375
1 0.540625 0.31640625 0.03515625 0.05625
1 0.3609375 0.3171875 0.0203125 0.02578125
1 0.38125 0.29140625 0.0140625 0.02265625