3 0.66640625 0.55078125 0.11328125 0.19921875
3 0.62109375 0.5078125 0.0703125 0.134375
3 0.92109375 0.8421875 0.15234375 0.30625
1 0.53828125 0.61484375 0.0796875 0.12578125
3 0.55078125 0.3890625 0.05234375 0.0953125
1 0.4828125 0.39140625 0.02890625 0.03515625
3 0.2640625 0.39453125 0.05546875 0.08828125
1 0.57890625 0.759375 0.11171875 0.2
3 0.53125 0.35390625 0.05625 0.0953125
1 0.47421875 0.34765625 0.03203125 0.02890625
1 0.49140625 0.4109375 0.034375 0.03671875
3 0.33203125 0.309375 0.03046875 0.05390625
3 0.4984375 0.303125 0.034375 0.078125
1 0.59296875 0.45078125 0.046875 0.07421875
3 0.51015625 0.5140625 0.0609375 0.11953125
3 0.684375 0.434375 0.0796875 0.13671875
1 0.5015625 0.4453125 0.04453125 0.0296875
3 0.378125 0.29375 0.021875 0.04453125
3 0.63984375 0.39921875 0.06015625 0.09140625
3 0.40078125 0.26015625 0.01484375 0.02734375
3 0.33359375 0.471875 0.07265625 0.16796875
1 0.5 0.42578125 0.04375 0.0328125
1 0.6375 0.93984375 0.15703125 0.1171875
3 0.36015625 0.31484375 0.03125 0.0671875
1 0.3953125 0.3296875 0.0203125 0.02890625
3 0.940625 0.621875 0.11484375 0.13984375
3 0.2359375 0.4875 0.065625 0.1015625
1 0.40546875 0.3078125 0.0140625 0.021875
1 0.47421875 0.36796875 0.0296875 0.0265625
3 0.57109375 0.31875 0.0484375 0.065625
3 0.596875 0.37890625 0.0359375 0.065625
3 0.85625 0.7140625 0.23984375 0.35078125
3 0.7921875 0.5328125 0.11640625 0.05546875
3 0.73125 0.63671875 0.05546875 0.153125
1 0.571875 0.42109375 0.03828125 0.0546875