1 0.59375 0.76953125 0.14921875 0.190625
1 0.34765625 0.459375 0.0453125 0.06015625
1 0.5328125 0.540625 0.07265625 0.1
4 0.50703125 0.46796875 0.05078125 0.08203125
1 0.6625 0.44921875 0.05546875 0.075
1 0.38046875 0.35234375 0.025 0.03203125
0 0.615625 0.33671875 0.06171875 0.065625
3 0.515625 0.31484375 0.05234375 0.0546875
3 0.54453125 0.36953125 0.04765625 0.06640625
3 0.59609375 0.43828125 0.10703125 0.13671875
1 0.48203125 0.4 0.040625 0.034375
1 0.4890625 0.43046875 0.0453125 0.05
1 0.475 0.36953125 0.03203125 0.02890625
3 0.36640625 0.2828125 0.02109375 0.0375