3 0.33125 0.33203125 0.05 0.09140625
3 0.509375 0.29921875 0.05 0.06015625
3 0.37265625 0.37890625 0.028125 0.046875
0 0.38515625 0.32265625 0.0359375 0.06015625
1 0.38828125 0.2921875 0.0203125 0.02421875
1 0.51328125 0.47265625 0.0484375 0.06875
1 0.49140625 0.35390625 0.028125 0.03046875
1 0.4734375 0.3328125 0.021875 0.034375
4 0.3296875 0.50234375 0.05859375 0.07734375
1 0.459375 0.3015625 0.01875 0.02734375
1 0.40625 0.2890625 0.0140625 0.02578125
1 0.6046875 0.475 0.053125 0.07421875
3 0.58515625 0.353125 0.05625 0.071875