1 0.190625 0.90703125 0.165625 0.1859375
1 0.4796875 0.36953125 0.046875 0.05859375
1 0.48671875 0.4 0.04765625 0.065625
1 0.5 0.46171875 0.0390625 0.0609375
1 0.57421875 0.44453125 0.03984375 0.06015625
1 0.534375 0.5515625 0.06640625 0.1078125
1 0.54921875 0.38984375 0.0609375 0.10546875
1 0.88515625 0.684375 0.12109375 0.16796875
1 0.79921875 0.77578125 0.1515625 0.2109375
1 0.67578125 0.9109375 0.16328125 0.17734375
1 0.39765625 0.3125 0.02734375 0.02890625
3 0.7703125 0.5203125 0.1046875 0.1390625
3 0.653125 0.50234375 0.14140625 0.2078125
3 0.34140625 0.296875 0.03203125 0.0578125
3 0.3203125 0.334375 0.02890625 0.05859375