1 0.31484375 0.5109375 0.07734375 0.09765625
1 0.25078125 0.81484375 0.11953125 0.15390625
1 0.52578125 0.49375 0.053125 0.103125
1 0.59296875 0.71953125 0.10078125 0.14921875
1 0.55078125 0.43046875 0.04609375 0.065625
1 0.50390625 0.3765625 0.0296875 0.0484375
1 0.83671875 0.81875 0.14453125 0.20546875
1 0.37265625 0.3828125 0.03359375 0.04375
1 0.46484375 0.32109375 0.02109375 0.03359375
3 0.046875 0.60859375 0.09375 0.2171875
3 0.3515625 0.3 0.0390625 0.08125
3 0.52109375 0.32265625 0.04296875 0.07421875
3 0.48046875 0.28984375 0.03203125 0.05078125
3 0.60859375 0.371875 0.07421875 0.08671875
1 0.39140625 0.33046875 0.03203125 0.03515625