1 0.83203125 0.61328125 0.10546875 0.13984375
1 0.60625 0.73984375 0.121875 0.1890625
3 0.16640625 0.5984375 0.13046875 0.1609375
3 0.6609375 0.5203125 0.1515625 0.23125
4 0.53359375 0.5515625 0.06875 0.10390625
1 0.49921875 0.47890625 0.0546875 0.071875
1 0.49140625 0.42265625 0.04609375 0.05078125
3 0.56640625 0.4046875 0.06171875 0.10078125
3 0.65625 0.403125 0.06484375 0.08125
3 0.5265625 0.33515625 0.04453125 0.09609375
1 0.3921875 0.33515625 0.02109375 0.0328125
4 0.340625 0.5015625 0.05390625 0.08203125
0 0.6296875 0.35625 0.0609375 0.07421875
1 0.4828125 0.38984375 0.0359375 0.034375
1 0.47578125 0.36875 0.028125 0.0234375
1 0.40078125 0.30546875 0.01640625 0.02265625
3 0.55078125 0.30390625 0.0359375 0.05390625
1 0.46953125 0.35234375 0.0265625 0.02578125