4 0.559375 0.65234375 0.0921875 0.14296875
1 0.4921875 0.4171875 0.046875 0.04375
1 0.53359375 0.5578125 0.08125 0.1078125
3 0.3671875 0.31015625 0.01875 0.02890625
1 0.31796875 0.5609375 0.071875 0.0890625
3 0.5359375 0.32109375 0.034375 0.0453125
3 0.53515625 0.36171875 0.0296875 0.0625
3 0.38125 0.2921875 0.01796875 0.02578125
1 0.49765625 0.465625 0.05078125 0.07890625
3 0.60859375 0.4296875 0.08828125 0.125
3 0.37578125 0.2734375 0.0125 0.021875
1 0.3984375 0.32890625 0.021875 0.03359375
1 0.36796875 0.4046875 0.03828125 0.0453125
1 0.52421875 0.51875 0.065625 0.1
1 0.75546875 0.525 0.0484375 0.0796875
3 0.56953125 0.4171875 0.02890625 0.075
3 0.621875 0.35859375 0.07421875 0.08125
3 0.34453125 0.3390625 0.03828125 0.0703125
3 0.8578125 0.784375 0.284375 0.43125
3 0.8984375 0.57265625 0.203125 0.240625
3 0.66484375 0.52734375 0.14453125 0.25
3 0.21015625 0.4734375 0.15234375 0.23046875
3 0.31015625 0.37421875 0.04140625 0.06484375
3 0.31328125 0.31796875 0.0390625 0.0578125
1 0.40234375 0.3078125 0.01796875 0.01640625
1 0.4078125 0.29453125 0.01640625 0.01875
1 0.63046875 0.8859375 0.1515625 0.20546875
3 0.55390625 0.37265625 0.0421875 0.08203125