3 0.315625 0.5546875 0.121875 0.2234375
3 0.88203125 0.628125 0.209375 0.340625
3 0.11796875 0.809375 0.23203125 0.38046875
1 0.5578125 0.23828125 0.0125 0.02421875
1 0.5171875 0.40859375 0.0390625 0.05234375
1 0.484375 0.46796875 0.05234375 0.075
1 0.53828125 0.325 0.0234375 0.0484375
1 0.39765625 0.371875 0.0453125 0.05859375
1 0.53203125 0.23828125 0.015625 0.02109375
1 0.45390625 0.4046875 0.04140625 0.0609375
1 0.51875 0.29375 0.01875 0.03359375
1 0.584375 0.24921875 0.0171875 0.03515625
1 0.521875 0.365625 0.03046875 0.0421875
1 0.59453125 0.29765625 0.0171875 0.02421875
1 0.47734375 0.296875 0.021875 0.028125
1 0.4078125 0.68984375 0.11328125 0.15234375
1 0.62578125 0.31328125 0.02109375 0.02421875
3 0.17109375 0.52734375 0.1828125 0.2046875