1 0.69921875 0.9125 0.17734375 0.175
3 0.75625 0.61484375 0.14453125 0.24453125
1 0.340625 0.48515625 0.05859375 0.07734375
3 0.15703125 0.4578125 0.11875 0.1578125
3 0.27421875 0.4421875 0.06328125 0.09921875
0 0.5828125 0.353125 0.0546875 0.090625
1 0.48984375 0.41015625 0.04296875 0.04921875
3 0.25859375 0.37578125 0.0671875 0.09375
0 0.3515625 0.32421875 0.04296875 0.075
1 0.3875 0.34921875 0.0375 0.03984375
3 0.4921875 0.3046875 0.02890625 0.06171875
1 0.4578125 0.3078125 0.01953125 0.01875
3 0.51484375 0.29921875 0.01953125 0.02734375