3 0.028125 0.86015625 0.05546875 0.27890625
3 0.08359375 0.5328125 0.11015625 0.1484375
3 0.921875 0.84375 0.15625 0.3125
3 0.8578125 0.7078125 0.228125 0.33671875
3 0.66171875 0.54609375 0.1078125 0.20859375
3 0.83203125 0.515625 0.13828125 0.1
3 0.73828125 0.471875 0.08828125 0.13203125
1 0.31015625 0.596875 0.084375 0.10703125
1 0.6390625 0.94609375 0.146875 0.1078125
1 0.61328125 0.84140625 0.1421875 0.18359375
1 0.575 0.71875 0.1015625 0.14375
3 0.53671875 0.61875 0.08671875 0.15546875
1 0.35859375 0.41015625 0.03984375 0.05625
1 0.5296875 0.51875 0.06328125 0.0640625
1 0.5109375 0.47890625 0.05546875 0.06875
3 0.64140625 0.4046875 0.0625 0.09453125
3 0.6078125 0.35390625 0.0671875 0.10625
3 0.5546875 0.38515625 0.0515625 0.09140625
1 0.49609375 0.43046875 0.04375 0.0546875
1 0.34140625 0.31171875 0.02109375 0.028125
1 0.396875 0.31796875 0.0203125 0.02578125
1 0.37421875 0.30234375 0.01484375 0.0234375