3 0.93203125 0.53359375 0.1109375 0.140625
3 0.68046875 0.353125 0.04609375 0.0671875
3 0.465625 0.63515625 0.08046875 0.1625
3 0.44765625 0.3875 0.0484375 0.090625
3 0.3578125 0.40078125 0.08515625 0.10859375
3 0.3734375 0.509375 0.0734375 0.13125
3 0.3328125 0.54765625 0.10390625 0.20859375
3 0.1796875 0.528125 0.19921875 0.29296875
3 0.20625 0.69140625 0.11484375 0.1796875
3 0.10234375 0.796875 0.2046875 0.40625
1 0.3703125 0.90625 0.159375 0.1875
1 0.4171875 0.7625 0.11640625 0.175
1 0.78203125 0.53671875 0.0671875 0.0921875
3 0.628125 0.29296875 0.028125 0.053125