1 0.64296875 0.89375 0.1515625 0.2125
1 0.584375 0.75859375 0.1125 0.18203125
1 0.6921875 0.6171875 0.0890625 0.13359375
1 0.55859375 0.65703125 0.08359375 0.12890625
1 0.34765625 0.47421875 0.05 0.06875
1 0.7875 0.56640625 0.0875 0.08046875
3 0.553125 0.5640625 0.08515625 0.10625
1 0.8546875 0.59375 0.0890625 0.0578125
1 0.228125 0.48046875 0.05703125 0.065625
1 0.5265625 0.54765625 0.05390625 0.08828125
1 0.31484375 0.3796875 0.03203125 0.0359375
1 0.36328125 0.38203125 0.03359375 0.034375
1 0.37578125 0.303125 0.015625 0.0203125
1 0.34296875 0.30625 0.01796875 0.01796875
1 0.5109375 0.46640625 0.059375 0.05546875
1 0.40078125 0.303125 0.0203125 0.02265625
1 0.3984375 0.3171875 0.01640625 0.021875
1 0.7234375 0.49453125 0.021875 0.06171875
1 0.478125 0.3734375 0.03359375 0.0359375
3 0.87109375 0.7953125 0.2578125 0.409375
3 0.65625 0.49296875 0.12421875 0.21328125
3 0.65625 0.3734375 0.0921875 0.08046875
0 0.58203125 0.43203125 0.08515625 0.1625
1 0.4953125 0.4328125 0.0453125 0.0546875