3 0.22109375 0.38671875 0.10546875 0.14453125
1 0.27109375 0.59765625 0.0875 0.103125
1 0.8859375 0.88671875 0.1734375 0.2265625
1 0.5640625 0.60234375 0.07109375 0.13671875
3 0.6359375 0.48671875 0.08828125 0.153125
1 0.765625 0.5546875 0.08515625 0.10703125
1 0.36796875 0.403125 0.03515625 0.059375
1 0.5 0.45390625 0.04765625 0.078125
1 0.56796875 0.43203125 0.0484375 0.06875
1 0.4859375 0.396875 0.0359375 0.03984375
1 0.3796875 0.35625 0.0328125 0.03671875
1 0.5625 0.3484375 0.03125 0.0484375