1 0.2296875 0.88203125 0.1484375 0.18125
1 0.325 0.51171875 0.05703125 0.075
1 0.53984375 0.5953125 0.075 0.11875
1 0.35625 0.453125 0.04453125 0.05390625
4 0.6390625 0.82109375 0.12734375 0.23359375
1 0.29296875 0.40859375 0.0390625 0.04375
1 0.08203125 0.68359375 0.11171875 0.13125
1 0.56015625 0.41171875 0.040625 0.05546875
1 0.49921875 0.4171875 0.040625 0.0609375
1 0.36796875 0.3984375 0.03359375 0.04765625
1 0.396875 0.33046875 0.02265625 0.0390625
1 0.47109375 0.35390625 0.025 0.03046875
1 0.490625 0.36796875 0.028125 0.040625
1 0.02578125 0.94609375 0.0515625 0.10078125
1 0.4578125 0.32109375 0.0203125 0.0296875
3 0.60390625 0.38203125 0.04765625 0.0890625
3 0.2109375 0.40078125 0.07890625 0.09921875
3 0.87734375 0.6015625 0.14140625 0.23671875
3 0.69296875 0.56796875 0.14609375 0.22109375