1 0.39296875 0.7796875 0.12890625 0.19765625
1 0.38359375 0.515625 0.06640625 0.08515625
1 0.4171875 0.45703125 0.0515625 0.06953125
1 0.37109375 0.4171875 0.04375 0.05078125
3 0.475 0.546875 0.06875 0.10234375
1 0.66015625 0.35546875 0.02734375 0.0328125
1 0.49453125 0.4484375 0.05703125 0.059375
1 0.5125 0.41171875 0.04375 0.046875
1 0.6171875 0.3484375 0.02578125 0.03203125
1 0.521875 0.375 0.0390625 0.0421875
1 0.60078125 0.31171875 0.0171875 0.02734375
0 0.4484375 0.37265625 0.07265625 0.09921875
1 0.5890625 0.275 0.01171875 0.0234375
1 0.60625 0.2625 0.01171875 0.021875
3 0.74609375 0.37109375 0.06328125 0.0890625
3 0.16640625 0.746875 0.33203125 0.50625
3 0.2921875 0.44375 0.1203125 0.16875
3 0.39375 0.3765625 0.05234375 0.0875
3 0.4828125 0.3375 0.05546875 0.09296875
3 0.40625 0.3234375 0.04921875 0.0234375
3 0.44296875 0.30546875 0.0390625 0.0328125
0 0.53125 0.3265625 0.03984375 0.071875
0 0.63828125 0.28046875 0.02421875 0.03828125
1 0.49140625 0.484375 0.05703125 0.08515625
1 0.95546875 0.90390625 0.0890625 0.1921875