3 0.33984375 0.52265625 0.1140625 0.1984375
1 0.74453125 0.728125 0.10703125 0.13828125
1 0.4796875 0.50390625 0.05703125 0.07734375
1 0.52578125 0.359375 0.0296875 0.04453125
1 0.77421875 0.421875 0.04453125 0.05390625
0 0.4375 0.38046875 0.06875 0.1109375
1 0.63828125 0.4234375 0.03984375 0.05390625
3 0.38515625 0.375 0.06328125 0.103125
1 0.51015625 0.38671875 0.03203125 0.0484375
1 0.496875 0.4390625 0.046875 0.05703125
1 0.4390625 0.6265625 0.0875 0.13515625
3 0.2125 0.71328125 0.17890625 0.30625
3 0.47734375 0.34609375 0.03984375 0.08359375
3 0.30390625 0.4546875 0.115625 0.16953125
1 0.59921875 0.3109375 0.01640625 0.02265625
3 0.4078125 0.475 0.05 0.1109375
1 0.53984375 0.315625 0.028125 0.03984375
1 0.63359375 0.3078125 0.0203125 0.0328125
1 0.54609375 0.2984375 0.02109375 0.03984375
1 0.06328125 0.609375 0.1125 0.1265625
1 0.5921875 0.29296875 0.01328125 0.021875
1 0.21015625 0.50390625 0.0671875 0.0921875
0 0.48671875 0.29609375 0.03046875 0.04609375