3 0.33984375 0.55625 0.10546875 0.16796875
3 0.45234375 0.38828125 0.05234375 0.096875
1 0.20703125 0.7609375 0.1296875 0.18203125
3 0.3609375 0.4234375 0.08828125 0.103125
1 0.44765625 0.5890625 0.08203125 0.128125
1 0.3734375 0.84375 0.13671875 0.22734375
3 0.415625 0.35078125 0.03515625 0.07421875
3 0.73203125 0.4375 0.0703125 0.11171875
3 0.209375 0.58125 0.11484375 0.1484375
4 0.4890625 0.47421875 0.05859375 0.115625
4 0.23125 0.4828125 0.06171875 0.07421875
3 0.05 0.740625 0.1 0.21875
3 0.50859375 0.31015625 0.025 0.05234375
1 0.8328125 0.47734375 0.059375 0.0671875
0 0.4921875 0.31328125 0.03203125 0.05625
1 0.51171875 0.4015625 0.03125 0.04453125
1 0.48671875 0.42265625 0.040625 0.04296875
1 0.81875 0.9609375 0.15625 0.0765625
1 0.521875 0.3734375 0.0296875 0.04140625