3 0.18125 0.5171875 0.153125 0.24296875
3 0.7609375 0.69453125 0.153125 0.196875
1 0.4625 0.31796875 0.0203125 0.034375
3 0.275 0.4078125 0.08203125 0.1515625
1 0.51015625 0.33046875 0.0203125 0.03359375
1 0.51796875 0.5015625 0.0546875 0.08203125
1 0.5609375 0.346875 0.0296875 0.03671875
3 0.61015625 0.3765625 0.05625 0.09453125
3 0.3328125 0.3 0.03359375 0.0578125
3 0.4859375 0.39140625 0.03203125 0.04609375
3 0.5640625 0.40390625 0.0359375 0.06640625
3 0.05859375 0.55859375 0.10859375 0.1296875
1 0.6484375 0.57265625 0.07578125 0.09375
3 0.5640625 0.61796875 0.0828125 0.1359375
1 0.30703125 0.62890625 0.08671875 0.12265625
3 0.540625 0.32890625 0.02265625 0.0296875
3 0.759375 0.5421875 0.09765625 0.1484375
3 0.39921875 0.31640625 0.01953125 0.0265625
1 0.35234375 0.340625 0.02265625 0.040625
1 0.47578125 0.35859375 0.025 0.0328125
1 0.53828125 0.3796875 0.02890625 0.04140625
1 0.3875 0.36796875 0.02890625 0.03984375
1 0.59296875 0.44765625 0.0515625 0.065625