1 0.540625 0.58203125 0.0703125 0.1296875
1 0.3375 0.5234375 0.0640625 0.0828125
1 0.17109375 0.921875 0.18203125 0.14765625
1 0.3859375 0.35625 0.02890625 0.0421875
1 0.4875 0.40390625 0.0359375 0.05625
1 0.39140625 0.32734375 0.02265625 0.02734375
0 0.88203125 0.80390625 0.23515625 0.3921875
1 0.7375 0.93359375 0.178125 0.1328125
4 0.72890625 0.64140625 0.10234375 0.14921875
3 0.2015625 0.52265625 0.08671875 0.1265625
3 0.0578125 0.575 0.115625 0.1625
3 0.25078125 0.46484375 0.05859375 0.06640625
3 0.2796875 0.371875 0.04453125 0.06796875
3 0.3359375 0.3359375 0.04765625 0.0796875
1 0.36484375 0.3984375 0.03828125 0.040625
0 0.4796875 0.3453125 0.0515625 0.08515625
3 0.5875 0.42265625 0.096875 0.16484375
3 0.70546875 0.446875 0.11875 0.16640625
3 0.6421875 0.40546875 0.0375 0.0796875
3 0.578125 0.32109375 0.059375 0.0640625
3 0.5296875 0.3375 0.05546875 0.09140625
1 0.39921875 0.30546875 0.01953125 0.0265625