1 0.41484375 0.26953125 0.015625 0.0359375
1 0.56328125 0.61328125 0.0890625 0.14140625
1 0.478125 0.28515625 0.01640625 0.0296875
1 0.45 0.28984375 0.0140625 0.0265625
1 0.4703125 0.34375 0.021875 0.03046875
1 0.71171875 0.5125 0.0640625 0.071875
3 0.80625 0.54453125 0.11875 0.15859375
1 0.3703125 0.3890625 0.0328125 0.0421875
1 0.48515625 0.4 0.03203125 0.05234375
1 0.4 0.30859375 0.0171875 0.02265625
1 0.46484375 0.31484375 0.021875 0.0296875
3 0.63046875 0.4921875 0.08359375 0.14765625
3 0.36015625 0.31875 0.03125 0.05859375
1 0.44921875 0.2484375 0.01953125 0.0375
1 0.40546875 0.24765625 0.01640625 0.021875
1 0.6515625 0.4265625 0.05546875 0.059375
1 0.7546875 0.70625 0.11953125 0.16171875
1 0.1171875 0.7015625 0.1125 0.12265625
1 0.515625 0.49609375 0.05546875 0.08203125
1 0.571875 0.43203125 0.04296875 0.0609375
1 0.51328125 0.425 0.04140625 0.05859375
1 0.5171875 0.29296875 0.015625 0.01796875
3 0.9546875 0.67109375 0.090625 0.28671875