1 0.6109375 0.87421875 0.14375 0.2359375
1 0.5765625 0.7359375 0.10234375 0.159375
3 0.53359375 0.61875 0.07890625 0.14765625
3 0.6203125 0.50703125 0.07265625 0.1390625
3 0.6671875 0.54453125 0.109375 0.2
3 0.55078125 0.3859375 0.04921875 0.0875
1 0.52890625 0.5234375 0.05703125 0.06953125
1 0.4828125 0.37578125 0.03515625 0.040625
3 0.921875 0.84296875 0.15625 0.31015625
1 0.59296875 0.4453125 0.04453125 0.06484375
3 0.63671875 0.3734375 0.078125 0.11953125
1 0.51875 0.490625 0.05390625 0.07421875
1 0.37265625 0.31953125 0.01953125 0.02890625
3 0.85625 0.70625 0.23046875 0.34375
1 0.50234375 0.46796875 0.04375 0.071875
3 0.39921875 0.26171875 0.01171875 0.02265625
1 0.48125 0.3984375 0.028125 0.03515625
1 0.4015625 0.3078125 0.0171875 0.02890625
1 0.55859375 0.575 0.075 0.11484375
3 0.53359375 0.35390625 0.053125 0.090625
1 0.37421875 0.27890625 0.0140625 0.01875
3 0.57578125 0.34453125 0.04453125 0.0765625
1 0.3609375 0.38984375 0.0328125 0.04453125
1 0.465625 0.33984375 0.025 0.03046875
1 0.32734375 0.53125 0.06953125 0.090625
1 0.49765625 0.421875 0.03203125 0.03515625
1 0.38671875 0.36015625 0.02734375 0.03828125
1 0.47421875 0.35703125 0.02890625 0.03046875
3 0.803125 0.5 0.11328125 0.103125
3 0.29140625 0.3484375 0.03671875 0.059375
3 0.50546875 0.3140625 0.04453125 0.0765625
1 0.4125 0.2734375 0.01171875 0.015625
1 0.40390625 0.2890625 0.0125 0.01484375
4 0.325 0.4375 0.0609375 0.0796875
3 0.334375 0.34453125 0.05390625 0.0625
3 0.3828125 0.2609375 0.01640625 0.02890625
3 0.9578125 0.63359375 0.084375 0.1296875
3 0.73125 0.63671875 0.0453125 0.14453125
3 0.68125 0.43828125 0.07890625 0.12890625
1 0.59140625 0.38828125 0.0265625 0.0375
1 0.5703125 0.4234375 0.03984375 0.04765625