1 0.48046875 0.4734375 0.05859375 0.08125
1 0.50859375 0.390625 0.03671875 0.0515625
1 0.45390625 0.378125 0.0359375 0.05390625
1 0.65390625 0.4328125 0.04765625 0.05625
1 0.3171875 0.5859375 0.084375 0.115625
1 0.66875 0.36328125 0.028125 0.03359375
1 0.47890625 0.34453125 0.0265625 0.03828125
1 0.3796875 0.73046875 0.1078125 0.1703125
1 0.7640625 0.66875 0.109375 0.13359375
1 0.5234375 0.32890625 0.02421875 0.0296875
1 0.53828125 0.30859375 0.0203125 0.02890625
1 0.64921875 0.33359375 0.021875 0.0265625
1 0.6125 0.33984375 0.02421875 0.0234375
1 0.5890625 0.271875 0.0140625 0.0140625
1 0.528125 0.284375 0.0140625 0.02109375
1 0.54765625 0.28515625 0.0140625 0.01875
1 0.5953125 0.29453125 0.01484375 0.0203125
3 0.53125 0.2640625 0.021875 0.02890625
0 0.5 0.2796875 0.025 0.04140625
3 0.609375 0.27890625 0.0171875 0.02578125