0 0.521875 0.33671875 0.0421875 0.0734375
1 0.5109375 0.478125 0.05 0.07578125
3 0.55234375 0.38359375 0.06015625 0.09609375
3 0.33984375 0.33671875 0.034375 0.059375
1 0.48828125 0.4109375 0.03984375 0.05703125
3 0.578125 0.4421875 0.075 0.140625
3 0.61015625 0.375 0.0546875 0.0859375
1 0.6921875 0.90859375 0.1828125 0.17890625
1 0.18125 0.92265625 0.153125 0.14453125
1 0.36875 0.390625 0.0328125 0.040625
4 0.56796875 0.64453125 0.10078125 0.2
1 0.5734375 0.53359375 0.0703125 0.0984375
1 0.28984375 0.36328125 0.02890625 0.03984375
4 0.25859375 0.4640625 0.065625 0.10625
3 0.70390625 0.49375 0.13125 0.1328125
3 0.8921875 0.859375 0.215625 0.28125
1 0.46875 0.3390625 0.02734375 0.0390625