3 0.26484375 0.70859375 0.11328125 0.1453125
3 0.03046875 0.86796875 0.0609375 0.2640625
3 0.1421875 0.571875 0.184375 0.25546875
3 0.3140625 0.36171875 0.05859375 0.08046875
3 0.27421875 0.359375 0.0453125 0.05625
1 0.35078125 0.4359375 0.04296875 0.03984375
1 0.678125 0.584375 0.09609375 0.11875
4 0.52265625 0.5078125 0.0640625 0.0953125
3 0.534375 0.34296875 0.0390625 0.06875
1 0.475 0.3546875 0.028125 0.0328125
1 0.503125 0.32890625 0.02109375 0.034375
1 0.4546875 0.3078125 0.01796875 0.02109375
1 0.490625 0.30703125 0.01953125 0.01953125
1 0.40078125 0.30234375 0.01640625 0.0171875
3 0.375 0.265625 0.01640625 0.02890625
3 0.396875 0.2609375 0.01484375 0.02265625
1 0.39140625 0.3234375 0.0203125 0.025
1 0.45625 0.2859375 0.01484375 0.01640625