3 0.8046875 0.4953125 0.1515625 0.215625
3 0.95 0.77734375 0.1 0.40390625
3 0.78046875 0.3671875 0.06953125 0.05859375
3 0.6859375 0.3109375 0.0375 0.06796875
3 0.33515625 0.4375 0.0625 0.075
1 0.44453125 0.6421875 0.090625 0.15078125
1 0.4765625 0.48828125 0.053125 0.08671875
1 0.44140625 0.39453125 0.0390625 0.0515625
1 0.09140625 0.89296875 0.178125 0.20390625
1 0.6453125 0.48203125 0.0515625 0.06875
1 0.61875 0.35546875 0.0296875 0.03828125
1 0.5015625 0.42109375 0.03828125 0.0625
1 0.68671875 0.39609375 0.03359375 0.05546875
1 0.42109375 0.45859375 0.046875 0.06171875
3 0.4234375 0.3375 0.03828125 0.05234375
1 0.45859375 0.32734375 0.025 0.03125
1 0.52265625 0.3609375 0.02734375 0.03984375
1 0.53203125 0.33515625 0.02109375 0.03515625
1 0.5 0.31484375 0.01953125 0.03046875
3 0.37109375 0.51328125 0.0796875 0.1125
1 0.4796875 0.35234375 0.021875 0.0328125
1 0.5234375 0.284375 0.01796875 0.0296875
3 0.46328125 0.36796875 0.0296875 0.04921875
1 0.5421875 0.30390625 0.01796875 0.0328125
1 0.5921875 0.28984375 0.01875 0.03515625
1 0.50859375 0.2734375 0.0171875 0.0296875