1 0.55625 0.65234375 0.08828125 0.1296875
1 0.53359375 0.5296875 0.0625 0.08984375
1 0.2515625 0.77890625 0.11796875 0.14296875
1 0.5046875 0.44921875 0.05078125 0.06640625
1 0.3796875 0.36328125 0.02890625 0.03671875
1 0.3296875 0.38125 0.0328125 0.0484375
1 0.59296875 0.48046875 0.040625 0.07734375
1 0.640625 0.41640625 0.0453125 0.03359375
1 0.48359375 0.37734375 0.03515625 0.04765625
1 0.47265625 0.34453125 0.0234375 0.03046875
3 0.37578125 0.3015625 0.01796875 0.0265625
3 0.3890625 0.27109375 0.02109375 0.0375
3 0.3671875 0.26953125 0.0203125 0.0328125
3 0.3609375 0.2875 0.015625 0.0234375
3 0.23515625 0.4109375 0.0453125 0.07109375
3 0.2703125 0.45 0.06640625 0.09140625
3 0.75859375 0.51015625 0.0953125 0.14296875
3 0.65859375 0.51484375 0.10234375 0.16640625
3 0.5625 0.39921875 0.0515625 0.0578125
3 0.53046875 0.36328125 0.0390625 0.0484375
1 0.39453125 0.3203125 0.02265625 0.0296875