1 0.32578125 0.51484375 0.06953125 0.084375
1 0.5328125 0.45390625 0.04921875 0.08515625
3 0.62578125 0.4671875 0.08046875 0.1625
3 0.82734375 0.740625 0.28359375 0.41953125
1 0.296875 0.36171875 0.02890625 0.04140625
1 0.33046875 0.3625 0.028125 0.0546875
1 0.38125 0.38671875 0.03125 0.0421875
1 0.48046875 0.37734375 0.0375 0.0375
1 0.51640625 0.34140625 0.02421875 0.03984375
1 0.39609375 0.3234375 0.0234375 0.0296875
1 0.4765625 0.340625 0.02421875 0.03828125
3 0.5265625 0.29921875 0.028125 0.04921875
1 0.36640625 0.31171875 0.0203125 0.0203125