1 0.18046875 0.9046875 0.1921875 0.190625
1 0.66640625 0.91875 0.1734375 0.1625
3 0.77578125 0.69921875 0.17578125 0.26484375
4 0.3484375 0.46875 0.0625 0.10234375
3 0.828125 0.56484375 0.140625 0.16328125
1 0.54609375 0.5796875 0.0625 0.1046875
1 0.34140625 0.3453125 0.03359375 0.05
1 0.69375 0.47734375 0.06171875 0.090625
1 0.6765625 0.56796875 0.06171875 0.11171875
1 0.625 0.5015625 0.05 0.09296875
1 0.51015625 0.47578125 0.05 0.06640625
1 0.5 0.41640625 0.04921875 0.06015625
1 0.6046875 0.39765625 0.04765625 0.05859375
3 0.54609375 0.36875 0.04765625 0.078125
1 0.3890625 0.3484375 0.028125 0.04375
1 0.30234375 0.3484375 0.02890625 0.03984375
1 0.4734375 0.37109375 0.034375 0.04140625
1 0.5203125 0.346875 0.02578125 0.0375
1 0.403125 0.29921875 0.01796875 0.028125
1 0.50078125 0.321875 0.0265625 0.03671875