1 0.48125 0.525 0.06328125 0.0921875
3 0.85 0.61484375 0.12265625 0.1640625
1 0.6453125 0.42421875 0.04296875 0.05078125
1 0.521875 0.35859375 0.0296875 0.04765625
3 0.3265625 0.44765625 0.065625 0.11875
3 0.4515625 0.33359375 0.0265625 0.03515625
1 0.5328125 0.33046875 0.021875 0.03828125
3 0.48046875 0.34921875 0.02890625 0.05
3 0.40078125 0.446875 0.07109375 0.1328125
1 0.4859375 0.4515625 0.04765625 0.0609375
1 0.4078125 0.784375 0.12265625 0.1953125
0 0.0515625 0.7171875 0.103125 0.33828125
3 0.45625 0.375 0.03984375 0.0546875
3 0.70390625 0.5 0.05625 0.0921875
1 0.1296875 0.56484375 0.09296875 0.10390625
1 0.50859375 0.41171875 0.03828125 0.05625
1 0.615625 0.34765625 0.0234375 0.03203125
3 0.88984375 0.528125 0.090625 0.1234375