1 0.578125 0.73671875 0.11015625 0.1578125
3 0.5359375 0.6265625 0.08515625 0.1546875
3 0.62265625 0.50546875 0.07265625 0.13359375
1 0.5578125 0.575 0.078125 0.11484375
3 0.66953125 0.5421875 0.11328125 0.20546875
1 0.50234375 0.46484375 0.0421875 0.06796875
1 0.51796875 0.4921875 0.0625 0.0796875
3 0.5296875 0.34375 0.053125 0.07265625
1 0.615625 0.8875 0.14453125 0.21640625
1 0.471875 0.35234375 0.028125 0.03203125
3 0.55078125 0.38515625 0.0515625 0.09375
1 0.5328125 0.52265625 0.06640625 0.0703125
1 0.48203125 0.3796875 0.03515625 0.04296875
3 0.8828125 0.7703125 0.234375 0.440625
1 0.5921875 0.446875 0.04921875 0.06640625
3 0.365625 0.3 0.0359375 0.0671875
3 0.3890625 0.2796875 0.015625 0.02734375
3 0.74765625 0.65078125 0.05859375 0.1578125
1 0.0578125 0.80234375 0.115625 0.16875
3 0.3 0.39296875 0.0578125 0.0921875
1 0.3171875 0.33359375 0.021875 0.03203125
3 0.8078125 0.48125 0.20390625 0.21953125
3 0.50859375 0.3109375 0.04140625 0.06953125
1 0.5 0.42265625 0.04140625 0.03125
3 0.38046875 0.259375 0.01640625 0.0234375
3 0.63828125 0.3890625 0.0859375 0.09765625
1 0.56953125 0.421875 0.03984375 0.05625
1 0.47265625 0.334375 0.01953125 0.0125
3 0.51171875 0.27265625 0.02890625 0.028125
1 0.46484375 0.32890625 0.02421875 0.0328125
1 0.30234375 0.346875 0.02421875 0.02265625
1 0.49375 0.3984375 0.04140625 0.0453125
3 0.403125 0.25234375 0.0125 0.02265625
1 0.40078125 0.31484375 0.021875 0.02890625
3 0.5421875 0.29921875 0.028125 0.028125
3 0.9484375 0.61015625 0.103125 0.1375
1 0.59375 0.3765625 0.01953125 0.046875