1 0.553125 0.57265625 0.078125 0.1078125
1 0.50859375 0.46953125 0.0546875 0.08203125
1 0.35859375 0.4140625 0.0390625 0.05546875
1 0.38359375 0.3484375 0.028125 0.03828125
1 0.47734375 0.37265625 0.0328125 0.04453125
1 0.4921875 0.4140625 0.03984375 0.040625
1 0.3484375 0.30078125 0.01484375 0.0203125
1 0.4703125 0.34921875 0.025 0.03515625
1 0.51640625 0.34140625 0.02890625 0.053125
1 0.4015625 0.30546875 0.015625 0.0265625
3 0.59140625 0.46015625 0.0734375 0.14765625
3 0.64453125 0.4015625 0.08359375 0.1375
3 0.79140625 0.48984375 0.16171875 0.16171875
0 0.80234375 0.68984375 0.24375 0.37421875