1 0.08125 0.7390625 0.134375 0.196875
1 0.2359375 0.77421875 0.13828125 0.17109375
1 0.6125 0.83125 0.125 0.19140625
1 0.66640625 0.96015625 0.1328125 0.0796875
1 0.8609375 0.61796875 0.1078125 0.1328125
1 0.70546875 0.63203125 0.096875 0.12890625
1 0.56953125 0.66640625 0.090625 0.1328125
1 0.37890625 0.37265625 0.0390625 0.04921875
1 0.31015625 0.37265625 0.04140625 0.03671875
1 0.5125 0.4578125 0.05703125 0.02890625
1 0.5171875 0.496875 0.05390625 0.04296875
1 0.79609375 0.57265625 0.06484375 0.10078125
1 0.7625 0.528125 0.05078125 0.0828125
1 0.93203125 0.6828125 0.1046875 0.05234375
3 0.54765625 0.5578125 0.08046875 0.09921875
3 0.66796875 0.48671875 0.12578125 0.19765625
3 0.659375 0.3609375 0.09375 0.0640625
3 0.88828125 0.8484375 0.22109375 0.303125
0 0.578125 0.4296875 0.08203125 0.16015625