3 0.52265625 0.30078125 0.028125 0.0421875
1 0.50703125 0.39140625 0.0359375 0.05390625
3 0.5890625 0.40703125 0.05625 0.11484375
1 0.471875 0.325 0.025 0.034375
0 0.37890625 0.2890625 0.021875 0.04375
3 0.31328125 0.390625 0.0375 0.059375
1 0.39296875 0.34140625 0.0234375 0.03671875
1 0.35859375 0.31796875 0.01953125 0.0296875
1 0.2671875 0.3875 0.03359375 0.0375
3 0.6796875 0.54921875 0.14921875 0.2140625
1 0.48984375 0.3 0.015625 0.02109375
1 0.371875 0.425 0.03984375 0.059375
1 0.28515625 0.6453125 0.09609375 0.1140625
3 0.3546875 0.29921875 0.0171875 0.03046875
1 0.38203125 0.32421875 0.01796875 0.02578125
1 0.37734375 0.38515625 0.03515625 0.0390625