1 0.53359375 0.2421875 0.01875 0.0296875
3 0.1375 0.78984375 0.23671875 0.39609375
1 0.5375 0.31796875 0.021875 0.0375
1 0.5609375 0.2359375 0.01171875 0.02265625
1 0.51015625 0.2734375 0.0171875 0.028125
1 0.4859375 0.46484375 0.0515625 0.07890625
3 0.32578125 0.5453125 0.11484375 0.21484375
1 0.5828125 0.259375 0.01328125 0.021875
3 0.89921875 0.66875 0.2 0.3671875
1 0.39921875 0.36953125 0.04453125 0.0578125
1 0.4234375 0.665625 0.0890625 0.13203125
1 0.521875 0.40625 0.046875 0.05390625
3 0.18125 0.52421875 0.1734375 0.19140625