3 0.31796875 0.34765625 0.06171875 0.10546875
4 0.290625 0.6125 0.08515625 0.11171875
1 0.38671875 0.29375 0.01875 0.025
3 0.36171875 0.40546875 0.03515625 0.05234375
1 0.46484375 0.31953125 0.01875 0.02734375
1 0.57109375 0.4265625 0.040625 0.05859375
3 0.57578125 0.34765625 0.05 0.08046875
1 0.50078125 0.4296875 0.040625 0.0546875
1 0.86484375 0.84921875 0.153125 0.215625
0 0.38203125 0.340625 0.03515625 0.06171875
1 0.45625 0.29453125 0.01796875 0.02734375
3 0.4984375 0.30703125 0.0328125 0.06953125