3 0.09921875 0.68515625 0.1984375 0.31484375
3 0.353125 0.81015625 0.17109375 0.21484375
1 0.70859375 0.66640625 0.1140625 0.134375
1 0.875 0.54921875 0.06484375 0.0796875
1 0.7484375 0.5125 0.07890625 0.065625
1 0.6484375 0.45390625 0.05078125 0.06171875
1 0.78046875 0.42734375 0.04375 0.05546875
3 0.3875 0.4609375 0.09921875 0.16015625
0 0.490625 0.45546875 0.05390625 0.09609375
4 0.32890625 0.43203125 0.0328125 0.05078125
1 0.4328125 0.35390625 0.0265625 0.02890625
1 0.46328125 0.36875 0.028125 0.03203125
1 0.4875 0.33984375 0.025 0.03359375
3 0.49140625 0.2875 0.021875 0.04140625
1 0.628125 0.40078125 0.0375 0.04375
3 0.68046875 0.378125 0.06328125 0.10390625
3 0.7265625 0.3578125 0.03046875 0.06484375
3 0.62265625 0.28984375 0.028125 0.0484375
3 0.51796875 0.29375 0.021875 0.03515625
1 0.61796875 0.35625 0.0234375 0.03515625
1 0.609375 0.33203125 0.02265625 0.021875
1 0.53828125 0.3109375 0.01875 0.0296875
1 0.53359375 0.3421875 0.0171875 0.021875
1 0.5125 0.359375 0.0234375 0.025
1 0.5203125 0.3859375 0.028125 0.034375