1 0.8546875 0.93984375 0.18125 0.1203125
1 0.3359375 0.93046875 0.16796875 0.1390625
1 0.43046875 0.6515625 0.09453125 0.11953125
4 0.66640625 0.503125 0.06875 0.08125
3 0.22578125 0.71796875 0.1375 0.25
3 0.065625 0.8734375 0.13125 0.253125
3 0.09296875 0.63046875 0.1859375 0.25234375
0 0.3609375 0.47421875 0.1140625 0.17265625
3 0.31640625 0.43359375 0.109375 0.14765625
4 0.23828125 0.4703125 0.06328125 0.07578125
1 0.484375 0.46484375 0.05 0.08359375
1 0.51015625 0.409375 0.04140625 0.05703125
1 0.6796875 0.33203125 0.0203125 0.03203125
1 0.62109375 0.35703125 0.0296875 0.040625
3 0.44765625 0.39296875 0.0484375 0.08359375
3 0.5 0.325 0.03046875 0.053125
3 0.39921875 0.34375 0.0671875 0.06328125
1 0.60390625 0.3203125 0.0203125 0.03046875
1 0.52578125 0.37109375 0.040625 0.025
1 0.53359375 0.34453125 0.03203125 0.025
1 0.62890625 0.27734375 0.01796875 0.02109375