3 0.08984375 0.58828125 0.1796875 0.3171875
3 0.2109375 0.528125 0.0734375 0.13515625
1 0.30859375 0.59140625 0.09609375 0.1109375
3 0.26015625 0.45234375 0.071875 0.08359375
3 0.30078125 0.38359375 0.053125 0.0671875
3 0.959375 0.64140625 0.08125 0.1125
3 0.76484375 0.4859375 0.13359375 0.23671875
3 0.6828125 0.51796875 0.16328125 0.24375
0 0.65703125 0.765625 0.253125 0.46796875
1 0.5328125 0.55546875 0.065625 0.09609375
1 0.50546875 0.44765625 0.05859375 0.075
4 0.37734375 0.39921875 0.0375 0.0515625
3 0.3390625 0.3421875 0.040625 0.06171875
3 0.5828125 0.42421875 0.06953125 0.1078125
1 0.53125 0.36015625 0.03203125 0.053125
1 0.48046875 0.36484375 0.03515625 0.04453125
1 0.390625 0.33984375 0.03125 0.03359375