1 0.6015625 0.8484375 0.134375 0.2203125
1 0.565625 0.59765625 0.08203125 0.11796875
1 0.25 0.7453125 0.10390625 0.1296875
1 0.2984375 0.43359375 0.04296875 0.06171875
1 0.53046875 0.52734375 0.0625 0.08046875
3 0.5375 0.6421875 0.0828125 0.16171875
1 0.33515625 0.3640625 0.028125 0.0453125
1 0.59140625 0.44453125 0.05234375 0.0640625
1 0.51640625 0.49453125 0.05546875 0.078125
1 0.56953125 0.4265625 0.03671875 0.0609375
1 0.64921875 0.96640625 0.14765625 0.0609375
1 0.72578125 0.521875 0.05 0.0796875
1 0.5953125 0.36640625 0.0328125 0.0421875
3 0.8921875 0.8390625 0.1453125 0.24140625
3 0.87265625 0.57890625 0.2546875 0.36484375
3 0.68671875 0.559375 0.12890625 0.2125
3 0.62421875 0.50625 0.0765625 0.1390625
3 0.6578125 0.40234375 0.09609375 0.10546875
3 0.55390625 0.38828125 0.0515625 0.09296875
3 0.534375 0.35 0.05703125 0.08671875
3 0.50859375 0.309375 0.04375 0.0703125
3 0.19453125 0.41640625 0.06640625 0.07890625
3 0.3859375 0.28046875 0.02421875 0.0484375
1 0.50234375 0.465625 0.04296875 0.065625
1 0.5015625 0.42578125 0.04140625 0.0296875
3 0.3453125 0.303125 0.0265625 0.0359375