1 0.26171875 0.7453125 0.1140625 0.13828125
1 0.57890625 0.67421875 0.09765625 0.1546875
1 0.503125 0.4546875 0.0515625 0.06328125
1 0.32890625 0.365625 0.03515625 0.0421875
1 0.390625 0.34765625 0.0296875 0.0375
1 0.47265625 0.340625 0.02734375 0.03828125
1 0.5 0.31953125 0.02109375 0.0265625
1 0.39765625 0.32109375 0.0203125 0.02109375
3 0.36484375 0.30078125 0.028125 0.04375
3 0.38359375 0.2859375 0.0203125 0.02734375
3 0.61640625 0.45 0.11328125 0.18125
3 0.6984375 0.46015625 0.075 0.1234375