1 0.33671875 0.90546875 0.146875 0.1890625
1 0.81328125 0.91640625 0.16484375 0.1671875
1 0.29140625 0.4765625 0.065625 0.075
1 0.5109375 0.4046875 0.040625 0.06484375
1 0.6421875 0.42109375 0.03828125 0.05234375
1 0.4828125 0.3453125 0.03203125 0.0421875
1 0.50390625 0.30859375 0.0203125 0.02578125
1 0.5359375 0.309375 0.0171875 0.02734375
1 0.596875 0.31015625 0.015625 0.02578125
3 0.6453125 0.30390625 0.02890625 0.071875
4 0.6234375 0.28828125 0.021875 0.040625
4 0.525 0.28125 0.01484375 0.025
3 0.1671875 0.746875 0.334375 0.45078125
3 0.0265625 0.7109375 0.053125 0.175