1 0.1828125 0.5609375 0.08046875 0.0875
1 0.29296875 0.55859375 0.06640625 0.07109375
1 0.6390625 0.865625 0.13359375 0.2140625
1 0.5875 0.75703125 0.115625 0.175
1 0.5609375 0.64296875 0.07734375 0.09296875
1 0.30859375 0.3390625 0.02734375 0.02265625
1 0.3890625 0.34609375 0.0234375 0.03828125
1 0.3609375 0.328125 0.021875 0.0265625
1 0.39375 0.32421875 0.02265625 0.02890625
1 0.70703125 0.60859375 0.10546875 0.1234375
1 0.953125 0.71796875 0.06484375 0.15078125
1 0.76015625 0.5140625 0.0546875 0.0546875
3 0.55234375 0.56171875 0.07578125 0.0984375
4 0.51640625 0.496875 0.05859375 0.07890625
1 0.53515625 0.54296875 0.06953125 0.0828125
1 0.51015625 0.4515625 0.0421875 0.04609375
1 0.49375 0.42421875 0.03984375 0.05390625
1 0.48515625 0.39140625 0.03671875 0.03359375
3 0.83515625 0.7359375 0.253125 0.36953125
0 0.6640625 0.490625 0.13515625 0.20625
0 0.590625 0.43046875 0.096875 0.1625
0 0.5453125 0.36171875 0.0671875 0.10625
0 0.52265625 0.328125 0.0484375 0.0734375
0 0.65234375 0.3578125 0.0828125 0.0578125
3 0.371875 0.29296875 0.04296875 0.04296875
3 0.46484375 0.309375 0.0359375 0.05234375
1 0.4765625 0.36328125 0.03359375 0.01640625