3 0.75234375 0.49296875 0.1421875 0.20859375
1 0.4828125 0.378125 0.0296875 0.040625
1 0.36328125 0.425 0.04140625 0.04765625
1 0.3328125 0.5109375 0.0640625 0.06484375
1 0.20546875 0.54296875 0.071875 0.078125
1 0.39921875 0.3203125 0.02265625 0.02265625
1 0.4671875 0.33359375 0.02734375 0.0296875
1 0.40703125 0.29140625 0.01640625 0.0203125
1 0.45625 0.29765625 0.01953125 0.0203125
1 0.48125 0.29375 0.01875 0.02578125
1 0.4734375 0.27890625 0.01640625 0.01953125
3 0.33125 0.32890625 0.04609375 0.06484375
3 0.36328125 0.31796875 0.025 0.0375
3 0.534375 0.34296875 0.0578125 0.08046875
3 0.57578125 0.34453125 0.0328125 0.059375