1 0.54765625 0.50859375 0.06953125 0.08125
1 0.5109375 0.4359375 0.0390625 0.05703125
1 0.78515625 0.70703125 0.11796875 0.15625
1 0.26484375 0.70234375 0.11328125 0.125
1 0.37578125 0.3640625 0.02734375 0.0375
1 0.3375 0.35234375 0.028125 0.040625
1 0.38203125 0.334375 0.02734375 0.028125
1 0.48671875 0.3828125 0.0375 0.04609375
1 0.4640625 0.3234375 0.01953125 0.02421875
3 0.5171875 0.33203125 0.0296875 0.05078125
0 0.53125 0.3046875 0.03359375 0.05546875
0 0.24296875 0.465625 0.11328125 0.16875
3 0.078125 0.5203125 0.15625 0.196875
1 0.396875 0.30546875 0.01953125 0.0171875
3 0.47578125 0.28203125 0.0234375 0.034375
3 0.4921875 0.27890625 0.0140625 0.025