3 0.30234375 0.55859375 0.18984375 0.275
1 0.078125 0.69609375 0.1453125 0.184375
1 0.35 0.84140625 0.1515625 0.22109375
1 0.82265625 0.934375 0.1828125 0.13046875
4 0.4515625 0.59296875 0.08671875 0.13046875
3 0.415625 0.4234375 0.059375 0.1140625
3 0.32890625 0.40859375 0.08359375 0.08984375
0 0.36484375 0.36328125 0.065625 0.08046875
3 0.46875 0.3390625 0.05859375 0.1015625
3 0.4515625 0.3015625 0.0421875 0.065625
1 0.4171875 0.3609375 0.03203125 0.028125
1 0.42890625 0.34921875 0.02734375 0.03359375
1 0.4921875 0.49609375 0.0578125 0.07578125
1 0.50625 0.43203125 0.04921875 0.05234375
1 0.51484375 0.39609375 0.040625 0.0390625
1 0.52265625 0.36875 0.03203125 0.0296875
1 0.5265625 0.34921875 0.03125 0.0265625
1 0.63515625 0.4078125 0.0375 0.0515625
3 0.75859375 0.4890625 0.09140625 0.1109375
3 0.503125 0.31875 0.01796875 0.0515625
1 0.60234375 0.3140625 0.01796875 0.0234375
1 0.59609375 0.29140625 0.01171875 0.01640625