1 0.090625 0.75390625 0.1234375 0.18359375
1 0.50625 0.48671875 0.053125 0.0859375
1 0.62578125 0.4078125 0.0375 0.053125
4 0.57578125 0.66796875 0.10859375 0.20625
1 0.56875 0.41328125 0.04140625 0.0546875
4 0.83515625 0.58515625 0.04921875 0.10859375
1 0.37265625 0.40234375 0.04140625 0.05390625
1 0.290625 0.35625 0.0265625 0.0359375
1 0.53203125 0.3671875 0.03046875 0.04296875
3 0.74140625 0.621875 0.17421875 0.29140625
1 0.5 0.4046875 0.03671875 0.05546875
3 0.34765625 0.33359375 0.04140625 0.08359375
3 0.31953125 0.3125 0.02890625 0.046875
1 0.27265625 0.39375 0.03828125 0.05703125
3 0.51875 0.29609375 0.03046875 0.04765625
1 0.46796875 0.3296875 0.025 0.02890625
1 0.47890625 0.37578125 0.025 0.03203125
1 0.3890625 0.35859375 0.02890625 0.0359375
3 0.38515625 0.27265625 0.0234375 0.0328125
1 0.39453125 0.33125 0.02578125 0.02890625