3 0.7234375 0.49296875 0.078125 0.125
3 0.6609375 0.43515625 0.05390625 0.08125
3 0.3578125 0.27890625 0.02890625 0.05390625
1 0.2171875 0.528125 0.0734375 0.084375
1 0.575 0.609375 0.09296875 0.140625
1 0.5109375 0.33671875 0.0203125 0.0296875
0 0.51953125 0.45625 0.09453125 0.16875
3 0.2875 0.40546875 0.071875 0.12109375
3 0.26875 0.35390625 0.06015625 0.103125
3 0.32734375 0.30859375 0.03828125 0.06171875
1 0.2703125 0.71953125 0.1078125 0.140625
1 0.528125 0.35703125 0.025 0.0375
1 0.3390625 0.3625 0.028125 0.0390625
3 0.603125 0.4390625 0.0859375 0.18125
1 0.35546875 0.33359375 0.02265625 0.02734375
3 0.55625 0.33359375 0.02890625 0.040625
1 0.38125 0.37734375 0.03125 0.0390625
3 0.05546875 0.8015625 0.1109375 0.175
1 0.49453125 0.3234375 0.0203125 0.03125
4 0.48203125 0.37109375 0.02890625 0.03671875
4 0.396875 0.3203125 0.021875 0.03671875
1 0.3875 0.3515625 0.02578125 0.03359375
1 0.35625 0.43046875 0.04453125 0.059375
3 0.0453125 0.5875 0.090625 0.184375
1 0.46796875 0.33828125 0.02578125 0.034375
1 0.33671875 0.49765625 0.0625 0.07578125
1 0.54375 0.3109375 0.0203125 0.0234375
1 0.375 0.3109375 0.01796875 0.0265625
3 0.54765625 0.3734375 0.021875 0.0390625
1 0.48828125 0.3046875 0.01875 0.03203125