3 0.45078125 0.38359375 0.0546875 0.10546875
1 0.71953125 0.37109375 0.03125 0.0421875
4 0.44453125 0.61484375 0.0921875 0.18046875
0 0.48125 0.33125 0.03984375 0.07421875
1 0.49140625 0.46484375 0.04765625 0.06953125
1 0.6375 0.4125 0.0375 0.0453125
3 0.42578125 0.4265625 0.06875 0.115625
1 0.4421875 0.50859375 0.06171875 0.08125
3 0.396875 0.37109375 0.0546875 0.08671875
1 0.34140625 0.87265625 0.153125 0.23984375
3 0.30703125 0.48359375 0.12890625 0.12421875
3 0.6671875 0.34375 0.0359375 0.06484375
4 0.76875 0.49296875 0.078125 0.11328125
1 0.5328125 0.33359375 0.025 0.0359375
1 0.5125 0.40859375 0.034375 0.046875
3 0.14921875 0.8203125 0.2140625 0.3125
1 0.52109375 0.375 0.03125 0.03828125