1 0.14921875 0.9375 0.1859375 0.12421875
1 0.7640625 0.95546875 0.1609375 0.0890625
1 0.6796875 0.5703125 0.08203125 0.109375
1 0.33671875 0.465625 0.053125 0.0734375
1 0.54140625 0.38203125 0.0390625 0.04765625
1 0.49140625 0.39140625 0.03515625 0.0421875
3 0.28828125 0.36484375 0.09296875 0.11640625
3 0.371875 0.36328125 0.0578125 0.0984375
3 0.57109375 0.33828125 0.0515625 0.07265625
3 0.49140625 0.3015625 0.0359375 0.06484375
3 0.5171875 0.2890625 0.0203125 0.06328125
1 0.39765625 0.31015625 0.02734375 0.0234375
1 0.47578125 0.35390625 0.0265625 0.0328125
1 0.46875 0.3265625 0.025 0.021875
1 0.3828125 0.2921875 0.01953125 0.021875
1 0.45703125 0.28515625 0.02265625 0.01953125