1 0.21484375 0.5625 0.09453125 0.11015625
3 0.15 0.4703125 0.1 0.1390625
3 0.29921875 0.38984375 0.09453125 0.134375
3 0.7421875 0.43671875 0.1546875 0.1203125
3 0.63359375 0.35703125 0.05859375 0.0515625
3 0.7546875 0.60859375 0.17421875 0.24765625
3 0.8703125 0.7875 0.253125 0.42421875
1 0.58046875 0.71796875 0.1015625 0.16015625
1 0.6375 0.88671875 0.16484375 0.22578125
1 0.53671875 0.596875 0.06484375 0.11015625
1 0.58671875 0.52890625 0.0734375 0.10625
1 0.50703125 0.51171875 0.059375 0.0953125
1 0.48671875 0.45390625 0.0421875 0.0515625
1 0.3890625 0.34375 0.04375 0.0578125
1 0.48046875 0.403125 0.04765625 0.05546875
3 0.38125 0.284375 0.05078125 0.08203125
3 0.60703125 0.4359375 0.0640625 0.096875