3 0.6265625 0.36171875 0.0546875 0.0640625
3 0.6640625 0.53671875 0.0375 0.1109375
3 0.725 0.4328125 0.14296875 0.1359375
3 0.60703125 0.4296875 0.0578125 0.12109375
1 0.38046875 0.34765625 0.02421875 0.03046875
3 0.86640625 0.77890625 0.2671875 0.44140625
1 0.52890625 0.56875 0.0734375 0.10546875
3 0.2546875 0.43515625 0.103125 0.1546875
1 0.575 0.6765625 0.1078125 0.153125
1 0.50234375 0.49453125 0.05859375 0.0796875
3 0.4 0.31171875 0.02578125 0.04921875
1 0.47421875 0.35234375 0.0296875 0.0328125
1 0.48515625 0.29921875 0.021875 0.0359375
3 0.74296875 0.58671875 0.146875 0.24609375
1 0.56171875 0.4796875 0.0578125 0.09140625
1 0.48515625 0.4421875 0.04765625 0.06015625
1 0.61015625 0.81640625 0.14921875 0.228125
1 0.53671875 0.36015625 0.0296875 0.04375
3 0.39375 0.26953125 0.02109375 0.03046875
3 0.63515625 0.41015625 0.03828125 0.06875
1 0.5328125 0.31328125 0.021875 0.025
3 0.37421875 0.2765625 0.028125 0.0421875
1 0.40859375 0.28125 0.01171875 0.01796875
3 0.3640625 0.3109375 0.02890625 0.05234375
1 0.3734375 0.3796875 0.034375 0.0421875
1 0.04140625 0.87109375 0.0828125 0.1671875
3 0.57734375 0.3984375 0.04140625 0.0625
3 0.575 0.3453125 0.034375 0.046875