3 0.06171875 0.64765625 0.1234375 0.35390625
1 0.7015625 0.33671875 0.034375 0.0515625
1 0.4640625 0.53046875 0.06171875 0.09140625
1 0.265625 0.68515625 0.11875 0.1578125
1 0.61796875 0.3515625 0.02578125 0.0375
3 0.3609375 0.425 0.05234375 0.06796875
1 0.43046875 0.67734375 0.096875 0.1359375
1 0.40078125 0.48203125 0.0625 0.0796875
1 0.2921875 0.93203125 0.1953125 0.13125
3 0.21875 0.54453125 0.10625 0.15546875
3 0.840625 0.47421875 0.07578125 0.103125
1 0.50546875 0.42734375 0.040625 0.0546875
1 0.66015625 0.48046875 0.05625 0.06875
3 0.44296875 0.39140625 0.06640625 0.10546875
1 0.3078125 0.48515625 0.0625 0.0765625
1 0.52265625 0.3859375 0.0359375 0.05078125
3 0.4796875 0.3453125 0.03203125 0.0546875