1 0.4484375 0.25078125 0.01484375 0.02578125
3 0.67890625 0.4390625 0.07578125 0.1296875
3 0.3484375 0.28671875 0.025 0.04296875
3 0.284375 0.39921875 0.0796875 0.14609375
1 0.4703125 0.34140625 0.02421875 0.0390625
1 0.4546875 0.29296875 0.01484375 0.0265625
1 0.30859375 0.64375 0.0875 0.11953125
1 0.4875 0.30078125 0.021875 0.03203125
1 0.68828125 0.58125 0.084375 0.11484375
1 0.58671875 0.73359375 0.10546875 0.17578125
1 0.5984375 0.38125 0.03984375 0.04765625
1 0.446875 0.2734375 0.0125 0.02578125
1 0.47578125 0.25703125 0.015625 0.025
1 0.49140625 0.39921875 0.03203125 0.04140625
1 0.415625 0.2703125 0.01171875 0.02265625
1 0.50703125 0.45390625 0.04765625 0.06640625
1 0.5296875 0.359375 0.02734375 0.040625
1 0.38046875 0.39375 0.03671875 0.05
1 0.62421875 0.5015625 0.05859375 0.07734375
3 0.2109375 0.41171875 0.05546875 0.0703125
1 0.56875 0.34765625 0.02890625 0.05234375
1 0.378125 0.30234375 0.01484375 0.0265625
1 0.40703125 0.2875 0.0140625 0.021875
1 0.5734375 0.43125 0.03984375 0.05390625
1 0.5046875 0.2890625 0.01875 0.0296875
1 0.88984375 0.9390625 0.17578125 0.11640625
1 0.40078125 0.31640625 0.01796875 0.0234375
1 0.48671875 0.2765625 0.01640625 0.0265625
3 0.1703125 0.453125 0.0640625 0.1015625
3 0.08828125 0.5328125 0.0984375 0.14453125
1 0.39140625 0.27109375 0.01015625 0.015625
1 0.41796875 0.2515625 0.015625 0.0234375
3 0.05078125 0.79765625 0.1015625 0.3328125