3 0.6765625 0.55234375 0.21796875 0.3796875
3 0.82890625 0.56171875 0.1796875 0.25703125
3 0.29375 0.67421875 0.09296875 0.11796875
3 0.3984375 0.31953125 0.0203125 0.0265625
3 0.484375 0.28046875 0.02109375 0.03203125
1 0.5171875 0.49609375 0.06015625 0.09140625
3 0.37890625 0.26796875 0.01015625 0.0125
3 0.4921875 0.30078125 0.0296875 0.04140625
3 0.3203125 0.36953125 0.04375 0.06875
3 0.46484375 0.27578125 0.02109375 0.0421875
3 0.5984375 0.359375 0.0578125 0.1046875
3 0.39609375 0.265625 0.0125 0.0234375
3 0.4671875 0.24296875 0.0171875 0.0265625
3 0.48671875 0.36953125 0.05703125 0.0953125
3 0.5390625 0.3 0.02265625 0.01796875
3 0.5296875 0.29453125 0.01484375 0.015625
3 0.4 0.41015625 0.02578125 0.04140625
3 0.44765625 0.2515625 0.015625 0.02734375
3 0.4515625 0.2375 0.0140625 0.02109375
3 0.42109375 0.23203125 0.01484375 0.01796875
3 0.5109375 0.2859375 0.02578125 0.03984375
3 0.2640625 0.3703125 0.0375 0.0609375
3 0.40859375 0.284375 0.015625 0.03671875
3 0.38515625 0.253125 0.0109375 0.01953125
3 0.4640625 0.41015625 0.028125 0.04296875
3 0.540625 0.36171875 0.06171875 0.11640625
3 0.4609375 0.3140625 0.02109375 0.02578125
1 0.36953125 0.39375 0.0359375 0.04296875
3 0.3890625 0.3578125 0.02578125 0.04609375
1 0.659375 0.38984375 0.0328125 0.040625
3 0.3609375 0.30546875 0.03046875 0.04921875
3 0.44765625 0.3421875 0.0171875 0.05703125
3 0.44765625 0.271875 0.0140625 0.03203125
3 0.09296875 0.6859375 0.16484375 0.18515625
3 0.43515625 0.27265625 0.01875 0.03828125
3 0.3359375 0.3484375 0.00859375 0.015625
3 0.3796875 0.23046875 0.01328125 0.028125
3 0.44296875 0.24296875 0.01328125 0.02578125
3 0.365625 0.28046875 0.0109375 0.015625
3 0.46015625 0.33671875 0.015625 0.0390625
3 0.3265625 0.2828125 0.0109375 0.0171875
3 0.634375 0.396875 0.0453125 0.04140625
3 0.2015625 0.359375 0.02890625 0.028125
3 0.4171875 0.35390625 0.02109375 0.03046875
3 0.42734375 0.30703125 0.02734375 0.04765625
3 0.45625 0.38046875 0.01796875 0.04140625
3 0.39921875 0.30546875 0.01484375 0.01953125
3 0.334375 0.28984375 0.01640625 0.02109375
3 0.56328125 0.315625 0.015625 0.0171875
3 0.48203125 0.44921875 0.01953125 0.04375
3 0.5234375 0.325 0.0390625 0.06171875
3 0.24765625 0.36328125 0.009375 0.02109375
3 0.44453125 0.203125 0.01796875 0.03984375
3 0.175 0.32109375 0.0125 0.034375
3 0.021875 0.65625 0.04375 0.221875
3 0.353125 0.22421875 0.0203125 0.028125
3 0.73125 0.440625 0.02578125 0.034375
3 0.5890625 0.428125 0.03203125 0.05859375
3 0.39921875 0.20859375 0.01484375 0.01328125
3 0.4984375 0.25390625 0.04453125 0.04921875
3 0.39921875 0.22890625 0.0296875 0.03125
3 0.265625 0.2453125 0.0390625 0.0296875
3 0.371875 0.21953125 0.01875 0.0203125
3 0.43359375 0.5328125 0.04921875 0.1
3 0.4234375 0.72265625 0.03046875 0.06015625
3 0.2640625 0.415625 0.03515625 0.053125
3 0.38671875 0.26875 0.01796875 0.03046875
3 0.24921875 0.378125 0.0109375 0.03203125
3 0.29140625 0.3671875 0.01875 0.05546875
3 0.17578125 0.22421875 0.0359375 0.053125
3 0.53125 0.2375 0.04140625 0.02109375
3 0.03828125 0.59375 0.0171875 0.04609375
3 0.49375 0.43515625 0.04140625 0.05078125
3 0.15078125 0.2453125 0.03125 0.01875
3 0.3171875 0.42890625 0.0375 0.06171875
3 0.48125 0.2203125 0.046875 0.015625
3 0.7375 0.47578125 0.046875 0.0625
3 0.5078125 0.20390625 0.01015625 0.03125
3 0.36875 0.42734375 0.03359375 0.05
3 0.01015625 0.73046875 0.0203125 0.090625
3 0.20390625 0.2484375 0.01171875 0.03359375
3 0.4390625 0.690625 0.08671875 0.08203125
3 0.31796875 0.3359375 0.01015625 0.00859375
3 0.42578125 0.6265625 0.053125 0.09375