1 0.56171875 0.640625 0.08828125 0.16953125
3 0.48984375 0.30703125 0.0328125 0.059375
3 0.4671875 0.27265625 0.0203125 0.03828125
3 0.51875 0.29921875 0.028125 0.0390625
3 0.45546875 0.2421875 0.0171875 0.0234375
3 0.63359375 0.4140625 0.04609375 0.06328125
3 0.528125 0.50703125 0.059375 0.08359375
1 0.5890625 0.46640625 0.05703125 0.07578125
3 0.51875 0.34140625 0.034375 0.053125
3 0.5984375 0.38984375 0.0421875 0.06875
3 0.10703125 0.51953125 0.096875 0.12265625
3 0.4796875 0.2859375 0.025 0.0390625
3 0.38359375 0.26015625 0.0109375 0.01796875
1 0.7 0.63125 0.1015625 0.1703125
3 0.678125 0.4703125 0.05625 0.06953125
1 0.375 0.36953125 0.03125 0.0421875
3 0.3859375 0.28828125 0.01328125 0.01796875
3 0.40859375 0.2828125 0.0125 0.02109375
3 0.67890625 0.88828125 0.1828125 0.21796875
3 0.54765625 0.31640625 0.028125 0.034375
3 0.91328125 0.7015625 0.171875 0.48671875
1 0.3125 0.56484375 0.07578125 0.1
3 0.1640625 0.3265625 0.02109375 0.0265625
3 0.76171875 0.528125 0.09765625 0.15234375
3 0.55078125 0.38359375 0.06640625 0.09609375
3 0.39921875 0.403125 0.0265625 0.03984375
3 0.49765625 0.26953125 0.01875 0.02109375
3 0.584375 0.35546875 0.02265625 0.02265625
3 0.28984375 0.34375 0.0375 0.05546875
3 0.4171875 0.2515625 0.0109375 0.01875
3 0.46484375 0.43359375 0.02734375 0.046875
3 0.4671875 0.32421875 0.02890625 0.0390625
3 0.39453125 0.27421875 0.01015625 0.01953125
3 0.49296875 0.4203125 0.034375 0.0546875
3 0.45078125 0.34453125 0.0203125 0.05703125
3 0.44921875 0.25234375 0.01796875 0.03515625
3 0.5359375 0.3546875 0.0328125 0.04765625
3 0.475 0.36953125 0.03046875 0.05
3 0.41796875 0.35546875 0.02109375 0.03828125
3 0.37890625 0.23359375 0.01171875 0.02734375
3 0.41953125 0.23828125 0.01171875 0.01953125
3 0.415625 0.26953125 0.0140625 0.03046875
3 0.5140625 0.27734375 0.01875 0.0234375
3 0.4671875 0.39453125 0.0265625 0.03046875
3 0.4390625 0.2328125 0.0125 0.01796875
3 0.4296875 0.25703125 0.0140625 0.0265625
3 0.52265625 0.36953125 0.0203125 0.04375
3 0.43359375 0.2984375 0.0359375 0.05234375
3 0.3609375 0.3546875 0.00859375 0.01796875
3 0.4 0.3796875 0.021875 0.02734375
3 0.4734375 0.34609375 0.02578125 0.0375
3 0.1546875 0.48203125 0.00703125 0.015625
3 0.525 0.39140625 0.01796875 0.04609375
3 0.45703125 0.3890625 0.01484375 0.03046875
3 0.3953125 0.4265625 0.05 0.07734375
3 0.37734375 0.44375 0.0140625 0.0296875
3 0.32421875 0.28359375 0.01640625 0.02109375
3 0.39375 0.21171875 0.02109375 0.01953125
3 0.33515625 0.34609375 0.0078125 0.0171875
3 0.421875 0.73125 0.0265625 0.0421875
3 0.40390625 0.25234375 0.00859375 0.01484375
3 0.07890625 0.49296875 0.01796875 0.0453125
3 0.53671875 0.4421875 0.0109375 0.0265625
3 0.48359375 0.45234375 0.01171875 0.040625
3 0.36015625 0.3734375 0.00625 0.01953125
3 0.15859375 0.4625 0.03984375 0.04296875
3 0.39140625 0.2640625 0.009375 0.01484375
3 0.15234375 0.24453125 0.0234375 0.01328125
3 0.29140625 0.2625 0.04375 0.0296875
3 0.43359375 0.54453125 0.05234375 0.10703125
3 0.446875 0.18515625 0.01796875 0.034375
3 0.3359375 0.2078125 0.0171875 0.028125
3 0.53203125 0.23984375 0.0375 0.02421875
3 0.2046875 0.25 0.01171875 0.03359375
3 0.51640625 0.19609375 0.02890625 0.07734375
3 0.34140625 0.22109375 0.0421875 0.11875
3 0.440625 0.709375 0.08671875 0.05078125
3 0.428125 0.63046875 0.0578125 0.10234375
3 0.4640625 0.21953125 0.0734375 0.0171875