1 0.61484375 0.88515625 0.1421875 0.2296875
1 0.5765625 0.74296875 0.10546875 0.17109375
1 0.52890625 0.52265625 0.05546875 0.0734375
1 0.55390625 0.58203125 0.0671875 0.121875
1 0.59296875 0.4484375 0.046875 0.0703125
1 0.57109375 0.4265625 0.040625 0.06015625
3 0.87109375 0.75625 0.2328125 0.428125
3 0.534375 0.6296875 0.0859375 0.16171875
1 0.4015625 0.31484375 0.021875 0.03359375
1 0.51875 0.49453125 0.05546875 0.0734375
1 0.31171875 0.33984375 0.0234375 0.03515625
1 0.29765625 0.3546875 0.02578125 0.02421875
1 0.5046875 0.4625 0.05 0.06328125
3 0.7421875 0.653125 0.04453125 0.1546875
3 0.67421875 0.54375 0.11796875 0.19921875
3 0.9484375 0.6875 0.10234375 0.30625
3 0.80234375 0.4734375 0.2 0.2078125
3 0.63671875 0.38828125 0.08203125 0.096875
3 0.5515625 0.3859375 0.05078125 0.09296875
3 0.53359375 0.35234375 0.059375 0.0875
3 0.50625 0.3109375 0.03671875 0.0703125
3 0.2890625 0.40390625 0.07265625 0.1
3 0.3640625 0.3015625 0.03359375 0.065625
1 0.5015625 0.42578125 0.04453125 0.028125
1 0.4875 0.40546875 0.02890625 0.0203125
1 0.4953125 0.39609375 0.0390625 0.03828125
1 0.4828125 0.3734375 0.03984375 0.03359375
1 0.47109375 0.35546875 0.03203125 0.03125
1 0.5921875 0.37421875 0.015625 0.0421875