3 0.11875 0.71640625 0.15078125 0.1984375
3 0.8703125 0.60859375 0.171875 0.26015625
3 0.66484375 0.4453125 0.05234375 0.0875
3 0.2046875 0.40078125 0.0875 0.1265625
3 0.8390625 0.78515625 0.2328125 0.35078125
3 0.31484375 0.37890625 0.06875 0.14453125
3 0.04609375 0.60546875 0.0921875 0.1484375
4 0.7171875 0.51171875 0.0703125 0.1046875
1 0.803125 0.51796875 0.065625 0.09453125
1 0.596875 0.68125 0.11015625 0.175
1 0.50703125 0.49140625 0.07109375 0.10703125
1 0.6234375 0.525 0.06875 0.10859375
3 0.546875 0.38203125 0.0421875 0.07421875
0 0.60390625 0.35546875 0.07109375 0.08984375
1 0.5859375 0.43828125 0.046875 0.065625
1 0.49453125 0.4140625 0.04453125 0.04921875
1 0.4765625 0.3765625 0.03828125 0.04375
3 0.5140625 0.32578125 0.034375 0.05546875
1 0.471875 0.34921875 0.0296875 0.03046875