1 0.4515625 0.2828125 0.015625 0.02265625
4 0.60078125 0.66328125 0.0953125 0.16328125
1 0.6046875 0.45859375 0.0515625 0.0734375
0 0.35625 0.403125 0.0703125 0.11953125
3 0.378125 0.3 0.015625 0.0203125
1 0.3921875 0.325 0.01875 0.02734375
1 0.46875 0.33125 0.021875 0.03359375
3 0.246875 0.421875 0.10546875 0.17578125
1 0.51875 0.35625 0.028125 0.03515625
1 0.46171875 0.3078125 0.01640625 0.02265625
1 0.4828125 0.3703125 0.0296875 0.0375
0 0.37421875 0.27421875 0.0171875 0.0375
3 0.55625 0.33125 0.040625 0.06484375
3 0.2953125 0.58203125 0.07265625 0.11015625
3 0.5109375 0.28671875 0.021875 0.0453125