3 0.5328125 0.29921875 0.03671875 0.04609375
3 0.6609375 0.42109375 0.06640625 0.11484375
3 0.5859375 0.35546875 0.0375 0.07265625
3 0.5421875 0.36171875 0.0625 0.11015625
3 0.4828125 0.284375 0.02421875 0.04609375
1 0.475 0.37265625 0.025 0.04609375
1 0.61875 0.359375 0.0203125 0.03125
4 0.34140625 0.49140625 0.059375 0.07109375
1 0.24765625 0.50234375 0.06015625 0.065625
1 0.3828125 0.35859375 0.025 0.040625
1 0.3703125 0.4046875 0.03359375 0.040625
1 0.39765625 0.32578125 0.0171875 0.02109375
1 0.61484375 0.6984375 0.1078125 0.15234375
4 0.72578125 0.67734375 0.1046875 0.14296875