1 0.68984375 0.5578125 0.0796875 0.08984375
1 0.64765625 0.45 0.0484375 0.05
1 0.44453125 0.3984375 0.0390625 0.05859375
1 0.4828125 0.35078125 0.02734375 0.03828125
1 0.61875 0.371875 0.03125 0.0375
1 0.61015625 0.33671875 0.021875 0.028125
1 0.53515625 0.31015625 0.0203125 0.0296875
1 0.5328125 0.353125 0.02890625 0.03984375
3 0.6484375 0.3171875 0.040625 0.05703125
3 0.6 0.25546875 0.01328125 0.02421875
3 0.9171875 0.775 0.165625 0.44921875
3 0.721875 0.41484375 0.06171875 0.10546875
3 0.68828125 0.36796875 0.059375 0.08984375
3 0.3859375 0.446875 0.08125 0.1390625
3 0.6765625 0.31171875 0.02578125 0.03125
1 0.47109375 0.52734375 0.0609375 0.08046875