1 0.28203125 0.4515625 0.05625 0.05625
3 0.32734375 0.34453125 0.06953125 0.09296875
1 0.5328125 0.60859375 0.07109375 0.11015625
1 0.5109375 0.52890625 0.0609375 0.09453125
1 0.584375 0.7875 0.1140625 0.20078125
3 0.23984375 0.3859375 0.0453125 0.075
1 0.490625 0.4703125 0.0515625 0.075
1 0.6140625 0.5828125 0.08828125 0.14140625
1 0.659375 0.94375 0.16171875 0.1078125
3 0.384375 0.2796875 0.03515625 0.06328125
3 0.584375 0.34609375 0.0546875 0.078125
3 0.63203125 0.38515625 0.05546875 0.0875
3 0.6609375 0.43203125 0.04921875 0.09296875
3 0.7546875 0.4609375 0.14453125 0.14765625
3 0.88671875 0.80703125 0.21953125 0.38203125
3 0.796875 0.6546875 0.1984375 0.29765625
1 0.53984375 0.371875 0.040625 0.053125
1 0.475 0.36171875 0.03046875 0.04140625
1 0.39609375 0.3203125 0.021875 0.04140625
3 0.39921875 0.2296875 0.02890625 0.03125
3 0.58125 0.43046875 0.04375 0.08984375
3 0.60625 0.46015625 0.075 0.12890625
1 0.48359375 0.40625 0.040625 0.0609375
1 0.496875 0.4515625 0.03203125 0.034375
1 0.49140625 0.296875 0.0265625 0.0421875
3 0.696875 0.59375 0.0359375 0.13046875
1 0.4625 0.31796875 0.0234375 0.03671875
3 0.35859375 0.22890625 0.0296875 0.03203125
1 0.57109375 0.459375 0.01875 0.05546875