4 0.57890625 0.684375 0.0921875 0.16640625
4 0.38046875 0.36640625 0.04140625 0.05
1 0.2734375 0.67421875 0.10625 0.1234375
1 0.28046875 0.45859375 0.05703125 0.06484375
1 0.34609375 0.5015625 0.05859375 0.06796875
1 0.3640625 0.4328125 0.03515625 0.04453125
1 0.321875 0.38515625 0.0359375 0.0359375
1 0.6828125 0.975 0.121875 0.05
1 0.62109375 0.53671875 0.0640625 0.08125
1 0.49921875 0.41171875 0.04453125 0.05703125
1 0.58828125 0.36328125 0.03359375 0.0484375
3 0.7390625 0.62109375 0.1453125 0.259375
3 0.875 0.7859375 0.18828125 0.28515625
3 0.88984375 0.63515625 0.13203125 0.1515625
3 0.12109375 0.61328125 0.19296875 0.25390625
3 0.17734375 0.4140625 0.1234375 0.14609375
3 0.29609375 0.32421875 0.04140625 0.0859375
3 0.61640625 0.38984375 0.0375 0.078125
3 0.48125 0.35234375 0.046875 0.08125
3 0.540625 0.3484375 0.04375 0.084375