0 0.6 0.265625 0.015625 0.02578125
1 0.46640625 0.3609375 0.03046875 0.03984375
1 0.54609375 0.29453125 0.0140625 0.0265625
1 0.621875 0.36328125 0.03125 0.03828125
1 0.4546875 0.5453125 0.06796875 0.1078125
3 0.50703125 0.32109375 0.0203125 0.0296875
1 0.3921875 0.5 0.05703125 0.0859375
4 0.49375 0.428125 0.03984375 0.07109375
3 0.45703125 0.315625 0.0328125 0.0515625
3 0.60078125 0.3125 0.01796875 0.02734375
1 0.55078125 0.27578125 0.0140625 0.03046875
3 0.06796875 0.73046875 0.1359375 0.25234375
1 0.61875 0.29140625 0.01328125 0.02109375
1 0.59453125 0.29375 0.01484375 0.025
1 0.53984375 0.3109375 0.01484375 0.02421875
1 0.53203125 0.32890625 0.01953125 0.03125
3 0.63671875 0.31796875 0.01875 0.0203125
0 0.77578125 0.68046875 0.2140625 0.3671875