1 0.3640625 0.82890625 0.12265625 0.1734375
1 0.303125 0.46640625 0.0609375 0.071875
1 0.6421875 0.43203125 0.0421875 0.05625
1 0.5109375 0.39921875 0.03515625 0.04921875
1 0.64765625 0.33125 0.021875 0.0234375
1 0.5046875 0.3109375 0.0203125 0.0296875
1 0.5984375 0.3140625 0.0203125 0.021875
1 0.484375 0.34296875 0.025 0.03203125
1 0.5953125 0.296875 0.01484375 0.01796875
1 0.53984375 0.3078125 0.01484375 0.02109375
1 0.840625 0.971875 0.16953125 0.05
1 0.540625 0.28671875 0.015625 0.0171875
3 0.05 0.73984375 0.1 0.29609375
3 0.190625 0.7046875 0.3171875 0.41484375
3 0.6234375 0.28984375 0.025 0.0421875
3 0.6484375 0.2828125 0.02421875 0.0375
3 0.6078125 0.2765625 0.0140625 0.02109375