1 0.55078125 0.5953125 0.0828125 0.13203125
1 0.51171875 0.48984375 0.05234375 0.0765625
1 0.32734375 0.525 0.059375 0.07265625
1 0.38828125 0.3359375 0.021875 0.0296875
3 0.50625 0.33125 0.028125 0.05546875
1 0.3640625 0.28828125 0.0125 0.015625
3 0.70859375 0.45703125 0.12421875 0.18515625
1 0.4859375 0.2953125 0.03046875 0.046875
1 0.53203125 0.30390625 0.028125 0.0375
1 0.6890625 0.91171875 0.1609375 0.17421875
1 0.49375 0.415625 0.04140625 0.0625
1 0.46015625 0.30390625 0.01875 0.025
1 0.4015625 0.3078125 0.01796875 0.0265625
3 0.534375 0.371875 0.0375 0.06875
1 0.4703125 0.2734375 0.01171875 0.0203125
3 0.59921875 0.4640625 0.0671875 0.1125
1 0.5609375 0.434375 0.025 0.06328125
3 0.1671875 0.59375 0.171875 0.30703125
3 0.68359375 0.55390625 0.10703125 0.1828125
3 0.921875 0.69609375 0.15546875 0.43125