3 0.83515625 0.75078125 0.20546875 0.36796875
1 0.64765625 0.84609375 0.14609375 0.2015625
1 0.18125 0.48046875 0.07578125 0.08359375
3 0.2609375 0.4625 0.06875 0.08359375
4 0.3296875 0.5609375 0.078125 0.10859375
1 0.3546875 0.47109375 0.07421875 0.07109375
3 0.58671875 0.41640625 0.1046875 0.128125
3 0.33359375 0.303125 0.034375 0.0453125
4 0.34296875 0.3375 0.02890625 0.03125
1 0.36640625 0.3515625 0.03125 0.03515625
1 0.38515625 0.3796875 0.0390625 0.03828125
1 0.39375 0.33046875 0.03046875 0.0296875
0 0.37265625 0.3 0.04140625 0.0515625
1 0.46484375 0.30859375 0.01953125 0.03046875