1 0.80703125 0.890625 0.15625 0.19921875
1 0.13359375 0.8609375 0.18828125 0.246875
4 0.38671875 0.77578125 0.1265625 0.21171875
3 0.66328125 0.49140625 0.0578125 0.0765625
1 0.515625 0.39140625 0.0328125 0.04296875
1 0.5015625 0.3203125 0.01796875 0.0265625
1 0.48359375 0.34609375 0.03046875 0.03984375
1 0.63203125 0.38203125 0.03515625 0.034375
3 0.66953125 0.3421875 0.05 0.065625
1 0.60078125 0.30546875 0.01640625 0.0234375
1 0.54296875 0.3203125 0.01953125 0.0296875
1 0.54140625 0.29140625 0.01484375 0.02265625
3 0.44609375 0.36640625 0.0453125 0.08125
3 0.85546875 0.58125 0.1296875 0.20859375
3 0.7625 0.45546875 0.109375 0.1640625
3 0.7046875 0.33828125 0.03046875 0.05
3 0.6015625 0.25625 0.015625 0.02421875
3 0.6203125 0.2625 0.01484375 0.0265625