3 0.11875 0.490625 0.07265625 0.12734375
3 0.20859375 0.4875 0.1125 0.1640625
3 0.3921875 0.26875 0.02265625 0.0390625
1 0.39609375 0.31015625 0.02890625 0.0328125
1 0.3828125 0.35 0.03515625 0.04453125
1 0.34765625 0.42109375 0.05234375 0.05703125
1 0.4546875 0.30703125 0.0265625 0.03515625
1 0.48125 0.2984375 0.01328125 0.03046875
1 0.4703125 0.34921875 0.02734375 0.04296875
1 0.54453125 0.3875 0.04140625 0.0640625
1 0.503125 0.41484375 0.0390625 0.06328125
1 0.62734375 0.5171875 0.07265625 0.11640625
1 0.50234375 0.3125 0.03203125 0.05625