1 0.61796875 0.81328125 0.14296875 0.26171875
1 0.63359375 0.53828125 0.071875 0.10390625
3 0.41953125 0.2359375 0.01171875 0.01875
1 0.509375 0.46875 0.05390625 0.08203125
1 0.528125 0.56484375 0.071875 0.10703125
3 0.49453125 0.31484375 0.025 0.04765625
1 0.671875 0.40703125 0.0390625 0.05625
3 0.48671875 0.29453125 0.02265625 0.03828125
3 0.359375 0.28671875 0.015625 0.02734375
1 0.37578125 0.36640625 0.02890625 0.0375
3 0.60234375 0.38046875 0.05390625 0.071875
3 0.409375 0.27734375 0.0125 0.02421875
3 0.82734375 0.74453125 0.303125 0.46171875
3 0.53125 0.3546875 0.03515625 0.06484375
3 0.41796875 0.31640625 0.0109375 0.0328125
3 0.46796875 0.3375 0.0234375 0.034375
3 0.56875 0.3140625 0.01953125 0.028125
3 0.4640625 0.30546875 0.02578125 0.0421875
3 0.475 0.278125 0.01875 0.02734375
3 0.5390625 0.30078125 0.03125 0.03828125
3 0.56171875 0.3390625 0.03203125 0.0515625
3 0.41328125 0.25546875 0.01875 0.03125
3 0.5796875 0.446875 0.06875 0.1046875
3 0.403125 0.253125 0.0140625 0.0171875
1 0.64140625 0.37890625 0.03046875 0.040625
3 0.4171875 0.35625 0.01796875 0.034375
3 0.465625 0.41875 0.028125 0.04375
3 0.69296875 0.484375 0.0703125 0.10703125
3 0.4640625 0.39296875 0.025 0.0375
3 0.4890625 0.3953125 0.03828125 0.05390625
3 0.3625 0.34921875 0.01015625 0.01484375
3 0.41796875 0.28671875 0.0203125 0.04453125
3 0.34765625 0.30625 0.01796875 0.02734375
3 0.38828125 0.29921875 0.01171875 0.01875
3 0.446875 0.2546875 0.0203125 0.04140625
3 0.4328125 0.265625 0.0171875 0.03203125
3 0.37421875 0.228125 0.02578125 0.03046875
3 0.4515625 0.39453125 0.025 0.0734375
3 0.46640625 0.246875 0.025 0.03515625
3 0.4453125 0.21328125 0.01953125 0.01640625
3 0.51640625 0.2859375 0.01875 0.02109375
3 0.621875 0.359375 0.015625 0.03046875
3 0.48359375 0.31171875 0.01796875 0.0359375
3 0.325 0.284375 0.01484375 0.021875
3 0.58515625 0.346875 0.0203125 0.03984375
3 0.4546875 0.3171875 0.02421875 0.04453125
3 0.3921875 0.23671875 0.01953125 0.02265625
3 0.57734375 0.3765625 0.02109375 0.034375
3 0.403125 0.54609375 0.0125 0.04765625
3 0.3859375 0.209375 0.02265625 0.01640625
3 0.46796875 0.375 0.02109375 0.03515625
3 0.146875 0.43515625 0.01953125 0.02734375
3 0.37109375 0.246875 0.015625 0.01640625
3 0.4 0.2078125 0.015625 0.01328125
3 0.28046875 0.228125 0.01953125 0.01875
3 0.50859375 0.35703125 0.01171875 0.03046875
3 0.4890625 0.4375 0.02890625 0.0328125
3 0.15546875 0.4546875 0.0359375 0.02734375
3 0.76796875 0.52890625 0.0875 0.0796875
3 0.4796875 0.21171875 0.04140625 0.015625
3 0.634375 0.3671875 0.0171875 0.021875
3 0.334375 0.20546875 0.01171875 0.01640625
3 0.1171875 0.16953125 0.028125 0.02109375
3 0.6609375 0.5 0.01640625 0.0625
3 0.53203125 0.25234375 0.04296875 0.065625
3 0.6953125 0.66796875 0.040625 0.06796875
3 0.4234375 0.7296875 0.02890625 0.05
3 0.35546875 0.2265625 0.02578125 0.0234375
3 0.2875 0.428125 0.01796875 0.01875
3 0.5578125 0.38671875 0.028125 0.03828125
3 0.4390625 0.69765625 0.08671875 0.0921875
3 0.42578125 0.62265625 0.05234375 0.0859375
3 0.53203125 0.45546875 0.01015625 0.01328125
3 0.9421875 0.646875 0.10703125 0.04921875
3 0.2046875 0.24921875 0.01171875 0.03359375
3 0.734375 0.478125 0.009375 0.015625
3 0.3984375 0.8 0.02109375 0.04609375
3 0.44609375 0.19609375 0.01640625 0.01953125
3 0.4875 0.8046875 0.01328125 0.02734375
3 0.7390625 0.7515625 0.028125 0.04765625
3 0.50703125 0.20234375 0.01171875 0.03671875
3 0.4375 0.765625 0.0203125 0.06796875
3 0.3015625 0.27265625 0.02109375 0.015625