1 0.62109375 0.81875 0.12734375 0.19765625
3 0.67578125 0.51015625 0.1453125 0.23984375
1 0.81875 0.59765625 0.09140625 0.11171875
1 0.53125 0.5625 0.06484375 0.10078125
1 0.828125 0.80546875 0.14609375 0.209375
1 0.95078125 0.73984375 0.0984375 0.16875
1 0.3546875 0.43046875 0.0421875 0.05859375
0 0.5875 0.4359375 0.09375 0.17265625
1 0.51328125 0.4890625 0.05703125 0.0859375
1 0.26171875 0.45703125 0.04921875 0.0609375
3 0.57265625 0.6421875 0.09453125 0.1578125
1 0.3421875 0.34375 0.02421875 0.0296875
1 0.37734375 0.37109375 0.02890625 0.03515625
3 0.4953125 0.43828125 0.04609375 0.05859375
3 0.60625 0.34765625 0.06484375 0.0390625
3 0.65546875 0.371875 0.08359375 0.0765625
1 0.36640625 0.31015625 0.0171875 0.01953125
1 0.38203125 0.290625 0.0140625 0.0171875
1 0.40078125 0.3109375 0.01640625 0.0265625
0 0.4671875 0.3265625 0.040625 0.0640625
3 0.5109375 0.32890625 0.04765625 0.0796875
1 0.77109375 0.5328125 0.0671875 0.0890625
1 0.4765625 0.38125 0.03984375 0.0390625
4 0.4859375 0.4078125 0.0390625 0.05
3 0.5203125 0.51796875 0.0625 0.06953125
3 0.5453125 0.30234375 0.03125 0.0453125