3 0.5890625 0.3640625 0.04609375 0.0875
3 0.32421875 0.30859375 0.03671875 0.0625
3 0.23984375 0.44765625 0.10859375 0.19296875
3 0.6734375 0.57421875 0.10703125 0.14609375
1 0.45859375 0.3109375 0.01953125 0.03203125
3 0.3359375 0.365625 0.0265625 0.0484375
1 0.55 0.334375 0.0265625 0.03125
1 0.571875 0.415625 0.04296875 0.05703125
1 0.5046875 0.3234375 0.01953125 0.03125
1 0.60390625 0.5 0.05703125 0.0703125
1 0.52734375 0.36171875 0.02421875 0.0359375
3 0.5484375 0.38671875 0.0296875 0.0515625
3 0.1015625 0.665625 0.2 0.40625
3 0.48125 0.371875 0.0296875 0.0390625
3 0.53828125 0.53515625 0.0640625 0.096875
3 0.7 0.484375 0.07734375 0.1203125
3 0.39140625 0.33515625 0.02265625 0.03203125
1 0.503125 0.45078125 0.046875 0.07265625
1 0.37265625 0.4125 0.03515625 0.0484375
1 0.471875 0.35 0.0234375 0.0390625
1 0.6 0.77109375 0.12421875 0.20625
3 0.2484375 0.3453125 0.07265625 0.04765625
3 0.49453125 0.275 0.02109375 0.0328125
1 0.38125 0.3 0.01640625 0.0171875
1 0.53125 0.3171875 0.0203125 0.02578125