1 0.63046875 0.78828125 0.134375 0.18828125
1 0.884375 0.653125 0.12265625 0.15390625
1 0.5046875 0.4859375 0.05 0.07265625
4 0.540625 0.57734375 0.07265625 0.1265625
1 0.35703125 0.44296875 0.04140625 0.0671875
1 0.49140625 0.4328125 0.04609375 0.05703125
1 0.3953125 0.32265625 0.01875 0.0296875
3 0.215625 0.52421875 0.096875 0.1265625
1 0.48125 0.38671875 0.0375 0.04765625
3 0.58125 0.41015625 0.05078125 0.09921875
1 0.4703125 0.34921875 0.02734375 0.0375
3 0.53125 0.33984375 0.04765625 0.109375
1 0.99921875 0.2375 0.0015625 0.0046875
3 0.68125 0.54296875 0.16640625 0.2515625