1 0.65 0.8859375 0.15 0.22734375
3 0.57265625 0.40859375 0.05859375 0.11171875
1 0.3734375 0.3765625 0.03203125 0.04453125
1 0.53828125 0.6 0.08125 0.1265625
1 0.503125 0.41328125 0.040625 0.05
1 0.503125 0.46484375 0.0484375 0.065625
3 0.5109375 0.33515625 0.02421875 0.04140625
1 0.47265625 0.34765625 0.025 0.03515625
1 0.484375 0.38671875 0.03125 0.04453125
3 0.53125 0.35703125 0.03359375 0.04453125
3 0.6328125 0.41015625 0.05 0.0921875
1 0.31171875 0.54921875 0.07109375 0.07890625
1 0.7359375 0.45859375 0.059375 0.06875
3 0.5359375 0.31953125 0.02421875 0.03203125
1 0.18203125 0.89296875 0.16484375 0.2140625
3 0.9015625 0.853125 0.196875 0.29375
0 0.88359375 0.61953125 0.2328125 0.33125