1 0.9234375 0.69609375 0.14296875 0.18671875
1 0.65 0.83828125 0.16171875 0.20703125
1 0.178125 0.9359375 0.175 0.128125
3 0.23984375 0.48671875 0.090625 0.10703125
1 0.365625 0.40703125 0.03984375 0.046875
4 0.5484375 0.5953125 0.084375 0.13828125
1 0.50546875 0.49609375 0.0578125 0.08203125
1 0.4953125 0.43515625 0.0453125 0.05
1 0.4859375 0.4 0.04140625 0.0421875
1 0.47734375 0.3703125 0.03359375 0.02578125
1 0.47109375 0.3515625 0.03203125 0.03203125
3 0.5875 0.4234375 0.06796875 0.1171875
3 0.696875 0.5609375 0.18671875 0.27265625
3 0.67109375 0.41171875 0.07421875 0.08984375
0 0.63671875 0.3640625 0.06796875 0.078125
3 0.5296875 0.340625 0.0515625 0.0984375
3 0.55 0.30546875 0.04296875 0.0671875
1 0.571875 0.35 0.03046875 0.03828125
1 0.39609375 0.31484375 0.01875 0.02265625
1 0.40546875 0.2921875 0.015625 0.01640625
3 0.3765625 0.26171875 0.01875 0.0359375
3 0.4984375 0.31875 0.021875 0.05