1 0.6046875 0.7578125 0.128125 0.16015625
1 0.7390625 0.68515625 0.10859375 0.1546875
1 0.509375 0.48828125 0.05078125 0.0796875
1 0.71796875 0.48203125 0.0578125 0.0765625
1 0.55 0.6 0.07734375 0.128125
1 0.7875 0.5484375 0.084375 0.1109375
1 0.49921875 0.43125 0.046875 0.06484375
1 0.37734375 0.37890625 0.03125 0.0453125
1 0.646875 0.51015625 0.1015625 0.1484375
3 0.553125 0.3859375 0.075 0.11484375
3 0.33203125 0.30234375 0.03515625 0.06015625
3 0.59609375 0.35 0.0390625 0.0890625
1 0.39296875 0.3265625 0.0390625 0.03828125