1 0.5890625 0.82578125 0.128125 0.21640625
1 0.296875 0.4234375 0.04140625 0.053125
3 0.26484375 0.36328125 0.04140625 0.071875
3 0.334375 0.33984375 0.04921875 0.0875
3 0.89453125 0.809375 0.2109375 0.37734375
3 0.81015625 0.65078125 0.19765625 0.275
3 0.76640625 0.465625 0.15390625 0.1546875
1 0.67421875 0.9734375 0.1234375 0.053125
1 0.53828125 0.615625 0.08203125 0.1171875
1 0.6265625 0.59453125 0.096875 0.128125
1 0.51640625 0.5359375 0.06484375 0.1
3 0.6140625 0.45625 0.065625 0.13046875
3 0.57890625 0.4375 0.0421875 0.0953125
3 0.6375 0.3953125 0.04921875 0.10078125
3 0.5859375 0.34140625 0.053125 0.0703125
1 0.54296875 0.4078125 0.04296875 0.05546875
1 0.49375 0.475 0.053125 0.06171875
1 0.39921875 0.315625 0.021875 0.03203125