3 0.640625 0.496875 0.15078125 0.2203125
3 0.771875 0.51171875 0.1484375 0.21171875
3 0.590625 0.34921875 0.06015625 0.1
3 0.48359375 0.3609375 0.0515625 0.08984375
3 0.5375 0.353125 0.05703125 0.10625
3 0.296875 0.4046875 0.0515625 0.08125
3 0.23046875 0.40234375 0.05390625 0.07890625
3 0.35546875 0.31328125 0.0328125 0.05703125
3 0.3078125 0.334375 0.03125 0.0515625
1 0.35234375 0.45859375 0.05234375 0.0625
1 0.378125 0.38515625 0.0453125 0.0421875
1 0.665625 0.88828125 0.13125 0.22265625
4 0.92890625 0.928125 0.14140625 0.14375
4 0.509375 0.45078125 0.0609375 0.07734375
1 0.63125 0.3625 0.02890625 0.04296875
1 0.39140625 0.33671875 0.02578125 0.03046875