4 0.45859375 0.59921875 0.07734375 0.12265625
1 0.51328125 0.409375 0.04375 0.0359375
3 0.77578125 0.496875 0.09609375 0.15703125
1 0.50859375 0.43984375 0.04765625 0.06328125
1 0.52109375 0.38828125 0.03671875 0.02890625
1 0.6296875 0.41015625 0.0390625 0.0515625
3 0.63984375 0.29140625 0.0140625 0.025
3 0.6796875 0.38671875 0.04453125 0.0609375
3 0.38828125 0.453125 0.1046875 0.17890625
3 0.525 0.3703125 0.0359375 0.03984375
1 0.47734375 0.52734375 0.06953125 0.10546875
3 0.45859375 0.38046875 0.02890625 0.04609375
3 0.6484375 0.33125 0.02734375 0.03671875
1 0.4125 0.73125 0.11640625 0.1546875
1 0.3578125 0.91875 0.1671875 0.1625
1 0.6484375 0.46640625 0.046875 0.0640625
3 0.41640625 0.32578125 0.0546875 0.04921875
1 0.6140625 0.35546875 0.02578125 0.0328125
3 0.75390625 0.37890625 0.071875 0.09140625
3 0.41796875 0.3859375 0.0625 0.0953125
1 0.5921875 0.2875 0.0125 0.0203125
1 0.48203125 0.47265625 0.06015625 0.0578125
3 0.27265625 0.60859375 0.18515625 0.28359375
1 0.1140625 0.5859375 0.08671875 0.08515625
1 0.5140625 0.32109375 0.02890625 0.03046875
3 0.1171875 0.79921875 0.234375 0.4015625
1 0.33203125 0.44140625 0.0328125 0.0453125
3 0.93984375 0.7203125 0.1203125 0.209375
3 0.2515625 0.453125 0.1359375 0.1578125
3 0.4609375 0.35703125 0.03125 0.0671875