1 0.22890625 0.5734375 0.08203125 0.09453125
1 0.31328125 0.39375 0.0359375 0.05390625
1 0.36328125 0.4328125 0.04296875 0.053125
3 0.35859375 0.334375 0.025 0.03828125
4 0.3328125 0.30859375 0.02265625 0.03984375
3 0.65703125 0.39609375 0.10078125 0.15234375
3 0.65703125 0.5625 0.07578125 0.09609375
3 0.8578125 0.753125 0.284375 0.490625
3 0.57578125 0.41484375 0.0859375 0.11328125
1 0.5046875 0.48046875 0.05234375 0.0765625
1 0.53671875 0.57109375 0.07265625 0.10703125
1 0.64765625 0.9015625 0.1453125 0.19609375