1 0.6796875 0.92890625 0.184375 0.14140625
1 0.653125 0.56953125 0.07734375 0.1046875
1 0.2140625 0.8171875 0.14296875 0.18125
3 0.5375 0.59296875 0.0796875 0.12109375
1 0.8078125 0.503125 0.04375 0.0828125
4 0.51640625 0.5109375 0.06015625 0.0921875
1 0.640625 0.42578125 0.04296875 0.0515625
1 0.6 0.48046875 0.053125 0.078125
1 0.50703125 0.459375 0.05 0.0578125
1 0.2265625 0.5375 0.06640625 0.0984375
1 0.35859375 0.321875 0.02109375 0.025
1 0.4921875 0.42890625 0.046875 0.06328125
1 0.48125 0.38671875 0.03984375 0.04765625
3 0.01328125 0.78359375 0.0265625 0.1640625
1 0.47265625 0.36640625 0.03203125 0.04296875
1 0.39140625 0.3203125 0.021875 0.02265625
0 0.8734375 0.79140625 0.25 0.41640625
0 0.55390625 0.3796875 0.06953125 0.11171875
3 0.73046875 0.46171875 0.1265625 0.1953125
3 0.296875 0.33828125 0.0515625 0.0640625
3 0.51953125 0.33203125 0.05390625 0.08046875
3 0.6125 0.37734375 0.05390625 0.0796875
3 0.59609375 0.32734375 0.0578125 0.03359375
3 0.55703125 0.30546875 0.04140625 0.03828125
0 0.36953125 0.271875 0.01953125 0.03359375