1 0.29453125 0.58125 0.1046875 0.11875
1 0.58203125 0.71171875 0.09921875 0.1578125
1 0.6328125 0.87265625 0.14375 0.2421875
1 0.53125 0.559375 0.071875 0.0984375
1 0.69296875 0.60625 0.0875 0.1375
1 0.73984375 0.4546875 0.046875 0.06796875
1 0.50625 0.459375 0.046875 0.06640625
1 0.4859375 0.40390625 0.03515625 0.05703125
1 0.36328125 0.325 0.01875 0.034375
1 0.38046875 0.3015625 0.01484375 0.02578125
3 0.6359375 0.41796875 0.05703125 0.08828125
1 0.4625 0.31328125 0.02421875 0.0328125
3 0.68671875 0.459375 0.06484375 0.11484375
3 0.86640625 0.74765625 0.2640625 0.5046875
4 0.3359375 0.34453125 0.04296875 0.096875
3 0.5546875 0.38046875 0.08203125 0.11171875