1 0.78671875 0.80625 0.12734375 0.1765625
3 0.14140625 0.78203125 0.2828125 0.43515625
1 0.35546875 0.94765625 0.1375 0.09296875
1 0.38203125 0.82421875 0.1109375 0.1375
1 0.434375 0.71875 0.084375 0.121875
3 0.34609375 0.54609375 0.11484375 0.19765625
3 0.215625 0.49453125 0.11484375 0.09140625
3 0.4703125 0.61171875 0.06640625 0.14609375
1 0.6171875 0.35625 0.0203125 0.034375
1 0.684375 0.33984375 0.02578125 0.0375
1 0.65078125 0.34296875 0.025 0.02890625
1 0.4796875 0.5078125 0.053125 0.05859375
3 0.36015625 0.39453125 0.05703125 0.090625
3 0.403125 0.34375 0.05390625 0.0875
1 0.49609375 0.4515625 0.0484375 0.0484375
3 0.4484375 0.39609375 0.04609375 0.09921875
3 0.63359375 0.2796875 0.02109375 0.02734375
1 0.51015625 0.4125 0.034375 0.02109375
1 0.51875 0.3734375 0.0296875 0.03046875
1 0.528125 0.34296875 0.0296875 0.028125
3 0.28125 0.45546875 0.0734375 0.134375