3 0.6125 0.5109375 0.071875 0.14140625
3 0.66328125 0.54609375 0.115625 0.19609375
1 0.57734375 0.73984375 0.10703125 0.16640625
1 0.50546875 0.4609375 0.0453125 0.0625
3 0.5359375 0.62890625 0.08359375 0.16171875
3 0.54921875 0.3859375 0.05625 0.096875
1 0.60859375 0.875 0.1390625 0.23828125
1 0.5265625 0.52109375 0.059375 0.07265625
1 0.48671875 0.409375 0.0328125 0.03359375
1 0.48359375 0.37421875 0.03203125 0.034375
1 0.515625 0.49375 0.06328125 0.08359375
1 0.49375 0.3953125 0.03984375 0.04140625
1 0.59453125 0.44296875 0.04453125 0.0578125
3 0.3578125 0.31015625 0.0375 0.07265625
1 0.2890625 0.35546875 0.028125 0.03359375
3 0.859375 0.7390625 0.23671875 0.4171875
3 0.384375 0.28515625 0.02109375 0.03203125
3 0.22265625 0.50546875 0.12421875 0.16015625
3 0.62890625 0.39296875 0.07265625 0.103125
1 0.275 0.38359375 0.0328125 0.0359375
1 0.47734375 0.35859375 0.02734375 0.02578125
3 0.590625 0.36484375 0.02421875 0.05234375
3 0.79140625 0.471875 0.19609375 0.21640625
4 0.396875 0.33125 0.025 0.0375
1 0.421875 0.28984375 0.01796875 0.02734375
1 0.5015625 0.42578125 0.0421875 0.03125
3 0.96953125 0.9 0.0609375 0.2
3 0.9328125 0.665625 0.134375 0.2890625
3 0.73828125 0.6421875 0.0421875 0.13984375
1 0.559375 0.575 0.0734375 0.12265625
1 0.5703125 0.41875 0.0390625 0.0515625
1 0.6765625 0.39375 0.0265625 0.05078125
3 0.50859375 0.3125 0.0375 0.07421875
3 0.534375 0.34921875 0.06015625 0.0921875