1 0.553125 0.6 0.08046875 0.11640625
1 0.34765625 0.48125 0.05078125 0.0609375
1 0.2375 0.76796875 0.12265625 0.16171875
1 0.4875 0.40390625 0.03984375 0.0609375
1 0.371875 0.37578125 0.03046875 0.025
1 0.64765625 0.4203125 0.0140625 0.04921875
4 0.75625 0.67734375 0.10859375 0.1640625
3 0.22578125 0.49375 0.0765625 0.11640625
3 0.09765625 0.525 0.1109375 0.1296875
3 0.91171875 0.596875 0.1765625 0.18125
0 0.90625 0.828125 0.1875 0.34296875
3 0.71953125 0.45546875 0.12734375 0.16875
3 0.5921875 0.43125 0.0984375 0.1640625
3 0.53125 0.33828125 0.04609375 0.084375
3 0.5796875 0.31953125 0.05625 0.05859375
0 0.48046875 0.34921875 0.053125 0.08828125
3 0.2859375 0.35703125 0.0421875 0.053125
3 0.34140625 0.32421875 0.04375 0.0640625
1 0.38828125 0.34140625 0.02734375 0.03046875
1 0.39375 0.31875 0.021875 0.0234375
1 0.40078125 0.2984375 0.0171875 0.01953125
3 0.490625 0.29453125 0.03203125 0.02578125
3 0.51953125 0.2765625 0.02734375 0.028125