3 0.64765625 0.40703125 0.08671875 0.13203125
3 0.51171875 0.31953125 0.03828125 0.05546875
3 0.54453125 0.31953125 0.02734375 0.0484375
3 0.28984375 0.3609375 0.0671875 0.08671875
3 0.34375 0.346875 0.0375 0.0484375
1 0.29609375 0.63984375 0.08515625 0.10859375
1 0.57421875 0.6640625 0.09453125 0.125
1 0.3875 0.3546875 0.03359375 0.03125
1 0.4671875 0.33828125 0.02421875 0.0296875
1 0.46171875 0.31015625 0.021875 0.02265625
1 0.40390625 0.30625 0.01953125 0.01953125
0 0.371875 0.296875 0.03125 0.04453125