1 0.459375 0.30625 0.02265625 0.03203125
3 0.34296875 0.31875 0.04375 0.08046875
4 0.3546875 0.428125 0.04140625 0.05703125
1 0.51640625 0.3828125 0.03515625 0.04296875
3 0.5140625 0.3046875 0.04375 0.0640625
1 0.25 0.67890625 0.1 0.12265625
1 0.67265625 0.56640625 0.08046875 0.103125
3 0.48359375 0.28984375 0.02265625 0.03984375
3 0.384375 0.35234375 0.02578125 0.04375
1 0.5046875 0.4203125 0.040625 0.0640625
3 0.5953125 0.36484375 0.059375 0.08203125
1 0.40859375 0.28828125 0.01484375 0.03046875
1 0.53828125 0.5484375 0.06484375 0.08984375
1 0.48671875 0.35078125 0.02578125 0.0359375
1 0.41640625 0.27734375 0.01640625 0.03125