1 0.05 0.76171875 0.1 0.17734375
1 0.4234375 0.6859375 0.1078125 0.16640625
1 0.37734375 0.4109375 0.0359375 0.046875
1 0.4296875 0.440625 0.0484375 0.059375
1 0.40546875 0.48671875 0.05859375 0.0734375
1 0.68359375 0.41328125 0.04296875 0.04609375
1 0.63046875 0.37890625 0.0359375 0.04375
0 0.24921875 0.628125 0.24921875 0.36875
3 0.30234375 0.4140625 0.11640625 0.125
3 0.8125 0.43125 0.09375 0.1265625
3 0.390625 0.37109375 0.0515625 0.0828125
0 0.4546875 0.36796875 0.06875 0.1078125
0 0.64765625 0.2875 0.03125 0.0421875
1 0.60625 0.32578125 0.02265625 0.028125
1 0.51328125 0.40625 0.0390625 0.04453125
1 0.51875 0.37265625 0.03515625 0.0359375
3 0.48203125 0.3375 0.05234375 0.08125
3 0.33984375 0.93828125 0.190625 0.12265625