3 0.72890625 0.45859375 0.14375 0.2234375
3 0.09453125 0.5125 0.1046875 0.14453125
3 0.63203125 0.51484375 0.10625 0.1671875
3 0.6375 0.39765625 0.03828125 0.05703125
1 0.6109375 0.81171875 0.121875 0.2359375
1 0.55390625 0.615625 0.0828125 0.13515625
1 0.521875 0.49453125 0.06171875 0.1046875
3 0.58203125 0.3640625 0.03515625 0.05234375
3 0.36171875 0.2859375 0.015625 0.02578125
3 0.56484375 0.3546875 0.03203125 0.053125
1 0.86640625 0.90078125 0.16328125 0.19453125
3 0.396875 0.328125 0.0203125 0.02890625
1 0.60078125 0.39375 0.03828125 0.0515625
3 0.378125 0.3015625 0.01640625 0.0265625
3 0.49140625 0.41640625 0.04140625 0.06484375
1 0.92109375 0.7265625 0.13515625 0.15078125
3 0.3734375 0.34609375 0.02578125 0.03515625
1 0.53515625 0.38046875 0.03515625 0.0484375
3 0.565625 0.41953125 0.04140625 0.06171875
3 0.475 0.3671875 0.03046875 0.03828125
3 0.54609375 0.334375 0.01953125 0.0359375
3 0.52265625 0.29921875 0.028125 0.0265625
3 0.49765625 0.31953125 0.03046875 0.05
3 0.5078125 0.284375 0.02578125 0.03359375
3 0.3984375 0.26484375 0.0125 0.02265625
3 0.48515625 0.29375 0.02421875 0.04296875
1 0.35859375 0.32578125 0.01953125 0.02734375
3 0.41015625 0.27578125 0.0109375 0.0171875
1 0.465625 0.33203125 0.0265625 0.03671875
3 0.4671875 0.27109375 0.01875 0.034375
3 0.44765625 0.340625 0.01640625 0.0484375
3 0.159375 0.4640625 0.03046875 0.03984375