3 0.5015625 0.31328125 0.03125 0.053125
3 0.6859375 0.446875 0.0984375 0.125
1 0.7078125 0.70625 0.11015625 0.17421875
1 0.2234375 0.7765625 0.125 0.153125
4 0.396875 0.309375 0.01796875 0.02578125
1 0.49609375 0.40859375 0.0390625 0.0546875
1 0.47421875 0.36328125 0.028125 0.03828125
1 0.4578125 0.3015625 0.01640625 0.0234375
0 0.3984375 0.265625 0.01640625 0.0234375
3 0.38125 0.35625 0.03125 0.05859375
1 0.465625 0.27109375 0.01328125 0.025
3 0.56171875 0.37734375 0.05859375 0.1265625
3 0.3796875 0.27578125 0.02265625 0.0421875
1 0.46640625 0.33359375 0.02265625 0.03125
1 0.3359375 0.47265625 0.05703125 0.06875
3 0.54921875 0.30390625 0.03984375 0.05703125
3 0.24375 0.390625 0.05078125 0.090625