3 0.0828125 0.73515625 0.165625 0.3640625
3 0.6359375 0.46015625 0.11640625 0.20078125
1 0.59296875 0.6671875 0.10703125 0.1515625
1 0.2296875 0.8328125 0.134375 0.1671875
1 0.12421875 0.53125 0.08125 0.06015625
1 0.3234375 0.5796875 0.06796875 0.0953125
1 0.278125 0.45546875 0.04765625 0.05234375
1 0.36328125 0.43828125 0.0484375 0.05546875
1 0.49921875 0.425 0.040625 0.0515625
3 0.221875 0.41875 0.05234375 0.06796875
3 0.30234375 0.38828125 0.05 0.0609375
3 0.3765625 0.36953125 0.03359375 0.04765625
3 0.34140625 0.33671875 0.0375 0.0546875
1 0.48828125 0.38046875 0.040625 0.0453125
3 0.5 0.31328125 0.03828125 0.0546875
1 0.54296875 0.328125 0.02734375 0.03984375