1 0.25625 0.73125 0.109375 0.14453125
1 0.33828125 0.49921875 0.0671875 0.07109375
3 0.2140625 0.4 0.07265625 0.10078125
1 0.64140625 0.9484375 0.1640625 0.0984375
4 0.615625 0.85703125 0.1296875 0.1828125
3 0.925 0.8390625 0.146875 0.321875
1 0.58203125 0.728125 0.10625 0.13984375
3 0.76328125 0.49921875 0.109375 0.11171875
3 0.6890625 0.3953125 0.1109375 0.12109375
3 0.6703125 0.54765625 0.0984375 0.190625
3 0.3125 0.37578125 0.04765625 0.06875
3 0.29921875 0.3296875 0.0546875 0.06171875
3 0.61796875 0.4984375 0.0671875 0.12109375
3 0.54921875 0.37578125 0.05390625 0.0734375
3 0.60625 0.3625 0.0484375 0.06171875
3 0.35078125 0.29765625 0.0265625 0.0375
3 0.50859375 0.309375 0.03515625 0.0625
3 0.384375 0.2828125 0.02109375 0.03515625
1 0.36796875 0.41796875 0.03515625 0.0453125
1 0.38515625 0.34375 0.02421875 0.0375
3 0.53359375 0.61953125 0.08125 0.1328125
1 0.559375 0.5765625 0.06875 0.11328125
1 0.53125 0.51796875 0.04609375 0.05390625
1 0.5171875 0.4875 0.053125 0.06875
1 0.50234375 0.4375 0.040625 0.04609375
1 0.590625 0.453125 0.03359375 0.0671875
1 0.49375 0.39375 0.03984375 0.03125
1 0.4828125 0.371875 0.03203125 0.034375
1 0.46953125 0.33828125 0.025 0.03515625
1 0.4640625 0.3125 0.02421875 0.02421875
1 0.4546875 0.2859375 0.01640625 0.028125
3 0.48515625 0.28046875 0.0328125 0.0359375