1 0.6453125 0.8609375 0.19609375 0.2734375
3 0.421875 0.23359375 0.0140625 0.01953125
3 0.42734375 0.32265625 0.025 0.04609375
3 0.41640625 0.3515625 0.0171875 0.02734375
3 0.40390625 0.30390625 0.015625 0.02421875
3 0.4578125 0.309375 0.0203125 0.034375
3 0.478125 0.2890625 0.021875 0.040625
3 0.528125 0.50234375 0.05859375 0.09375
3 0.4640625 0.26953125 0.0140625 0.02890625
3 0.5140625 0.28828125 0.01875 0.02578125
3 0.45703125 0.2921875 0.01640625 0.0234375
3 0.37890625 0.23359375 0.01015625 0.02890625
3 0.33515625 0.31328125 0.01796875 0.0234375
3 0.4921875 0.30546875 0.028125 0.053125
1 0.30546875 0.5453125 0.06875 0.0953125
3 0.49609375 0.42734375 0.046875 0.06953125
3 0.41328125 0.2578125 0.01796875 0.03046875
3 0.5328125 0.2921875 0.02265625 0.02734375
3 0.50703125 0.328125 0.02734375 0.04921875
3 0.5640625 0.415625 0.06171875 0.10234375
3 0.459375 0.24296875 0.025 0.03203125
3 0.440625 0.23828125 0.0140625 0.025
3 0.37578125 0.26875 0.0125 0.01953125
3 0.46328125 0.41484375 0.0265625 0.05
3 0.53203125 0.3109375 0.02890625 0.05390625
3 0.47890625 0.25859375 0.02265625 0.02265625
3 0.55 0.3296875 0.02890625 0.05
3 0.90703125 0.58046875 0.09453125 0.11328125
3 0.396875 0.41953125 0.03046875 0.0609375
3 0.490625 0.27890625 0.0265625 0.0296875
3 0.6171875 0.38125 0.08046875 0.12265625
3 0.43046875 0.25625 0.02265625 0.04140625
3 0.16484375 0.3296875 0.0171875 0.02734375
1 0.4703125 0.35234375 0.03203125 0.04765625
3 0.39296875 0.27421875 0.0109375 0.01953125
3 0.5296875 0.36484375 0.0296875 0.06953125
3 0.37265625 0.22421875 0.0203125 0.01953125
3 0.48203125 0.3875 0.03125 0.0328125
1 0.390625 0.328125 0.0203125 0.0296875
3 0.465625 0.33125 0.02578125 0.02734375
3 0.74296875 0.48671875 0.065625 0.09375
3 0.56953125 0.34453125 0.0359375 0.05546875
3 0.36796875 0.40078125 0.03671875 0.053125
3 0.325 0.2828125 0.015625 0.0203125
3 0.521875 0.38671875 0.0125 0.0265625
3 0.39453125 0.253125 0.0125 0.0203125
3 0.396875 0.2078125 0.009375 0.01640625
3 0.54453125 0.39609375 0.03203125 0.07421875
3 0.91484375 0.88671875 0.1640625 0.2265625
3 0.7703125 0.46796875 0.015625 0.03046875
3 0.4484375 0.33984375 0.01484375 0.04140625
3 0.4234375 0.728125 0.0296875 0.05078125
3 0.69296875 0.54375 0.15703125 0.234375
3 0.11640625 0.16953125 0.02734375 0.02109375
3 0.2640625 0.24609375 0.040625 0.02734375
3 0.984375 0.2515625 0.03125 0.03828125
3 0.4546875 0.21015625 0.04375 0.01328125
3 0.30546875 0.27578125 0.0296875 0.01875
3 0.1171875 0.43203125 0.0171875 0.0140625
3 0.4015625 0.23046875 0.02265625 0.02578125
3 0.11875 0.23046875 0.0375 0.03046875
3 0.15 0.24453125 0.0234375 0.01171875
3 0.43203125 0.53125 0.04765625 0.09921875
3 0.446875 0.178125 0.01953125 0.04609375
3 0.44140625 0.68125 0.06953125 0.0515625
3 0.55546875 0.253125 0.01484375 0.06796875
3 0.5734375 0.4875 0.046875 0.08671875
3 0.50546875 0.20234375 0.01015625 0.025
3 0.20390625 0.24921875 0.0109375 0.0328125