1 0.58828125 0.7421875 0.10703125 0.19140625
1 0.5265625 0.52578125 0.06171875 0.10078125
4 0.68046875 0.58046875 0.0796875 0.12734375
3 0.828125 0.59375 0.1265625 0.18046875
3 0.696875 0.465625 0.0734375 0.12265625
3 0.52265625 0.3359375 0.04921875 0.0765625
3 0.27109375 0.43984375 0.07421875 0.11640625
3 0.22265625 0.41484375 0.03515625 0.0609375
1 0.33671875 0.584375 0.075 0.1015625
1 0.33515625 0.49453125 0.0640625 0.07578125
1 0.35 0.42578125 0.046875 0.06171875
1 0.26953125 0.365625 0.03203125 0.0296875
1 0.29453125 0.34765625 0.03046875 0.03515625
1 0.32421875 0.3796875 0.03828125 0.0421875
1 0.490625 0.409375 0.034375 0.0546875
1 0.64765625 0.38828125 0.03515625 0.0421875
1 0.60703125 0.3578125 0.02734375 0.03359375
3 0.56171875 0.334375 0.03125 0.0703125
1 0.4734375 0.3546875 0.02890625 0.0484375
1 0.3453125 0.34765625 0.03203125 0.0328125
3 0.32890625 0.30703125 0.03125 0.04921875
1 0.40078125 0.31484375 0.0203125 0.0296875
1 0.39296875 0.34453125 0.025 0.0265625