1 0.57421875 0.65703125 0.08984375 0.1421875
1 0.9546875 0.63359375 0.090625 0.12109375
1 0.35703125 0.4234375 0.04140625 0.0609375
1 0.67109375 0.40859375 0.0421875 0.05390625
1 0.19140625 0.9109375 0.15703125 0.17578125
1 0.515625 0.51796875 0.0625 0.08828125
1 0.49453125 0.43125 0.0421875 0.0625
1 0.38671875 0.36171875 0.02578125 0.040625
1 0.321875 0.40234375 0.0375 0.05
3 0.325 0.321875 0.025 0.03671875
1 0.39609375 0.32890625 0.0203125 0.02734375
3 0.34921875 0.34609375 0.02734375 0.04296875
1 0.478125 0.375 0.0296875 0.04375
1 0.94375 0.9546875 0.11171875 0.08359375
1 0.4953125 0.39375 0.03515625 0.0453125
1 0.4671875 0.3359375 0.02421875 0.03515625
3 0.75234375 0.6640625 0.14765625 0.23359375
0 0.79296875 0.521875 0.1828125 0.23515625
3 0.61015625 0.37734375 0.0453125 0.07578125
3 0.559375 0.38828125 0.053125 0.09140625
3 0.3390625 0.2921875 0.03359375 0.05
3 0.375 0.28984375 0.028125 0.05625