1 0.55546875 0.61484375 0.10390625 0.184375
3 0.4203125 0.2375 0.0125 0.02109375
1 0.64375 0.84765625 0.14609375 0.2328125
3 0.16015625 0.315625 0.0265625 0.034375
3 0.709375 0.61484375 0.11953125 0.20390625
3 0.52578125 0.34921875 0.04609375 0.08359375
1 0.27421875 0.45859375 0.0484375 0.05859375
3 0.4234375 0.25 0.01328125 0.02578125
1 0.525 0.45703125 0.04609375 0.071875
3 0.46640625 0.27890625 0.01796875 0.03203125
3 0.4671875 0.23671875 0.01875 0.021875
1 0.49296875 0.4203125 0.0375 0.053125
3 0.50703125 0.3125 0.028125 0.03671875
3 0.353125 0.28984375 0.0140625 0.01875
1 0.74921875 0.49296875 0.07421875 0.08203125
3 0.928125 0.6828125 0.14296875 0.271875
3 0.6 0.48359375 0.05546875 0.0796875
3 0.4484375 0.24453125 0.01953125 0.0328125
3 0.3890625 0.24765625 0.015625 0.02109375
3 0.575 0.340625 0.04765625 0.065625
3 0.5296875 0.29921875 0.01953125 0.01640625
3 0.48515625 0.30703125 0.01796875 0.03046875
3 0.415625 0.3515625 0.0140625 0.02265625
3 0.46328125 0.31953125 0.028125 0.0328125
3 0.40546875 0.29453125 0.01484375 0.02109375
3 0.48203125 0.284375 0.0171875 0.025
3 0.50625 0.28125 0.02265625 0.02578125
3 0.45390625 0.2953125 0.0171875 0.0265625
3 0.3890625 0.340625 0.021875 0.02890625
3 0.490625 0.27421875 0.0125 0.025
3 0.615625 0.378125 0.0625 0.1
3 0.54921875 0.40703125 0.0234375 0.0546875
3 0.4859375 0.39296875 0.03125 0.04140625
3 0.41484375 0.26953125 0.01640625 0.03984375
3 0.45 0.35390625 0.02109375 0.04375
3 0.58515625 0.4421875 0.0484375 0.065625
3 0.79453125 0.58828125 0.0734375 0.0921875
3 0.44921875 0.27734375 0.01484375 0.0359375
3 0.46328125 0.41640625 0.02421875 0.03671875
3 0.659375 0.53828125 0.07734375 0.11015625
1 0.9375 0.94375 0.125 0.103125
3 0.43515625 0.2421875 0.01484375 0.02734375
3 0.37265625 0.3015625 0.0265625 0.04921875
3 0.47578125 0.3578125 0.02578125 0.03359375
3 0.3234375 0.28359375 0.0171875 0.01953125
3 0.3765625 0.221875 0.01796875 0.01484375
3 0.46875 0.37109375 0.01484375 0.03359375
3 0.4953125 0.2578125 0.025 0.0453125
3 0.56328125 0.44296875 0.01953125 0.0484375
3 0.40390625 0.42578125 0.028125 0.0375
3 0.421875 0.3046875 0.01328125 0.0265625
3 0.40234375 0.271875 0.01484375 0.03125
3 0.428125 0.26328125 0.015625 0.02421875
3 0.5765625 0.315625 0.0328125 0.01796875
3 0.57421875 0.459375 0.01796875 0.040625
3 0.49453125 0.31640625 0.01953125 0.04296875
3 0.384375 0.2125 0.0203125 0.01640625
3 0.64921875 0.56015625 0.02265625 0.08046875
3 0.446875 0.2234375 0.02578125 0.01640625
3 0.4 0.23828125 0.02265625 0.015625
3 0.73359375 0.440625 0.021875 0.0328125
3 0.5609375 0.30859375 0.0140625 0.0125
3 0.521875 0.23046875 0.015625 0.01484375
3 0.5078125 0.3484375 0.01875 0.053125
3 0.27578125 0.23125 0.015625 0.01484375
3 0.421875 0.73671875 0.02578125 0.0390625
3 0.4703125 0.21015625 0.05546875 0.01796875
3 0.3640625 0.33984375 0.01796875 0.03046875
3 0.1171875 0.16953125 0.02890625 0.02265625
3 0.36015625 0.31484375 0.00859375 0.0203125
3 0.27421875 0.50234375 0.0453125 0.06015625
3 0.63125 0.5625 0.01796875 0.06015625
3 0.3984375 0.20625 0.0140625 0.034375
3 0.61875 0.35546875 0.03359375 0.02109375
3 0.44375 0.734375 0.07265625 0.05390625
3 0.4875 0.45546875 0.0109375 0.0265625
3 0.70625 0.81796875 0.01953125 0.04765625
3 0.50703125 0.2015625 0.0125 0.03671875
3 0.11953125 0.23046875 0.03515625 0.0296875
3 0.2046875 0.24921875 0.01171875 0.03359375
3 0.5328125 0.240625 0.0390625 0.025
3 0.1484375 0.23125 0.03046875 0.03359375
3 0.4484375 0.1765625 0.021875 0.04921875
3 0.4375 0.7640625 0.01875 0.06875
3 0.3375 0.20625 0.0109375 0.021875