1 0.73046875 0.940625 0.1640625 0.11875
1 0.59453125 0.70859375 0.11015625 0.1640625
1 0.6921875 0.596875 0.09921875 0.12421875
1 0.5328125 0.540625 0.071875 0.09453125
1 0.2890625 0.4578125 0.05390625 0.05703125
1 0.37890625 0.36953125 0.03359375 0.04296875
1 0.5046875 0.44921875 0.046875 0.06328125
1 0.48828125 0.38515625 0.0390625 0.0484375
1 0.465625 0.3265625 0.02265625 0.02578125
1 0.4671875 0.35546875 0.02890625 0.03828125
1 0.3765625 0.30390625 0.01484375 0.0234375
3 0.60859375 0.453125 0.078125 0.14375
3 0.77890625 0.73515625 0.140625 0.1609375
0 0.79140625 0.5296875 0.18515625 0.2359375
0 0.64921875 0.40703125 0.090625 0.1203125
3 0.5671875 0.39140625 0.05703125 0.1
3 0.53671875 0.36953125 0.03984375 0.0796875
3 0.534375 0.30390625 0.034375 0.05078125