1 0.678125 0.52109375 0.07265625 0.07734375
1 0.425 0.43203125 0.046875 0.0609375
1 0.63046875 0.38984375 0.03828125 0.03671875
1 0.51640625 0.36953125 0.03125 0.03828125
1 0.609375 0.321875 0.02109375 0.025
1 0.475 0.3578125 0.034375 0.0453125
3 0.634375 0.2765625 0.021875 0.034375
3 0.8984375 0.634375 0.203125 0.26484375
3 0.6125 0.275 0.02109375 0.03203125
1 0.5328125 0.32109375 0.021875 0.0328125
3 0.51015625 0.29765625 0.02421875 0.03828125
1 0.53203125 0.28203125 0.0125 0.01640625
1 0.5234375 0.29375 0.0078125 0.021875
1 0.54453125 0.2984375 0.0171875 0.01953125