1 0.5 0.44765625 0.046875 0.07265625
1 0.47890625 0.503125 0.05546875 0.0890625
1 0.51015625 0.39921875 0.0328125 0.04609375
1 0.24609375 0.4703125 0.065625 0.0765625
1 0.525 0.3515625 0.028125 0.0390625
1 0.7078125 0.59921875 0.0828125 0.11171875
1 0.53828125 0.33046875 0.02421875 0.0390625
1 0.43359375 0.5828125 0.08203125 0.13515625
1 0.4125 0.45625 0.04921875 0.071875
1 0.38359375 0.49609375 0.06015625 0.090625
0 0.44765625 0.3859375 0.05546875 0.103125
3 0.31484375 0.559375 0.0953125 0.16953125
1 0.24140625 0.7296875 0.1265625 0.17109375
0 0.3296875 0.41875 0.1015625 0.12578125
1 0.65078125 0.34140625 0.0234375 0.03515625
1 0.5953125 0.30078125 0.0140625 0.01875
0 0.3953125 0.37265625 0.06328125 0.1
1 0.534375 0.41953125 0.02265625 0.04453125