1 0.83984375 0.6296875 0.0953125 0.10859375
1 0.58046875 0.73125 0.11484375 0.16796875
1 0.73671875 0.52109375 0.0625 0.084375
1 0.28671875 0.58203125 0.07890625 0.1
1 0.6484375 0.4375 0.04921875 0.0609375
1 0.49921875 0.4359375 0.0421875 0.065625
1 0.8875 0.57578125 0.0890625 0.103125
1 0.34296875 0.50390625 0.06171875 0.08125
4 0.3765625 0.38203125 0.03515625 0.05234375
1 0.55546875 0.4046875 0.03203125 0.0484375
1 0.48984375 0.38828125 0.0375 0.04375
1 0.5296875 0.37578125 0.0328125 0.04296875
1 0.659375 0.40234375 0.034375 0.04921875
1 0.38359375 0.35859375 0.025 0.0328125
1 0.5375 0.30078125 0.01640625 0.025
1 0.50703125 0.33515625 0.025 0.03125
1 0.3953125 0.3265625 0.0203125 0.03359375
1 0.48125 0.3515625 0.028125 0.0359375
1 0.51484375 0.34765625 0.025 0.040625
3 0.58671875 0.44375 0.05390625 0.0828125
3 0.6015625 0.37890625 0.03984375 0.0765625
3 0.55703125 0.3421875 0.0328125 0.05859375
3 0.6796875 0.55390625 0.12421875 0.22265625
3 0.1640625 0.465625 0.08125 0.11171875
3 0.29453125 0.38671875 0.07734375 0.11640625
3 0.33671875 0.33203125 0.05 0.071875
3 0.36328125 0.2859375 0.015625 0.0296875
3 0.465625 0.31640625 0.04375 0.06640625
3 0.50234375 0.2875 0.0234375 0.03828125