4 0.303125 0.58828125 0.08203125 0.1125
1 0.61796875 0.83359375 0.1265625 0.1984375
3 0.8953125 0.8234375 0.20625 0.353125
3 0.7328125 0.65078125 0.11875 0.2
3 0.8796875 0.58125 0.22421875 0.2203125
1 0.55390625 0.59609375 0.078125 0.1125
1 0.3140625 0.33515625 0.03359375 0.0359375
1 0.37265625 0.37265625 0.0328125 0.0421875
1 0.50859375 0.44921875 0.046875 0.071875
1 0.734375 0.43984375 0.03828125 0.06015625
0 0.62109375 0.45703125 0.1046875 0.165625
3 0.67265625 0.41796875 0.08984375 0.13203125
3 0.54375 0.38125 0.0515625 0.08359375
3 0.5953125 0.33359375 0.0703125 0.05703125
1 0.4890625 0.39375 0.0375 0.0421875
1 0.39375 0.3296875 0.0234375 0.03046875