3 0.4859375 0.3265625 0.03203125 0.0546875
3 0.4546875 0.38125 0.04140625 0.08125
1 0.53203125 0.34765625 0.0265625 0.04140625
3 0.6875 0.36328125 0.06015625 0.10625
0 0.40234375 0.36171875 0.06796875 0.096875
3 0.79453125 0.40078125 0.0859375 0.13203125
1 0.415625 0.44296875 0.046875 0.07109375
1 0.4078125 0.6796875 0.1046875 0.15546875
1 0.37890625 0.52578125 0.06953125 0.09765625
3 0.1578125 0.78671875 0.19921875 0.35625
1 0.5078125 0.41171875 0.03828125 0.0578125
1 0.490625 0.4953125 0.0578125 0.0828125
3 0.88515625 0.71171875 0.12734375 0.1578125
3 0.3390625 0.4375 0.05390625 0.09140625
1 0.5203125 0.3765625 0.0296875 0.040625
4 0.28359375 0.51015625 0.0671875 0.0953125
3 0.1171875 0.62890625 0.15703125 0.25078125