1 0.284375 0.62421875 0.0984375 0.11953125
3 0.30546875 0.38359375 0.0515625 0.07890625
3 0.78984375 0.66796875 0.27109375 0.4015625
4 0.61796875 0.88125 0.1453125 0.2375
1 0.56171875 0.66328125 0.10703125 0.1609375
1 0.5390625 0.565625 0.07578125 0.10078125
1 0.509375 0.503125 0.0578125 0.08046875
3 0.6765625 0.38046875 0.0953125 0.065625
3 0.5828125 0.3984375 0.06640625 0.09453125
1 0.52265625 0.39140625 0.0453125 0.06640625
3 0.36640625 0.40546875 0.05 0.08671875
3 0.353125 0.3078125 0.0453125 0.0703125
3 0.384375 0.28828125 0.025 0.03515625
1 0.396875 0.3140625 0.01875 0.028125
1 0.50078125 0.45 0.053125 0.03671875
3 0.59140625 0.334375 0.04609375 0.0359375
3 0.55 0.3265625 0.03828125 0.05703125
1 0.521875 0.340625 0.02890625 0.0359375