1 0.38203125 0.77265625 0.11796875 0.19296875
1 0.2828125 0.63203125 0.10234375 0.12109375
1 0.4609375 0.56875 0.07109375 0.10625
1 0.4921875 0.4609375 0.04609375 0.06640625
1 0.5109375 0.3953125 0.0390625 0.05234375
1 0.69453125 0.42734375 0.046875 0.05234375
1 0.6171875 0.3578125 0.0359375 0.03984375
1 0.53046875 0.35703125 0.02734375 0.034375
0 0.18203125 0.54921875 0.20625 0.25078125
0 0.340625 0.41875 0.0953125 0.1328125
3 0.378125 0.47109375 0.08515625 0.15390625
3 0.42890625 0.40234375 0.0578125 0.109375