1 0.54453125 0.56796875 0.071875 0.1
1 0.4953125 0.39609375 0.03828125 0.03984375
1 0.4734375 0.34140625 0.02265625 0.0171875
3 0.53203125 0.34765625 0.05703125 0.08046875
1 0.4890625 0.4125 0.0359375 0.0359375
3 0.54921875 0.3859375 0.05703125 0.09453125
1 0.5203125 0.51328125 0.06015625 0.08828125
1 0.4703125 0.35703125 0.028125 0.0375
1 0.50078125 0.4265625 0.04140625 0.0421875
1 0.4828125 0.38125 0.0359375 0.04140625
1 0.47890625 0.3578125 0.02734375 0.0171875
1 0.60859375 0.48046875 0.059375 0.09140625
1 0.57421875 0.4203125 0.040625 0.05546875
1 0.615625 0.715625 0.10703125 0.1671875
3 0.32109375 0.36484375 0.0453125 0.07421875
1 0.45703125 0.31328125 0.0203125 0.0296875
1 0.68515625 0.6046875 0.0859375 0.1234375
1 0.50546875 0.46875 0.046875 0.06953125
3 0.58203125 0.85 0.13984375 0.27734375
0 0.57578125 0.31328125 0.03984375 0.06015625
1 0.31875 0.54453125 0.071875 0.11171875
3 0.3953125 0.26640625 0.015625 0.0203125
3 0.7796875 0.71875 0.16953125 0.25546875
3 0.50703125 0.31171875 0.034375 0.075
1 0.46484375 0.325 0.0234375 0.0328125
1 0.378125 0.37890625 0.03125 0.05078125
3 0.31015625 0.3296875 0.03046875 0.046875
1 0.33984375 0.4296875 0.0453125 0.05546875
1 0.6453125 0.425 0.03046875 0.05859375
3 0.709375 0.4546875 0.12109375 0.15390625
1 0.384375 0.29609375 0.0140625 0.021875
1 0.8375 0.54453125 0.071875 0.08359375
1 0.10703125 0.72265625 0.13203125 0.1515625
4 0.21328125 0.8671875 0.14375 0.21171875
1 0.6078125 0.43984375 0.03828125 0.03359375
1 0.37109375 0.31484375 0.01953125 0.0234375
3 0.92890625 0.86640625 0.1421875 0.2625
3 0.95625 0.63125 0.08671875 0.284375
1 0.8546875 0.64375 0.090625 0.11640625
1 0.59375 0.3984375 0.03984375 0.05234375
1 0.596875 0.36640625 0.03671875 0.04296875
1 0.38515625 0.3515625 0.03046875 0.03515625
1 0.34921875 0.34453125 0.0203125 0.03359375
1 0.3984375 0.315625 0.01875 0.025
3 0.55078125 0.3078125 0.040625 0.05