1 0.21171875 0.84609375 0.171875 0.18984375
3 0.89140625 0.82734375 0.2171875 0.3453125
1 0.5484375 0.61015625 0.0796875 0.11171875
3 0.8109375 0.53515625 0.19375 0.2609375
3 0.6765625 0.57265625 0.1078125 0.1796875
1 0.6671875 0.89609375 0.175 0.2
3 0.67890625 0.44765625 0.07421875 0.1265625
1 0.3796875 0.36484375 0.02890625 0.03515625
3 0.3109375 0.390625 0.06328125 0.11484375
1 0.61171875 0.49765625 0.05703125 0.08046875
1 0.5125 0.45703125 0.0578125 0.0625
3 0.5625 0.40546875 0.05078125 0.08203125
1 0.4890625 0.4109375 0.03671875 0.04296875
1 0.40234375 0.30390625 0.0234375 0.0296875
1 0.49453125 0.37734375 0.034375 0.0421875
1 0.6296875 0.4296875 0.03359375 0.05390625
3 0.52421875 0.3453125 0.03828125 0.05390625