1 0.2890625 0.43203125 0.0578125 0.071875
1 0.5578125 0.64375 0.0984375 0.1640625
1 0.52890625 0.46484375 0.04921875 0.0796875
1 0.61015625 0.49765625 0.05859375 0.08203125
1 0.67578125 0.90625 0.16796875 0.18359375
1 0.49375 0.4328125 0.03984375 0.059375
1 0.7828125 0.515625 0.0796875 0.08828125
1 0.3921875 0.33359375 0.0203125 0.02734375
1 0.81953125 0.6125 0.07578125 0.096875
1 0.54375 0.39453125 0.034375 0.05625
1 0.6703125 0.59375 0.0328125 0.08828125
1 0.47734375 0.36328125 0.02578125 0.03125
1 0.46953125 0.328125 0.02265625 0.0296875
3 0.746875 0.65703125 0.15625 0.21953125
3 0.93984375 0.71796875 0.1203125 0.30234375
0 0.62265625 0.384375 0.07421875 0.1109375
0 0.58203125 0.33984375 0.05234375 0.059375
3 0.37421875 0.29765625 0.03515625 0.0390625
0 0.52578125 0.3453125 0.04453125 0.06171875