1 0.2953125 0.64375 0.09921875 0.1390625
1 0.62578125 0.86796875 0.1515625 0.2359375
3 0.18125 0.51171875 0.18515625 0.2765625
3 0.85390625 0.778125 0.2921875 0.44375
3 0.8875 0.5734375 0.20703125 0.26171875
3 0.6578125 0.51640625 0.1375 0.23359375
3 0.3046875 0.384375 0.03671875 0.07578125
3 0.34140625 0.3453125 0.03984375 0.0765625
1 0.36171875 0.42265625 0.04453125 0.05546875
1 0.55859375 0.646875 0.08359375 0.13828125
1 0.74375 0.515625 0.04375 0.07109375
1 0.53359375 0.55625 0.07734375 0.10546875
1 0.521875 0.49140625 0.06328125 0.059375
1 0.49765625 0.4625 0.05 0.07265625
3 0.615625 0.34140625 0.06875 0.053125
3 0.5546875 0.371875 0.0421875 0.06640625
1 0.39609375 0.3328125 0.0234375 0.03203125