1 0.5734375 0.6015625 0.09140625 0.12578125
3 0.584375 0.41171875 0.07734375 0.12265625
1 0.3046875 0.58828125 0.08203125 0.0984375
1 0.14375 0.49140625 0.06796875 0.06953125
3 0.28515625 0.40859375 0.09765625 0.1421875
1 0.63828125 0.88984375 0.1484375 0.2203125
3 0.78359375 0.53515625 0.1671875 0.20390625
1 0.87265625 0.82734375 0.1546875 0.2015625
1 0.1203125 0.73671875 0.1296875 0.13203125
1 0.35 0.47421875 0.05546875 0.06953125
4 0.4921875 0.41171875 0.05 0.07890625
3 0.3703125 0.29375 0.02734375 0.053125
3 0.23984375 0.38359375 0.04140625 0.075
3 0.4765625 0.28671875 0.0234375 0.04453125
1 0.54921875 0.3390625 0.021875 0.03203125
1 0.5265625 0.35390625 0.02578125 0.0390625
1 0.3828125 0.35703125 0.0265625 0.03984375
3 0.5046875 0.28203125 0.02109375 0.04140625
1 0.471875 0.3640625 0.02890625 0.04296875
1 0.36875 0.39296875 0.03203125 0.040625
1 0.5046875 0.328125 0.01953125 0.03203125
1 0.48203125 0.34375 0.0234375 0.03515625
1 0.4640625 0.33359375 0.01875 0.0296875
1 0.46015625 0.309375 0.01796875 0.028125
1 0.39453125 0.325 0.01953125 0.034375
3 0.43203125 0.58046875 0.1 0.3046875
3 0.62890625 0.3953125 0.0234375 0.0515625
3 0.47265625 0.26640625 0.028125 0.0390625
3 0.3921875 0.27109375 0.0234375 0.04140625