3 0.4296875 0.35703125 0.03515625 0.05703125
3 0.8109375 0.43359375 0.06796875 0.10234375
1 0.61796875 0.36328125 0.0296875 0.0421875
1 0.47421875 0.46171875 0.046875 0.07890625
1 0.63828125 0.4078125 0.0390625 0.05546875
0 0.71484375 0.41015625 0.078125 0.11875
3 0.6734375 0.515625 0.06875 0.09375
1 0.53046875 0.34296875 0.02421875 0.03125
1 0.41875 0.45078125 0.046875 0.06953125
3 0.6609375 0.334375 0.04609375 0.06953125
1 0.79609375 0.928125 0.15390625 0.13828125
1 0.5984375 0.3 0.0203125 0.02734375
3 0.4796875 0.33671875 0.034375 0.06484375
3 0.95625 0.784375 0.0875 0.18125