1 0.64140625 0.95 0.1546875 0.09921875
1 0.61171875 0.8640625 0.14140625 0.21953125
1 0.5765625 0.7375 0.1046875 0.15859375
1 0.528125 0.52421875 0.05625 0.07109375
3 0.53671875 0.62578125 0.0890625 0.165625
1 0.55234375 0.58359375 0.06875 0.1203125
1 0.5953125 0.4453125 0.04140625 0.05703125
1 0.5703125 0.42734375 0.03515625 0.05859375
3 0.321875 0.4984375 0.059375 0.08515625
1 0.3671875 0.38984375 0.0359375 0.04609375
3 0.725 0.4765625 0.10078125 0.14921875
1 0.60703125 0.403125 0.03046875 0.040625
1 0.4 0.309375 0.02265625 0.03359375
1 0.48671875 0.39140625 0.03515625 0.0453125
1 0.3875 0.33984375 0.0234375 0.03515625
1 0.50390625 0.4703125 0.04296875 0.0765625
1 0.51328125 0.50078125 0.0421875 0.06484375
1 0.50078125 0.4296875 0.03359375 0.03359375
1 0.40078125 0.29140625 0.0171875 0.02109375
3 0.91796875 0.84140625 0.1640625 0.31640625
3 0.85625 0.703125 0.22890625 0.3390625
3 0.8984375 0.596875 0.16796875 0.203125
3 0.7359375 0.63984375 0.04921875 0.14140625
3 0.66953125 0.54765625 0.10859375 0.20625
3 0.621875 0.50859375 0.06953125 0.13671875
3 0.16171875 0.56875 0.1234375 0.1671875
3 0.22578125 0.3828125 0.078125 0.11015625
3 0.3328125 0.31171875 0.025 0.040625
3 0.36875 0.29609375 0.0296875 0.04140625
3 0.6703125 0.38984375 0.09765625 0.1328125
3 0.5890625 0.35078125 0.05546875 0.06640625
3 0.55078125 0.38671875 0.05078125 0.09375
3 0.534375 0.34921875 0.06015625 0.08203125
3 0.50546875 0.31171875 0.03671875 0.0734375