1 0.61171875 0.884375 0.1453125 0.23125
1 0.55625 0.65546875 0.0890625 0.15703125
1 0.52265625 0.578125 0.065625 0.11171875
1 0.3640625 0.421875 0.0375 0.0484375
1 0.58828125 0.45078125 0.0515625 0.08046875
1 0.57109375 0.43203125 0.03671875 0.06796875
1 0.471875 0.35859375 0.02890625 0.03203125
1 0.4984375 0.42265625 0.04453125 0.0328125
1 0.95390625 0.60078125 0.025 0.07734375
4 0.3875 0.34921875 0.02578125 0.0375
3 0.55078125 0.38125 0.04921875 0.07890625
3 0.66015625 0.4109375 0.06875 0.11015625
3 0.61875 0.3765625 0.04921875 0.0859375
3 0.5859375 0.35078125 0.04296875 0.07109375
3 0.56015625 0.309375 0.04296875 0.05859375
3 0.5265625 0.340625 0.04921875 0.07578125
3 0.740625 0.50546875 0.09375 0.11015625
3 0.7296875 0.63984375 0.04296875 0.15546875
3 0.921875 0.8390625 0.15625 0.321875
3 0.85703125 0.7109375 0.2265625 0.34921875
3 0.86796875 0.55859375 0.16796875 0.1578125
3 0.6671875 0.546875 0.10625 0.1984375
3 0.61953125 0.50859375 0.0671875 0.13359375
3 0.303125 0.3796875 0.04609375 0.07109375
3 0.328125 0.35390625 0.04140625 0.0609375
3 0.309375 0.32109375 0.03984375 0.04296875
3 0.35625 0.32109375 0.0390625 0.06484375
3 0.5109375 0.5 0.06171875 0.09921875