1 0.6390625 0.94921875 0.15703125 0.10078125
1 0.61171875 0.86171875 0.140625 0.2140625
1 0.5765625 0.73671875 0.1 0.16015625
3 0.53515625 0.628125 0.08984375 0.1640625
1 0.2953125 0.5125 0.06015625 0.090625
1 0.55546875 0.58046875 0.06328125 0.11328125
1 0.52734375 0.52265625 0.059375 0.0671875
1 0.36171875 0.44609375 0.04375 0.06015625
1 0.590625 0.45 0.05 0.0703125
1 0.51484375 0.490625 0.05703125 0.0796875
1 0.36484375 0.36015625 0.02734375 0.03671875
1 0.57109375 0.43046875 0.03671875 0.06328125
4 0.13359375 0.72421875 0.15078125 0.1953125
1 0.390625 0.33671875 0.02265625 0.0328125
1 0.49921875 0.4625 0.04296875 0.06796875
1 0.365625 0.2859375 0.0125 0.01796875
1 0.39765625 0.3078125 0.01953125 0.02421875
3 0.67265625 0.43046875 0.084375 0.1125
1 0.48046875 0.39296875 0.0328125 0.0421875
1 0.49453125 0.41796875 0.03515625 0.0390625
1 0.41015625 0.28203125 0.01328125 0.02421875
3 0.91953125 0.8421875 0.1578125 0.315625
3 0.85703125 0.7125 0.23046875 0.35390625
3 0.92734375 0.61484375 0.1453125 0.18125
3 0.77890625 0.49921875 0.115625 0.14375
3 0.734375 0.6453125 0.0453125 0.15703125
3 0.66484375 0.55390625 0.1078125 0.2109375
3 0.61796875 0.5078125 0.075 0.13671875
3 0.2578125 0.375 0.04765625 0.065625
3 0.3 0.40546875 0.0796875 0.11796875
3 0.55234375 0.38671875 0.05078125 0.08984375
3 0.625 0.36640625 0.08203125 0.1171875
3 0.53203125 0.3515625 0.05234375 0.08671875
3 0.50703125 0.315625 0.03203125 0.0734375
3 0.5703125 0.33359375 0.04375 0.0453125
3 0.50625 0.26796875 0.01953125 0.02578125
3 0.37890625 0.2640625 0.0140625 0.02578125