1 0.62265625 0.48515625 0.05234375 0.0703125
1 0.50859375 0.33359375 0.02578125 0.05
1 0.565625 0.68828125 0.096875 0.1546875
1 0.521875 0.51015625 0.059375 0.08203125
1 0.5 0.44921875 0.05 0.0640625
0 0.65703125 0.3953125 0.07109375 0.10859375
3 0.7296875 0.478125 0.10703125 0.1375
3 0.21171875 0.41640625 0.05859375 0.0890625
3 0.54765625 0.36484375 0.06640625 0.13203125
1 0.603125 0.39296875 0.040625 0.05625
1 0.38125 0.36953125 0.02734375 0.03671875
4 0.6875 0.94375 0.15625 0.1125
3 0.84375 0.60859375 0.17265625 0.24453125
3 0.8984375 0.83125 0.203125 0.3375
3 0.3328125 0.35859375 0.03671875 0.04921875