3 0.7015625 0.41171875 0.040625 0.059375
3 0.42734375 0.3875 0.05078125 0.1015625
1 0.63046875 0.41015625 0.04375 0.04453125
1 0.77421875 0.83359375 0.1359375 0.1671875
3 0.36875 0.48203125 0.11328125 0.1703125
3 0.64609375 0.32578125 0.0203125 0.0265625
1 0.50078125 0.365625 0.03046875 0.04296875
1 0.5125 0.3046875 0.01796875 0.0296875
1 0.60234375 0.31953125 0.01875 0.0296875
1 0.53203125 0.32578125 0.0265625 0.04921875
4 0.63984375 0.46328125 0.046875 0.065625
1 0.759375 0.415625 0.040625 0.03984375
1 0.6125 0.346875 0.028125 0.03203125
3 0.4796875 0.29921875 0.02578125 0.03515625
0 0.625 0.2921875 0.02578125 0.0453125