1 0.621875 0.78359375 0.125 0.1671875
1 0.31953125 0.55546875 0.06953125 0.08359375
1 0.23203125 0.83359375 0.134375 0.1546875
1 0.04140625 0.8390625 0.0828125 0.171875
3 0.30078125 0.35546875 0.05703125 0.0828125
3 0.346875 0.340625 0.03359375 0.04453125
0 0.37421875 0.2921875 0.03046875 0.04765625
3 0.66484375 0.42265625 0.096875 0.14921875
3 0.5140625 0.32421875 0.04296875 0.06328125
3 0.55078125 0.325 0.03125 0.053125
1 0.46953125 0.34609375 0.025 0.03359375
1 0.46171875 0.315625 0.01796875 0.02421875
1 0.403125 0.3046875 0.01640625 0.02265625
1 0.390625 0.3453125 0.03046875 0.028125