0 0.77265625 0.6578125 0.2828125 0.384375
3 0.4828125 0.2921875 0.02265625 0.04609375
3 0.44921875 0.25703125 0.0171875 0.04140625
3 0.4640625 0.33046875 0.02578125 0.040625
3 0.49609375 0.31171875 0.02421875 0.05234375
3 0.46640625 0.2390625 0.0125 0.01796875
3 0.346875 0.30390625 0.01640625 0.021875
1 0.5046875 0.45546875 0.0515625 0.078125
3 0.47578125 0.334375 0.0234375 0.03671875
3 0.4109375 0.28515625 0.01640625 0.03359375
3 0.4578125 0.29296875 0.015625 0.02265625
3 0.46484375 0.27265625 0.015625 0.03203125
3 0.47578125 0.36953125 0.03046875 0.04296875
3 0.51953125 0.2921875 0.0234375 0.0328125
3 0.15859375 0.32578125 0.03203125 0.03203125
3 0.4578125 0.309375 0.01875 0.03515625
3 0.38125 0.26484375 0.0109375 0.02109375
3 0.51875 0.27890625 0.015625 0.028125
1 0.35 0.43671875 0.04375 0.06484375
1 0.54375 0.56171875 0.0671875 0.12265625
3 0.378125 0.2328125 0.01328125 0.0265625
3 0.47734375 0.25703125 0.01875 0.0296875
3 0.55625 0.34296875 0.03046875 0.0421875
3 0.4640625 0.41953125 0.025 0.04375
3 0.40390625 0.39375 0.0203125 0.03203125
3 0.5328125 0.38203125 0.02109375 0.06015625
3 0.4984375 0.2875 0.02421875 0.0375
3 0.51328125 0.33671875 0.0265625 0.05234375
3 0.39609375 0.26640625 0.01171875 0.02578125
3 0.425 0.26640625 0.01328125 0.0296875
3 0.54921875 0.41015625 0.02421875 0.0625
3 0.4546875 0.3859375 0.01796875 0.03671875
3 0.403125 0.43984375 0.0328125 0.06953125
3 0.5375 0.30078125 0.02578125 0.0359375
3 0.4 0.3109375 0.0171875 0.025
1 0.48984375 0.4140625 0.0375 0.05
3 0.1890625 0.2453125 0.028125 0.02421875
3 0.584375 0.44296875 0.0671875 0.1328125
3 0.5359375 0.3328125 0.0203125 0.0265625
3 0.43359375 0.2453125 0.025 0.04140625
3 0.446875 0.21171875 0.01875 0.01875
3 0.3234375 0.28515625 0.0171875 0.02109375
3 0.396875 0.25234375 0.0109375 0.01796875
3 0.58203125 0.35234375 0.034375 0.053125
3 0.38125 0.36015625 0.03046875 0.04140625
3 0.425 0.23203125 0.0234375 0.01875
3 0.63515625 0.3953125 0.08515625 0.13515625
3 0.55546875 0.315625 0.0125 0.01640625
3 0.5625 0.3203125 0.02109375 0.02265625
3 0.4984375 0.253125 0.0296875 0.040625
3 0.3921875 0.22421875 0.01015625 0.01875
3 0.4671875 0.35703125 0.02109375 0.03203125
3 0.1796875 0.24375 0.01328125 0.015625
3 0.39765625 0.20625 0.01015625 0.01484375
3 0.4546875 0.34609375 0.01875 0.03828125
3 0.39140625 0.2515625 0.009375 0.02109375
3 0.459375 0.20859375 0.01796875 0.01171875
3 0.36796875 0.41640625 0.009375 0.015625
3 0.52421875 0.390625 0.009375 0.03984375
0 0.7609375 0.47890625 0.16171875 0.1453125
3 0.40234375 0.54375 0.0109375 0.03515625
3 0.42265625 0.72890625 0.028125 0.059375
3 0.2515625 0.24140625 0.009375 0.01171875
3 0.5609375 0.36875 0.0390625 0.03671875
3 0.26484375 0.2421875 0.03203125 0.0203125
3 0.078125 0.25703125 0.0375 0.0171875
3 0.32109375 0.27890625 0.00703125 0.025
3 0.52734375 0.44921875 0.01015625 0.01640625
3 0.3046875 0.27421875 0.0234375 0.0171875
3 0.3609375 0.35078125 0.01171875 0.0203125
3 0.42265625 0.7796875 0.04453125 0.0859375
3 0.4453125 0.765625 0.10234375 0.14296875
3 0.39921875 0.2328125 0.02734375 0.0296875
3 0.50703125 0.20703125 0.0125 0.03046875
3 0.525 0.240625 0.0234375 0.01953125
3 0.5609375 0.453125 0.0140625 0.0625
3 0.40078125 0.21953125 0.0265625 0.01875
3 0.540625 0.23828125 0.02109375 0.01484375
3 0.15078125 0.24453125 0.02578125 0.0140625
3 0.53203125 0.2578125 0.0453125 0.06171875
3 0.44609375 0.70546875 0.0796875 0.103125
3 0.43515625 0.65625 0.01015625 0.01328125
3 0.3515625 0.2328125 0.01640625 0.01953125
3 0.48203125 0.46171875 0.01484375 0.0578125
3 0.69375 0.43828125 0.059375 0.09140625