1 0.6234375 0.76328125 0.1203125 0.1859375
1 0.22734375 0.91953125 0.16015625 0.15625
1 0.93125 0.90859375 0.13515625 0.175
1 0.51484375 0.47890625 0.05234375 0.07890625
1 0.74609375 0.47109375 0.059375 0.07890625
1 0.47265625 0.3640625 0.02421875 0.0375
1 0.28984375 0.6359375 0.084375 0.1078125
1 0.65078125 0.38984375 0.0328125 0.0421875
3 0.29140625 0.3578125 0.02890625 0.0453125
3 0.94921875 0.60859375 0.1015625 0.1625
1 0.37734375 0.41015625 0.03828125 0.05703125
1 0.509375 0.3359375 0.01875 0.034375
3 0.875 0.63203125 0.1484375 0.23046875
3 0.1 0.5109375 0.1265625 0.15625
3 0.334375 0.3546875 0.05234375 0.06796875
3 0.49921875 0.303125 0.03046875 0.05546875
3 0.5296875 0.31015625 0.0265625 0.03671875
3 0.54296875 0.36796875 0.053125 0.08515625
3 0.58046875 0.3328125 0.05703125 0.04140625
3 0.559375 0.30859375 0.040625 0.028125
3 0.48515625 0.2921875 0.028125 0.04765625
3 0.346875 0.29140625 0.02578125 0.0390625
1 0.31015625 0.33203125 0.0234375 0.034375
1 0.3765625 0.378125 0.03671875 0.03828125
1 0.46484375 0.32890625 0.02578125 0.02890625
1 0.3609375 0.32421875 0.01875 0.01953125
1 0.3796875 0.35 0.0265625 0.02890625
1 0.36640625 0.31171875 0.01875 0.0171875
1 0.459375 0.30625 0.0234375 0.0171875
4 0.48984375 0.38203125 0.03671875 0.0484375