1 0.2859375 0.653125 0.09765625 0.13046875
1 0.61015625 0.55390625 0.06640625 0.12265625
1 0.3484375 0.4609375 0.0515625 0.0671875
1 0.559375 0.65390625 0.0875 0.1640625
1 0.9125 0.90390625 0.175 0.18046875
1 0.48828125 0.375 0.02890625 0.04609375
1 0.5140625 0.3578125 0.025 0.0390625
1 0.38515625 0.34140625 0.0265625 0.0328125
1 0.4640625 0.3125 0.0171875 0.025
1 0.496875 0.3125 0.02265625 0.03984375
3 0.30234375 0.38046875 0.07109375 0.10703125
3 0.24375 0.3796875 0.059375 0.0703125
1 0.5359375 0.31953125 0.02421875 0.0421875
3 0.1765625 0.4296875 0.0890625 0.096875
0 0.11796875 0.628125 0.2171875 0.30078125