1 0.4203125 0.73125 0.10859375 0.1578125
3 0.07890625 0.84140625 0.1578125 0.3171875
1 0.3921875 0.8703125 0.1375 0.2359375
3 0.3359375 0.546875 0.11953125 0.19609375
3 0.4640625 0.62890625 0.08515625 0.165625
1 0.43125 0.425 0.03828125 0.06015625
1 0.40703125 0.44453125 0.046875 0.06171875
3 0.45 0.38671875 0.05390625 0.09296875
1 0.50234375 0.42734375 0.040625 0.04296875
1 0.465625 0.521875 0.0625 0.07421875
1 0.49765625 0.4546875 0.0390625 0.05078125
1 0.60234375 0.31640625 0.0203125 0.02734375
1 0.86796875 0.52578125 0.06953125 0.08125
4 0.61875 0.38515625 0.0296875 0.04375
3 0.475 0.3421875 0.040625 0.06640625
1 0.48203125 0.48828125 0.0578125 0.071875
3 0.265625 0.44140625 0.13125 0.16875
1 0.44140625 0.57890625 0.07578125 0.11484375
1 0.41484375 0.33125 0.02109375 0.02421875
1 0.61171875 0.3328125 0.0234375 0.03359375
3 0.26796875 0.6421875 0.03203125 0.134375
1 0.5078125 0.39765625 0.04375 0.04609375
1 0.95546875 0.75703125 0.0890625 0.13515625
3 0.6921875 0.36875 0.06484375 0.1171875
3 0.21796875 0.50859375 0.084375 0.08671875
3 0.13984375 0.70859375 0.23359375 0.35390625
3 0.38359375 0.36953125 0.065625 0.09140625
1 0.6390625 0.43359375 0.0453125 0.06484375
1 0.59296875 0.30703125 0.0140625 0.0234375
1 0.51640625 0.37421875 0.03359375 0.03984375
3 0.49375 0.30859375 0.040625 0.075
3 0.1359375 0.54609375 0.15078125 0.13671875
1 0.34921875 0.95703125 0.14609375 0.0859375
3 0.6546875 0.2875 0.0328125 0.0484375
1 0.53046875 0.34765625 0.02578125 0.0296875
1 0.5234375 0.35546875 0.028125 0.02265625
3 0.6296875 0.296875 0.021875 0.03203125
3 0.6296875 0.26953125 0.015625 0.0203125
3 0.60078125 0.26171875 0.015625 0.025
3 0.59296875 0.28203125 0.01328125 0.01796875
1 0.34453125 0.4375 0.03671875 0.034375