3 0.1421875 0.5796875 0.1203125 0.165625
3 0.15078125 0.44765625 0.08046875 0.109375
3 0.21328125 0.42734375 0.06875 0.08671875
3 0.32890625 0.35234375 0.05078125 0.0828125
3 0.2984375 0.32265625 0.04375 0.08046875
3 0.909375 0.64921875 0.15703125 0.20859375
3 0.775 0.52421875 0.059375 0.1203125
3 0.71875 0.58125 0.1984375 0.3203125
3 0.60078125 0.4515625 0.05546875 0.09765625
3 0.590625 0.371875 0.03984375 0.06484375
0 0.61171875 0.675 0.2 0.37109375
3 0.2359375 0.515625 0.06328125 0.0890625
1 0.22890625 0.846875 0.125 0.15859375
1 0.32734375 0.55234375 0.07109375 0.0875
1 0.3515625 0.47265625 0.0515625 0.06875
1 0.29453125 0.4171875 0.04140625 0.04921875
1 0.515625 0.5015625 0.05234375 0.0875
1 0.56015625 0.39609375 0.03671875 0.05625
1 0.5328125 0.3703125 0.03203125 0.03828125
1 0.48046875 0.3828125 0.0328125 0.0453125
1 0.375 0.403125 0.0390625 0.04375
1 0.38046875 0.36484375 0.03046875 0.034375
1 0.3921875 0.33984375 0.0234375 0.0296875
1 0.46953125 0.3546875 0.0265625 0.03203125
4 0.50390625 0.44375 0.0484375 0.07265625
1 0.3609375 0.33046875 0.021875 0.0296875
3 0.33984375 0.2921875 0.0328125 0.0515625
3 0.528125 0.30625 0.025 0.04765625
1 0.57578125 0.33359375 0.0265625 0.03046875
1 0.64609375 0.41328125 0.0421875 0.0328125
1 0.5484375 0.33515625 0.025 0.0328125