3 0.1359375 0.47890625 0.09140625 0.134375
1 0.2140625 0.5703125 0.09609375 0.10234375
1 0.57265625 0.69609375 0.11484375 0.1640625
3 0.60703125 0.45234375 0.109375 0.2
1 0.521875 0.52578125 0.059375 0.08515625
1 0.33828125 0.453125 0.0484375 0.0671875
3 0.93046875 0.7125 0.1375 0.26953125
1 0.48671875 0.41953125 0.04140625 0.065625
3 0.3546875 0.2875 0.0171875 0.0328125
3 0.5296875 0.35859375 0.04140625 0.0640625
0 0.76640625 0.49765625 0.14453125 0.1875
1 0.396875 0.31953125 0.01875 0.02890625
1 0.37734375 0.3 0.0203125 0.0328125
3 0.58515625 0.32265625 0.0515625 0.06796875
1 0.6734375 0.46171875 0.046875 0.06796875
1 0.68125 0.9546875 0.14375 0.090625