1 0.5125 0.48828125 0.05625 0.08828125
1 0.28984375 0.40390625 0.03828125 0.03671875
1 0.5625 0.6578125 0.08828125 0.1375
1 0.403125 0.30390625 0.01640625 0.0234375
1 0.38203125 0.29453125 0.015625 0.0203125
1 0.3703125 0.40625 0.034375 0.046875
1 0.59375 0.78984375 0.12265625 0.19296875
1 0.3375 0.34765625 0.02578125 0.02734375
1 0.4765625 0.371875 0.03203125 0.03125
1 0.69609375 0.61953125 0.0921875 0.1328125
1 0.3765625 0.3515625 0.0265625 0.02890625
1 0.7921875 0.57890625 0.07578125 0.1046875
3 0.45703125 0.25078125 0.01953125 0.028125
1 0.85546875 0.61015625 0.0984375 0.08984375
3 0.46640625 0.2625 0.0171875 0.03125
0 0.41796875 0.31015625 0.015625 0.0359375
3 0.384375 0.2453125 0.01015625 0.015625
3 0.8921875 0.82109375 0.2140625 0.3578125
3 0.3859375 0.2578125 0.01328125 0.01640625
3 0.48046875 0.27265625 0.01953125 0.03515625
1 0.6609375 0.9203125 0.159375 0.14921875
3 0.42265625 0.25703125 0.00859375 0.01875
3 0.44765625 0.33671875 0.015625 0.046875
1 0.3546875 0.2953125 0.01640625 0.01640625
3 0.446875 0.2609375 0.01796875 0.04296875
3 0.4265625 0.265625 0.015625 0.0234375
3 0.4796875 0.3078125 0.01484375 0.028125
1 0.5453125 0.56640625 0.08828125 0.115625
3 0.446875 0.23515625 0.0125 0.01484375
1 0.75703125 0.53671875 0.06640625 0.09609375
1 0.509375 0.45703125 0.04453125 0.04140625
3 0.5328125 0.378125 0.0296875 0.05625
3 0.65625 0.378125 0.0859375 0.084375
3 0.421875 0.228125 0.01953125 0.01953125
1 0.725 0.496875 0.02265625 0.06640625
3 0.50546875 0.278125 0.01796875 0.02265625
3 0.54296875 0.3015625 0.0296875 0.03515625
3 0.46640625 0.384375 0.0171875 0.02890625
3 0.65078125 0.478125 0.125 0.175
0 0.59375 0.43203125 0.08359375 0.16015625