3 0.06015625 0.5546875 0.11953125 0.21875
3 0.87421875 0.84609375 0.2078125 0.3078125
3 0.63671875 0.93203125 0.17421875 0.1359375
3 0.7296875 0.47421875 0.13203125 0.17109375
3 0.55 0.3796875 0.0484375 0.090625
1 0.64140625 0.79921875 0.128125 0.196875
1 0.2078125 0.58984375 0.0859375 0.10703125
1 0.35859375 0.42421875 0.04609375 0.0609375
1 0.26953125 0.46875 0.05859375 0.07578125
1 0.55703125 0.6125 0.08203125 0.11796875
1 0.8984375 0.69765625 0.11328125 0.13515625
1 0.99296875 0.7015625 0.0140625 0.1
1 0.8171875 0.50859375 0.05625 0.07734375
1 0.75625 0.7 0.1078125 0.16484375
1 0.62734375 0.51015625 0.06875 0.08828125
1 0.521875 0.52890625 0.07421875 0.0890625
3 0.3421875 0.340625 0.0359375 0.075
1 0.03125 0.909375 0.0625 0.18125
1 0.6109375 0.40546875 0.0609375 0.05625
1 0.5703125 0.4265625 0.0375 0.059375
1 0.50390625 0.46875 0.0484375 0.06640625
1 0.3796875 0.3703125 0.0359375 0.0296875
1 0.390625 0.34140625 0.02890625 0.03515625
1 0.36640625 0.3203125 0.0140625 0.03046875
1 0.40390625 0.30234375 0.015625 0.0171875
1 0.50234375 0.4359375 0.04140625 0.05234375
3 0.3203125 0.32265625 0.0234375 0.0421875
3 0.20390625 0.3875 0.00859375 0.003125
3 0.55546875 0.32109375 0.0390625 0.05234375
3 0.52890625 0.33828125 0.05625 0.065625