1 0.18671875 0.59765625 0.10546875 0.12265625
3 0.125 0.4765625 0.14453125 0.15390625
1 0.26875 0.46875 0.08046875 0.07890625
1 0.30625 0.4125 0.07265625 0.07265625
4 0.34296875 0.4515625 0.06953125 0.07421875
1 0.6640625 0.86953125 0.1421875 0.20546875
1 0.5671875 0.64609375 0.08984375 0.1296875
1 0.8 0.7703125 0.12578125 0.1578125
3 0.91484375 0.89609375 0.16796875 0.20703125
1 0.93359375 0.7359375 0.12578125 0.1359375
1 0.525 0.53671875 0.0671875 0.0953125
1 0.65234375 0.54296875 0.0859375 0.09921875
1 0.90390625 0.5734375 0.084375 0.10078125
1 0.83046875 0.6203125 0.11015625 0.1203125
3 0.74921875 0.47421875 0.13984375 0.16328125
1 0.50546875 0.47265625 0.046875 0.06875
1 0.371875 0.38359375 0.04765625 0.05703125
1 0.571875 0.43203125 0.0578125 0.06640625
1 0.6265625 0.4109375 0.05390625 0.0671875
3 0.55078125 0.38203125 0.05390625 0.08046875
0 0.59453125 0.32109375 0.05078125 0.07265625
3 0.3515625 0.328125 0.04765625 0.05234375