1 0.35703125 0.8890625 0.1421875 0.221875
1 0.41953125 0.75234375 0.103125 0.1609375
1 0.44375 0.6328125 0.08828125 0.1109375
1 0.65625 0.41875 0.04609375 0.05625
1 0.51015625 0.3984375 0.040625 0.02890625
3 0.296875 0.5671875 0.1953125 0.30625
3 0.69609375 0.34140625 0.034375 0.04921875
1 0.49453125 0.47265625 0.053125 0.08046875
3 0.39765625 0.440625 0.09765625 0.14375
1 0.60390625 0.32421875 0.02109375 0.0296875
1 0.6171875 0.36171875 0.03046875 0.03515625
3 0.17890625 0.5484375 0.15859375 0.18125
1 0.66015625 0.3578125 0.03125 0.034375
1 0.31484375 0.41328125 0.04453125 0.046875
1 0.7828125 0.5046875 0.05703125 0.0625
3 0.625 0.2734375 0.0140625 0.02265625
3 0.4828125 0.34296875 0.028125 0.05078125
3 0.38046875 0.36171875 0.07890625 0.09609375
3 0.03984375 0.78984375 0.0796875 0.20390625
3 0.44296875 0.37734375 0.071875 0.1171875
1 0.5109375 0.41796875 0.04140625 0.0484375
1 0.4890625 0.43359375 0.03671875 0.03515625
3 0.61171875 0.27890625 0.0140625 0.02265625
4 0.4828125 0.52734375 0.0703125 0.0953125
3 0.4640625 0.29375 0.03671875 0.04375
3 0.503125 0.31640625 0.03125 0.04765625
3 0.5078125 0.29375 0.02578125 0.04140625
3 0.48359375 0.30703125 0.0296875 0.02421875