1 0.63125 0.765625 0.1578125 0.2265625
1 0.51875 0.52109375 0.0671875 0.09140625
1 0.64375 0.56796875 0.07578125 0.11796875
1 0.59609375 0.4609375 0.05 0.0765625
1 0.49921875 0.421875 0.03984375 0.06171875
1 0.04453125 0.93203125 0.0875 0.1328125
4 0.7484375 0.55 0.07734375 0.11328125
1 0.4828125 0.3859375 0.03125 0.04453125
1 0.4703125 0.353125 0.028125 0.0484375
3 0.68125 0.46015625 0.05859375 0.10078125
1 0.96875 0.71875 0.0625 0.09921875
3 0.5515625 0.39296875 0.04375 0.08515625
1 0.884375 0.5703125 0.0640625 0.06953125
3 0.51875 0.33125 0.03046875 0.0546875
3 0.18515625 0.60625 0.0953125 0.1375
3 0.1125 0.53046875 0.09609375 0.11953125
3 0.9 0.8328125 0.196875 0.334375
0 0.60859375 0.3671875 0.0671875 0.1015625
1 0.49765625 0.30859375 0.025 0.0375
3 0.325 0.35234375 0.05234375 0.09921875
3 0.2375 0.375 0.078125 0.1078125
3 0.91875 0.64453125 0.16015625 0.225