3 0.6109375 0.51015625 0.071875 0.1390625
1 0.575 0.7375 0.10234375 0.1671875
1 0.6109375 0.865625 0.14375 0.23359375
3 0.53359375 0.6203125 0.08046875 0.15234375
3 0.54921875 0.38671875 0.053125 0.09296875
3 0.6625 0.54609375 0.1171875 0.203125
3 0.9203125 0.84140625 0.153125 0.309375
1 0.5296875 0.5234375 0.05546875 0.06875
1 0.56953125 0.42109375 0.03671875 0.05546875
1 0.4671875 0.33515625 0.021875 0.021875
3 0.52890625 0.35390625 0.0515625 0.08984375
1 0.47734375 0.35703125 0.0265625 0.0375
1 0.59296875 0.44765625 0.046875 0.06875
3 0.64375 0.37890625 0.08984375 0.125
3 0.38125 0.26171875 0.01953125 0.0328125
1 0.4828125 0.39765625 0.03046875 0.0453125
1 0.50390625 0.46640625 0.0421875 0.06875
1 0.4078125 0.29765625 0.015625 0.02421875
3 0.85234375 0.70078125 0.228125 0.3125
1 0.39296875 0.33984375 0.02421875 0.03671875
1 0.4984375 0.42265625 0.0328125 0.03515625
3 0.40078125 0.25859375 0.0109375 0.02109375
1 0.37890625 0.35859375 0.02421875 0.04375
1 0.37890625 0.30546875 0.0171875 0.02421875
1 0.4828125 0.3 0.02265625 0.04296875
1 0.4140625 0.26484375 0.0125 0.0234375
1 0.34921875 0.46328125 0.05 0.08671875
1 0.1578125 0.91640625 0.178125 0.16640625
3 0.9765625 0.646875 0.046875 0.11015625
1 0.5921875 0.38671875 0.02421875 0.04296875
3 0.6828125 0.43046875 0.07578125 0.08046875
3 0.5765625 0.33515625 0.05234375 0.0734375
4 0.3578125 0.3875 0.03984375 0.06015625
3 0.30234375 0.3375 0.034375 0.0546875
3 0.81796875 0.50546875 0.121875 0.0921875
3 0.3453125 0.34296875 0.0421875 0.07265625
1 0.40859375 0.28359375 0.01328125 0.0140625
3 0.50625 0.30390625 0.040625 0.0625
3 0.0609375 0.56015625 0.121875 0.24609375
1 0.64375 0.9484375 0.15390625 0.10234375
1 0.56015625 0.57578125 0.07578125 0.11484375
3 0.73671875 0.63984375 0.05234375 0.146875
1 0.4828125 0.375 0.03671875 0.0359375
1 0.52109375 0.490625 0.0609375 0.0703125