4 0.31796875 0.55078125 0.08828125 0.10546875
1 0.621875 0.7890625 0.1328125 0.2125
1 0.5234375 0.52734375 0.06640625 0.09921875
3 0.71875 0.6296875 0.12890625 0.2078125
3 0.76640625 0.51015625 0.115625 0.14765625
3 0.890625 0.65859375 0.1375 0.17734375
1 0.38125 0.371875 0.0390625 0.0453125
1 0.50234375 0.45 0.046875 0.05546875
1 0.325 0.36796875 0.0375 0.0421875
3 0.5390625 0.35625 0.05 0.075
1 0.66484375 0.45390625 0.0515625 0.06015625
1 0.2796875 0.37109375 0.02890625 0.03359375
1 0.5921875 0.3859375 0.0375 0.04921875
1 0.496875 0.3984375 0.034375 0.05
1 0.39921875 0.309375 0.0171875 0.02421875
1 0.5125 0.34375 0.02109375 0.03671875
1 0.64453125 0.5296875 0.06328125 0.0921875
3 0.37890625 0.29453125 0.01640625 0.03046875
1 0.471875 0.36640625 0.0265625 0.0453125
1 0.5234375 0.31015625 0.0234375 0.03125
1 0.60234375 0.478125 0.0484375 0.08203125
3 0.50625 0.28671875 0.02265625 0.03359375
1 0.36640625 0.284375 0.0125 0.021875
3 0.4984375 0.31953125 0.02421875 0.03671875