1 0.40703125 0.84609375 0.13203125 0.2484375
1 0.44765625 0.64375 0.090625 0.1515625
3 0.08125 0.83984375 0.16015625 0.31484375
3 0.65703125 0.3359375 0.0390625 0.08515625
1 0.509375 0.303125 0.025 0.03671875
1 0.50234375 0.4265625 0.0421875 0.05703125
1 0.60078125 0.3109375 0.01640625 0.02734375
3 0.73046875 0.4234375 0.05625 0.1
3 0.69765625 0.38671875 0.05 0.08828125
1 0.415625 0.45078125 0.0578125 0.09140625
3 0.15859375 0.528125 0.14453125 0.10859375
1 0.52890625 0.28203125 0.01484375 0.03359375
1 0.4515625 0.38203125 0.05078125 0.08359375
1 0.53203125 0.34921875 0.025 0.03828125
1 0.6609375 0.5078125 0.05625 0.0765625
1 0.5453125 0.29921875 0.0203125 0.0484375
1 0.3484375 0.40625 0.0640625 0.10546875
1 0.490625 0.50859375 0.05859375 0.11796875
1 0.47890625 0.34296875 0.0515625 0.08125
4 0.615625 0.33515625 0.0203125 0.0328125
1 0.42734375 0.41953125 0.0359375 0.0421875
3 0.38671875 0.51484375 0.07421875 0.14453125
4 0.62265625 0.3796875 0.0265625 0.059375
3 0.33671875 0.55 0.09921875 0.1859375