3 0.6703125 0.53671875 0.115625 0.18515625
3 0.8453125 0.6375 0.24296875 0.22578125
3 0.6609375 0.40859375 0.05859375 0.08828125
3 0.6 0.44296875 0.0765625 0.13359375
0 0.5421875 0.3625 0.05234375 0.09296875
3 0.55546875 0.42109375 0.03046875 0.0765625
3 0.371875 0.29609375 0.02265625 0.0390625
1 0.4796875 0.3609375 0.0328125 0.0421875
3 0.51171875 0.328125 0.0359375 0.071875
3 0.590625 0.34453125 0.0515625 0.0640625
1 0.865625 0.8984375 0.19140625 0.19140625
1 0.59140625 0.690625 0.103125 0.146875
1 0.51640625 0.49453125 0.06171875 0.08359375
1 0.72421875 0.4453125 0.05703125 0.065625
1 0.27421875 0.7171875 0.10078125 0.13828125
1 0.0484375 0.6015625 0.09609375 0.1015625
1 0.3828125 0.36171875 0.0296875 0.03828125
4 0.34375 0.3375 0.03359375 0.0484375
1 0.4984375 0.43359375 0.04453125 0.05234375