1 0.74375 0.67734375 0.121875 0.1515625
1 0.3609375 0.4046875 0.03671875 0.03046875
1 0.47734375 0.36875 0.0296875 0.03828125
1 0.3953125 0.31328125 0.02109375 0.021875
4 0.55390625 0.59375 0.08359375 0.13203125
1 0.51015625 0.33671875 0.0265625 0.03515625
1 0.45546875 0.31484375 0.01953125 0.0265625
3 0.0765625 0.7109375 0.153125 0.2953125
3 0.19921875 0.5078125 0.1375 0.19609375
3 0.31015625 0.578125 0.07890625 0.10546875
3 0.28515625 0.35234375 0.03828125 0.0515625
3 0.3234375 0.35 0.053125 0.071875
3 0.3765625 0.26328125 0.01484375 0.025
3 0.39765625 0.25859375 0.01328125 0.0203125
3 0.54296875 0.35234375 0.0390625 0.0796875