3 0.05234375 0.86328125 0.1046875 0.2734375
1 0.22734375 0.8453125 0.15546875 0.18671875
1 0.66484375 0.91171875 0.1421875 0.1765625
1 0.5671875 0.6328125 0.0890625 0.11875
1 0.759375 0.5328125 0.09375 0.10859375
3 0.63203125 0.49296875 0.11171875 0.18359375
4 0.5234375 0.50546875 0.06953125 0.09921875
1 0.49609375 0.446875 0.0421875 0.0546875
3 0.5609375 0.384375 0.04375 0.0859375
3 0.5203125 0.31953125 0.0421875 0.059375
3 0.54921875 0.3 0.0609375 0.06171875
0 0.6265625 0.34140625 0.06640625 0.05
3 0.64765625 0.3953125 0.0609375 0.065625
1 0.38125 0.36171875 0.0421875 0.04140625
1 0.39609375 0.31640625 0.034375 0.03671875