4 0.21328125 0.89921875 0.153125 0.19375
1 0.58984375 0.7109375 0.109375 0.13984375
1 0.33359375 0.52265625 0.06796875 0.07578125
1 0.53125 0.48671875 0.06171875 0.09140625
1 0.58125 0.46171875 0.0515625 0.071875
1 0.3625 0.415625 0.04375 0.06015625
3 0.60625 0.3796875 0.05859375 0.0828125
1 0.3875 0.3625 0.0296875 0.0375
3 0.5640625 0.33203125 0.0265625 0.0609375
3 0.52265625 0.33828125 0.053125 0.08828125
1 0.46875 0.34921875 0.025 0.02890625
3 0.3421875 0.34140625 0.03203125 0.04921875
3 0.35 0.321875 0.0265625 0.046875
1 0.3984375 0.3328125 0.02578125 0.02734375