4 0.54375 0.5921875 0.08203125 0.11640625
1 0.4875 0.40703125 0.0453125 0.0375
3 0.54375 0.3828125 0.03515625 0.06171875
1 0.384375 0.2921875 0.0140625 0.025
1 0.49375 0.43828125 0.046875 0.059375
1 0.6625 0.43828125 0.02265625 0.0421875
3 0.3578125 0.2921875 0.01796875 0.0296875
1 0.36796875 0.3203125 0.01875 0.02578125
1 0.52265625 0.521875 0.06640625 0.10078125
3 0.73828125 0.4484375 0.13359375 0.1390625
1 0.3625 0.43515625 0.0453125 0.06171875
3 0.34609375 0.340625 0.028125 0.04453125
3 0.3109375 0.403125 0.04921875 0.071875
1 0.40859375 0.29375 0.015625 0.0203125
3 0.57890625 0.32265625 0.04921875 0.04453125
1 0.5828125 0.72578125 0.1203125 0.14296875
1 0.4828125 0.3234375 0.0265625 0.02578125
3 0.609375 0.446875 0.10859375 0.1703125
3 0.57890625 0.38828125 0.06328125 0.09609375
3 0.23359375 0.38984375 0.0796875 0.096875
1 0.38359375 0.36640625 0.02890625 0.0359375
1 0.3421875 0.5046875 0.05625 0.071875
3 0.7203125 0.60703125 0.1734375 0.26328125
1 0.6296875 0.909375 0.15859375 0.18125
1 0.51640625 0.4734375 0.06015625 0.0546875
1 0.41171875 0.26953125 0.009375 0.0125
3 0.86171875 0.790625 0.2765625 0.41875
1 0.87109375 0.5703125 0.08984375 0.07890625
3 0.19375 0.54453125 0.1203125 0.18046875
1 0.41015625 0.27890625 0.0125 0.01015625
3 0.52109375 0.34375 0.02421875 0.05625
3 0.53984375 0.353125 0.03125 0.06484375