1 0.22890625 0.53203125 0.09375 0.10390625
3 0.15546875 0.45859375 0.0921875 0.0984375
1 0.3421875 0.42734375 0.0515625 0.0578125
1 0.52890625 0.5484375 0.07109375 0.10390625
1 0.59453125 0.7296875 0.1359375 0.1703125
3 0.6078125 0.45078125 0.12265625 0.22578125
0 0.7796875 0.5171875 0.17109375 0.19140625
3 0.9265625 0.6828125 0.146875 0.215625
1 0.49296875 0.43203125 0.059375 0.07734375
1 0.37890625 0.2984375 0.02890625 0.040625
1 0.40078125 0.315625 0.02734375 0.03046875
3 0.359375 0.28046875 0.028125 0.0453125
3 0.53125 0.353125 0.05625 0.06953125
3 0.59140625 0.32265625 0.07890625 0.06875