1 0.159375 0.5578125 0.07734375 0.08203125
1 0.20078125 0.45390625 0.05546875 0.0734375
3 0.32421875 0.34609375 0.05390625 0.10234375
1 0.3765625 0.39296875 0.04296875 0.04765625
3 0.871875 0.76796875 0.25546875 0.4640625
3 0.6625 0.55390625 0.115625 0.18515625
3 0.759375 0.46484375 0.15859375 0.2078125
3 0.62265625 0.371875 0.07109375 0.09375
1 0.646875 0.97265625 0.140625 0.05390625
1 0.61328125 0.84609375 0.14296875 0.19140625
1 0.58046875 0.725 0.11328125 0.15625
3 0.5375 0.63515625 0.0859375 0.17265625
1 0.5953125 0.45703125 0.04765625 0.06484375
1 0.55703125 0.57578125 0.07265625 0.11328125
1 0.53125 0.52265625 0.0515625 0.06640625
1 0.5109375 0.47265625 0.059375 0.03046875
1 0.56953125 0.42578125 0.04296875 0.04921875
1 0.384375 0.35390625 0.0328125 0.03125