3 0.6078125 0.47109375 0.0671875 0.0921875
1 0.49609375 0.41796875 0.04296875 0.05703125
1 0.48046875 0.3671875 0.0296875 0.0421875
1 0.5484375 0.5921875 0.08203125 0.11953125
1 0.3203125 0.5171875 0.06640625 0.0796875
3 0.61015625 0.39296875 0.0453125 0.05625
1 0.71953125 0.66328125 0.10234375 0.140625
1 0.37265625 0.39296875 0.03203125 0.04375
1 0.64140625 0.85625 0.13828125 0.21953125
1 0.55859375 0.34609375 0.0265625 0.034375
1 0.76640625 0.55078125 0.08203125 0.096875
1 0.52890625 0.36171875 0.03203125 0.04765625
3 0.56171875 0.40703125 0.0453125 0.06796875
3 0.3359375 0.35546875 0.034375 0.05625
3 0.89140625 0.80703125 0.2171875 0.36640625