1 0.553125 0.5875 0.10859375 0.14296875
3 0.46875 0.275 0.02109375 0.040625
3 0.453125 0.240625 0.0140625 0.02109375
3 0.4 0.259375 0.01171875 0.01875
3 0.4203125 0.2328125 0.015625 0.02109375
3 0.54921875 0.3296875 0.03828125 0.06015625
3 0.49140625 0.30703125 0.02265625 0.046875
1 0.5796875 0.4609375 0.0453125 0.0734375
1 0.30546875 0.58046875 0.0734375 0.0984375
3 0.41796875 0.353125 0.01953125 0.034375
3 0.8953125 0.90234375 0.1859375 0.190625
3 0.478125 0.26171875 0.01875 0.02734375
3 0.40703125 0.25 0.0109375 0.0171875
3 0.553125 0.3984375 0.04921875 0.08203125
3 0.4109375 0.26796875 0.021875 0.04296875
3 0.378125 0.23203125 0.0140625 0.02734375
1 0.93515625 0.73125 0.12890625 0.159375
3 0.58515625 0.36015625 0.0390625 0.06328125
3 0.671875 0.53671875 0.15 0.2390625
3 0.52109375 0.3375 0.03046875 0.06015625
3 0.46640625 0.33359375 0.0234375 0.0359375
3 0.465625 0.41875 0.03125 0.05625
1 0.50234375 0.478125 0.04765625 0.07734375
3 0.43125 0.25078125 0.01953125 0.03203125
3 0.79453125 0.565625 0.10390625 0.121875
3 0.53203125 0.29296875 0.028125 0.03359375
3 0.40078125 0.29921875 0.01640625 0.0265625
3 0.47109375 0.24140625 0.015625 0.02734375
1 0.49375 0.41796875 0.040625 0.05703125
1 0.48046875 0.36953125 0.03359375 0.04296875
3 0.453125 0.3796875 0.0203125 0.0515625
1 0.32890625 0.321875 0.02421875 0.03984375
3 0.4515625 0.29296875 0.0171875 0.0390625
3 0.64453125 0.4171875 0.040625 0.03046875
3 0.34609375 0.29609375 0.02109375 0.03359375
3 0.4453125 0.25390625 0.01796875 0.04375
3 0.40234375 0.4296875 0.034375 0.04921875
3 0.5734375 0.34140625 0.03046875 0.05703125
3 0.453125 0.340625 0.02578125 0.0625
3 0.396875 0.24609375 0.01484375 0.01640625
3 0.4890625 0.2671875 0.01796875 0.02421875
3 0.45859375 0.31953125 0.021875 0.04296875
3 0.696875 0.4546875 0.05078125 0.05078125
3 0.6125 0.3921875 0.0234375 0.05546875
3 0.49921875 0.34296875 0.015625 0.03515625
3 0.51640625 0.275 0.01171875 0.0171875
3 0.415625 0.33359375 0.0125 0.03984375
3 0.440625 0.23359375 0.0234375 0.021875
3 0.5578125 0.29921875 0.0140625 0.0140625
3 0.3234375 0.28515625 0.015625 0.01875
3 0.1703125 0.31328125 0.03046875 0.034375
3 0.38203125 0.453125 0.01796875 0.03203125
3 0.39375 0.29765625 0.0125 0.02421875
3 0.4 0.20703125 0.01484375 0.01171875
3 0.50546875 0.27578125 0.01015625 0.0171875
3 0.42109375 0.73046875 0.02421875 0.03984375
3 0.07578125 0.25859375 0.0359375 0.01640625
3 0.39921875 0.7078125 0.0375 0.0296875
3 0.35 0.22265625 0.01640625 0.01640625
3 0.4046875 0.5671875 0.01640625 0.07109375
3 0.45625 0.20859375 0.046875 0.01953125
3 0.15703125 0.4546875 0.03828125 0.0265625
3 0.5265625 0.46953125 0.0078125 0.0171875
3 0.4265625 0.62265625 0.04765625 0.08515625
3 0.28671875 0.4296875 0.0203125 0.02109375
3 0.4421875 0.71640625 0.0875 0.06484375
3 0.43359375 0.54921875 0.05234375 0.1203125
3 0.334375 0.20625 0.01640625 0.0203125
3 0.68046875 0.71328125 0.1328125 0.1640625
3 0.359375 0.23203125 0.02890625 0.0234375
3 0.61875 0.54453125 0.04765625 0.09609375
3 0.2046875 0.25 0.0109375 0.03359375
3 0.64765625 0.72734375 0.04140625 0.125
3 0.85 0.5578125 0.009375 0.01640625
3 0.63671875 0.40390625 0.040625 0.025
3 0.5078125 0.2046875 0.01015625 0.03125