1 0.22265625 0.89453125 0.171875 0.19609375
1 0.66328125 0.909375 0.1765625 0.1765625
1 0.50859375 0.50234375 0.059375 0.090625
1 0.696875 0.484375 0.053125 0.065625
1 0.35 0.471875 0.0515625 0.0796875
1 0.36484375 0.42265625 0.040625 0.0578125
1 0.64375 0.43359375 0.04375 0.05546875
1 0.9734375 0.721875 0.053125 0.1234375
3 0.21171875 0.48359375 0.12265625 0.2078125
1 0.4828125 0.37890625 0.03203125 0.046875
1 0.384375 0.36015625 0.028125 0.04140625
1 0.5984375 0.3875 0.03671875 0.040625
1 0.7078125 0.4390625 0.0484375 0.06640625
1 0.39296875 0.32265625 0.021875 0.03203125
1 0.5140625 0.3515625 0.0234375 0.03359375
1 0.534375 0.37265625 0.02578125 0.040625
1 0.4984375 0.3234375 0.021875 0.0328125
1 0.52421875 0.29296875 0.01484375 0.02265625
1 0.3765625 0.296875 0.01640625 0.02421875
1 0.46953125 0.3359375 0.025 0.03828125
3 0.303125 0.36796875 0.0609375 0.0921875
1 0.3515625 0.3 0.015625 0.02734375
3 0.603125 0.4546875 0.07109375 0.1390625
3 0.740625 0.678125 0.26015625 0.2953125