1 0.5171875 0.49765625 0.0578125 0.078125
3 0.5453125 0.359375 0.07109375 0.1328125
3 0.17890625 0.45390625 0.07109375 0.1078125
1 0.6015625 0.39140625 0.0390625 0.053125
1 0.49921875 0.44296875 0.046875 0.06875
1 0.5546875 0.6515625 0.0890625 0.1359375
0 0.65390625 0.39453125 0.07265625 0.11328125
1 0.50625 0.33359375 0.025 0.0546875
1 0.6171875 0.47109375 0.05 0.06640625
1 0.4828125 0.40078125 0.03515625 0.05
3 0.72265625 0.478125 0.10625 0.1390625
3 0.3265625 0.365625 0.0375 0.0484375
4 0.67421875 0.9125 0.17265625 0.175
3 0.88046875 0.80703125 0.2390625 0.38515625
3 0.7859375 0.565625 0.14140625 0.20390625
1 0.37734375 0.38046875 0.03359375 0.040625