3 0.565625 0.3390625 0.05234375 0.09765625
1 0.34296875 0.440625 0.0484375 0.05859375
3 0.61640625 0.44609375 0.10390625 0.19140625
1 0.375 0.37265625 0.03671875 0.03828125
3 0.7546875 0.51328125 0.14296875 0.1671875
3 0.51171875 0.32734375 0.0375 0.06640625
1 0.48828125 0.30390625 0.01875 0.03203125
3 0.28515625 0.3515625 0.034375 0.06484375
1 0.4015625 0.26328125 0.0109375 0.021875
1 0.478125 0.375 0.03046875 0.040625
1 0.46484375 0.3125 0.025 0.0390625
1 0.49765625 0.44453125 0.0453125 0.06328125
1 0.55625 0.58203125 0.07890625 0.11953125
3 0.39453125 0.3234375 0.0203125 0.0390625