3 0.3515625 0.40703125 0.0578125 0.103125
1 0.53828125 0.32109375 0.02421875 0.04609375
1 0.4578125 0.625 0.08125 0.1265625
1 0.41640625 0.3453125 0.0421875 0.06640625
1 0.44921875 0.41953125 0.0390625 0.0671875
1 0.4546875 0.38046875 0.04296875 0.05390625
3 0.2109375 0.4734375 0.16640625 0.146875
1 0.50234375 0.4984375 0.05546875 0.07890625
1 0.40703125 0.88046875 0.140625 0.23203125
1 0.52265625 0.37109375 0.03203125 0.04375
3 0.1046875 0.8171875 0.20625 0.36484375
1 0.48125 0.55 0.0703125 0.103125
1 0.50703125 0.30234375 0.0296875 0.046875
3 0.65390625 0.3359375 0.03828125 0.09140625
1 0.47890625 0.35390625 0.03125 0.04609375
1 0.5140625 0.42265625 0.0453125 0.0703125
1 0.59609375 0.30234375 0.01640625 0.02890625
4 0.0515625 0.58515625 0.103125 0.1296875
0 0.90234375 0.70390625 0.1953125 0.43515625
3 0.70859375 0.3375 0.0359375 0.071875
3 0.37578125 0.5 0.09453125 0.1453125
1 0.35 0.64609375 0.11015625 0.16796875