1 0.4546875 0.5984375 0.07890625 0.11953125
1 0.42109375 0.45078125 0.0546875 0.071875
3 0.25859375 0.50703125 0.0890625 0.14296875
1 0.47890625 0.48671875 0.05234375 0.07734375
3 0.48515625 0.33671875 0.034375 0.059375
1 0.3265625 0.5859375 0.09296875 0.13984375
3 0.375 0.40546875 0.04609375 0.0578125
3 0.71953125 0.35546875 0.0390625 0.0640625
1 0.3546875 0.82578125 0.1546875 0.24375
3 0.10234375 0.6109375 0.203125 0.34609375
1 0.509375 0.41328125 0.03359375 0.0515625
1 0.63515625 0.390625 0.0359375 0.0515625
3 0.4078125 0.3859375 0.04296875 0.06640625
1 0.615625 0.28984375 0.0125 0.01640625
3 0.45703125 0.37109375 0.06328125 0.08671875
1 0.33359375 0.459375 0.05703125 0.06875
3 0.9515625 0.58828125 0.096875 0.1546875
1 0.74140625 0.71640625 0.1109375 0.13671875