3 0.446875 0.371875 0.05 0.09140625
0 0.53828125 0.29765625 0.028125 0.04375
1 0.6078125 0.34140625 0.02265625 0.03125
3 0.4984375 0.30703125 0.03046875 0.05625
3 0.684375 0.37734375 0.04453125 0.07578125
1 0.46171875 0.56640625 0.07421875 0.1125
3 0.71484375 0.34609375 0.03671875 0.0765625
1 0.49453125 0.47421875 0.05078125 0.07265625
3 0.678125 0.30546875 0.04453125 0.06953125
3 0.34765625 0.50078125 0.1671875 0.22421875
1 0.71171875 0.434375 0.04765625 0.06015625
3 0.28671875 0.45234375 0.10390625 0.1734375
3 0.8015625 0.515625 0.07265625 0.09375
3 0.80546875 0.41796875 0.12109375 0.17890625
4 0.7140625 0.65859375 0.11484375 0.16875
1 0.8734375 0.6765625 0.1 0.10703125
1 0.50859375 0.41640625 0.034375 0.04375
1 0.5296875 0.32734375 0.0265625 0.034375
1 0.62421875 0.39453125 0.040625 0.04453125
4 0.64609375 0.4484375 0.046875 0.06171875