1 0.6375 0.85703125 0.13984375 0.1984375
1 0.5359375 0.58828125 0.07265625 0.11328125
1 0.68828125 0.4171875 0.04140625 0.0484375
1 0.6515625 0.3875 0.03125 0.040625
1 0.38046875 0.35390625 0.025 0.0328125
1 0.64765625 0.54765625 0.07265625 0.09765625
1 0.51171875 0.47734375 0.06015625 0.08046875
3 0.59140625 0.44921875 0.07109375 0.1046875
3 0.84765625 0.771875 0.3046875 0.45625
3 0.79140625 0.54140625 0.0953125 0.071875
3 0.95546875 0.7078125 0.0890625 0.140625
3 0.70625 0.490625 0.08828125 0.09921875
3 0.60234375 0.38046875 0.0703125 0.07109375
3 0.53359375 0.35625 0.034375 0.07265625
3 0.51953125 0.33046875 0.03671875 0.059375
3 0.56484375 0.33515625 0.03515625 0.053125
1 0.47265625 0.3515625 0.028125 0.02421875
1 0.46640625 0.3375 0.0234375 0.02109375
1 0.475 0.371875 0.028125 0.03515625