1 0.69375 0.6265625 0.09375 0.11796875
1 0.534375 0.5546875 0.07109375 0.09921875
4 0.5765625 0.71171875 0.10859375 0.18515625
1 0.68203125 0.46953125 0.05546875 0.0609375
1 0.5078125 0.47890625 0.0640625 0.07578125
3 0.34609375 0.4859375 0.053125 0.0828125
3 0.1234375 0.51796875 0.07578125 0.08125
3 0.30546875 0.38359375 0.04453125 0.053125
3 0.63671875 0.4046875 0.06484375 0.10078125
3 0.86796875 0.56796875 0.22421875 0.28203125
0 0.584375 0.415625 0.08671875 0.1328125
0 0.2390625 0.40078125 0.05390625 0.0796875
1 0.38125 0.35390625 0.03359375 0.03671875
1 0.34453125 0.3390625 0.0234375 0.02734375
1 0.48984375 0.41171875 0.04609375 0.04921875
1 0.28671875 0.6203125 0.084375 0.10234375
3 0.7078125 0.93671875 0.18671875 0.1265625