1 0.45234375 0.28984375 0.015625 0.03125
1 0.46640625 0.24375 0.01953125 0.025
1 0.46015625 0.3125 0.021875 0.03125
1 0.46953125 0.3484375 0.03046875 0.03984375
1 0.38515625 0.25546875 0.0140625 0.02890625
1 0.4765625 0.27734375 0.02109375 0.0359375
1 0.57578125 0.73984375 0.10859375 0.1625
1 0.64375 0.95 0.159375 0.1
1 0.37265625 0.3 0.01640625 0.02890625
1 0.40859375 0.28984375 0.009375 0.01484375
1 0.59140625 0.44765625 0.046875 0.0671875
1 0.49375 0.42109375 0.03671875 0.046875
1 0.5234375 0.5078125 0.06015625 0.07265625
3 0.71171875 0.46328125 0.08203125 0.13515625
1 0.35078125 0.34296875 0.025 0.03359375
3 0.7859375 0.50234375 0.11796875 0.13203125
1 0.496875 0.26484375 0.01953125 0.02421875
1 0.390625 0.275 0.01796875 0.034375
1 0.2109375 0.8046875 0.13046875 0.1671875
1 0.3171875 0.33828125 0.02265625 0.03203125
1 0.50625 0.46328125 0.05078125 0.07109375
3 0.8421875 0.61640625 0.203125 0.24453125
3 0.92890625 0.8140625 0.1421875 0.371875
3 0.6859375 0.55859375 0.125 0.2171875