1 0.56640625 0.61484375 0.0796875 0.10234375
1 0.32578125 0.54609375 0.07421875 0.090625
4 0.2828125 0.72578125 0.10625 0.15234375
3 0.20625 0.54140625 0.07421875 0.08671875
3 0.7109375 0.57578125 0.1375 0.2375
3 0.5625 0.3890625 0.0703125 0.09609375
3 0.534375 0.3453125 0.03828125 0.071875
3 0.31953125 0.3203125 0.02734375 0.0484375
0 0.36328125 0.30625 0.03046875 0.053125
1 0.08359375 0.57890625 0.0859375 0.0890625
1 0.3703125 0.40625 0.0390625 0.04453125
1 0.3484375 0.378125 0.03203125 0.03828125