1 0.3453125 0.9296875 0.15 0.140625
1 0.4015625 0.82265625 0.1265625 0.20546875
1 0.4296875 0.67734375 0.09375 0.1234375
1 0.46875 0.56796875 0.06796875 0.1109375
3 0.6671875 0.3171875 0.01875 0.0328125
3 0.19765625 0.70234375 0.30234375 0.42578125
1 0.684375 0.38515625 0.0296875 0.03671875
1 0.6234375 0.33515625 0.02421875 0.02890625
3 0.3609375 0.50859375 0.12109375 0.1828125
1 0.2328125 0.48046875 0.053125 0.04921875
1 0.63359375 0.31640625 0.01796875 0.0203125
1 0.48671875 0.47578125 0.05078125 0.0625
1 0.51640625 0.42578125 0.046875 0.07734375
3 0.02734375 0.7296875 0.0546875 0.25234375
3 0.975 0.61953125 0.05 0.19375
3 0.428125 0.390625 0.08203125 0.1171875
3 0.7421875 0.45703125 0.06328125 0.09140625
3 0.3484375 0.3875 0.08515625 0.0953125
1 0.746875 0.78046875 0.10859375 0.12421875
3 0.4484375 0.2984375 0.04453125 0.04765625