1 0.55859375 0.4375 0.04609375 0.05546875
1 0.3734375 0.375 0.03515625 0.04140625
1 0.39140625 0.34375 0.0265625 0.02421875
1 0.46015625 0.30546875 0.0171875 0.02421875
4 0.6875 0.596875 0.08828125 0.128125
4 0.303125 0.61875 0.0859375 0.1234375
4 0.5046875 0.47421875 0.06015625 0.08359375
4 0.47890625 0.3484375 0.028125 0.040625
3 0.94375 0.86796875 0.1125 0.26328125
3 0.0765625 0.55859375 0.153125 0.24296875
3 0.19453125 0.43203125 0.09375 0.125
3 0.26796875 0.434375 0.10546875 0.1546875
3 0.33359375 0.34296875 0.0390625 0.06640625
3 0.35078125 0.31796875 0.0390625 0.0546875
3 0.52109375 0.3046875 0.0234375 0.0390625