3 0.60625 0.36875 0.059375 0.10546875
0 0.4890625 0.38203125 0.06171875 0.10234375
3 0.54453125 0.36875 0.06171875 0.125
3 0.53203125 0.55234375 0.0671875 0.10390625
1 0.39453125 0.334375 0.02421875 0.025
3 0.72890625 0.6140625 0.196875 0.340625
3 0.2859375 0.35703125 0.03125 0.0453125
1 0.50078125 0.32109375 0.021875 0.02734375
1 0.4640625 0.32578125 0.02265625 0.0359375
3 0.075 0.7671875 0.15 0.29140625
1 0.38125 0.36328125 0.03125 0.0390625
1 0.33828125 0.528125 0.0625 0.0890625
3 0.8921875 0.621875 0.2140625 0.303125
3 0.3328125 0.35390625 0.0359375 0.059375
1 0.690625 0.41640625 0.0375 0.04765625
3 0.21015625 0.53828125 0.0953125 0.1265625
1 0.22890625 0.928125 0.15078125 0.13671875
3 0.0703125 0.575 0.1390625 0.22734375
3 0.3671875 0.30234375 0.0296875 0.05390625