3 0.50859375 0.303125 0.03125 0.0375
1 0.490625 0.43125 0.053125 0.06171875
4 0.540625 0.57890625 0.07109375 0.11640625
3 0.53828125 0.37734375 0.034375 0.05546875
3 0.59140625 0.42578125 0.1 0.15546875
3 0.69921875 0.42578125 0.115625 0.14609375
1 0.4078125 0.290625 0.01328125 0.01875
1 0.51953125 0.5109375 0.071875 0.1
1 0.4 0.30234375 0.015625 0.02265625
3 0.3265625 0.371875 0.03515625 0.0625
1 0.4875 0.4 0.0421875 0.0328125
1 0.37734375 0.29921875 0.01484375 0.02421875
3 0.34921875 0.2984375 0.01953125 0.03125
3 0.56640625 0.31328125 0.04765625 0.04296875
3 0.484375 0.290625 0.02421875 0.034375
3 0.68359375 0.54296875 0.15625 0.215625
1 0.61640625 0.8796875 0.1484375 0.234375
3 0.175 0.44296875 0.1046875 0.13515625
1 0.57890625 0.7125 0.10703125 0.15
4 0.3140625 0.575 0.07578125 0.1078125
3 0.51875 0.33828125 0.02890625 0.05234375
1 0.51640625 0.4578125 0.05546875 0.05
1 0.35234375 0.33671875 0.02265625 0.0328125
1 0.83359375 0.53359375 0.0671875 0.06640625
1 0.246875 0.821875 0.12734375 0.16171875
3 0.03515625 0.8640625 0.0703125 0.271875
3 0.25859375 0.478125 0.0765625 0.09609375
1 0.3640625 0.421875 0.0453125 0.0546875
3 0.85234375 0.7609375 0.2953125 0.478125
3 0.56953125 0.37421875 0.05546875 0.08671875
1 0.4796875 0.31640625 0.02421875 0.03203125
3 0.5328125 0.34609375 0.0375 0.065625