1 0.44921875 0.27734375 0.015625 0.0421875
1 0.38515625 0.284375 0.01171875 0.021875
4 0.53125 0.49609375 0.05625 0.10234375
1 0.4625 0.31328125 0.0203125 0.03046875
1 0.3859375 0.3421875 0.025 0.0328125
1 0.5578125 0.39140625 0.03671875 0.05078125
1 0.50234375 0.334375 0.0234375 0.03046875
1 0.60390625 0.715625 0.1046875 0.165625
3 0.1453125 0.52109375 0.17890625 0.28125
1 0.7296875 0.709375 0.10859375 0.16015625
3 0.5484375 0.32421875 0.03671875 0.053125
1 0.359375 0.29765625 0.0109375 0.0171875
3 0.40078125 0.309375 0.01640625 0.028125
3 0.50703125 0.2796875 0.021875 0.03828125
0 0.3171875 0.49375 0.11484375 0.19140625
1 0.47421875 0.34375 0.02421875 0.0296875
0 0.3703125 0.27265625 0.01640625 0.02890625