1 0.5046875 0.32734375 0.01953125 0.03125
3 0.36953125 0.296875 0.0265625 0.05546875
1 0.44609375 0.31015625 0.01328125 0.02734375
1 0.45859375 0.23984375 0.0296875 0.02890625
1 0.4640625 0.3328125 0.02109375 0.03203125
1 0.54765625 0.3375 0.02109375 0.0296875
1 0.48046875 0.34375 0.02421875 0.03828125
1 0.52421875 0.353125 0.0265625 0.03671875
3 0.471875 0.2640625 0.02265625 0.03515625
1 0.46015625 0.3109375 0.01953125 0.02734375
1 0.2921875 0.62890625 0.08671875 0.1140625
1 0.36640625 0.4 0.034375 0.04140625
1 0.84453125 0.78984375 0.1375 0.18515625
1 0.48984375 0.40625 0.04296875 0.0703125
1 0.38046875 0.359375 0.02734375 0.04140625
3 0.50390625 0.28203125 0.02109375 0.04140625
1 0.409375 0.290625 0.0125 0.02421875
3 0.76875 0.51640625 0.140625 0.17109375
3 0.5796875 0.40859375 0.07734375 0.11953125
3 0.26796875 0.4234375 0.06875 0.175
3 0.225 0.3828125 0.04765625 0.08203125
1 0.58125 0.58984375 0.09921875 0.14765625
1 0.62421875 0.8390625 0.121875 0.22890625
1 0.35078125 0.490625 0.0578125 0.0796875
1 0.1265625 0.50234375 0.06015625 0.075
1 0.0765625 0.79921875 0.1296875 0.171875