3 0.04296875 0.846875 0.0859375 0.30625
1 0.68359375 0.93046875 0.165625 0.13828125
1 0.55390625 0.59375 0.075 0.11015625
1 0.50625 0.44375 0.053125 0.07578125
1 0.36640625 0.32890625 0.0265625 0.03125
3 0.584375 0.44296875 0.06875 0.13515625
3 0.640625 0.49140625 0.09375 0.17421875
3 0.778125 0.68125 0.2 0.3296875
0 0.96953125 0.753125 0.0609375 0.34375
1 0.9390625 0.628125 0.06015625 0.0984375
0 0.76796875 0.4796875 0.16484375 0.15703125
3 0.65 0.396875 0.0671875 0.07265625
1 0.48125 0.390625 0.0375 0.04140625
3 0.5140625 0.33125 0.034375 0.05
0 0.5546875 0.325 0.0484375 0.07421875
1 0.4 0.309375 0.0203125 0.0265625
1 0.5859375 0.340625 0.03125 0.03515625