3 0.78125 0.55390625 0.09765625 0.14296875
1 0.28359375 0.69296875 0.1078125 0.13046875
3 0.2453125 0.4640625 0.0765625 0.1140625
1 0.34609375 0.4640625 0.0484375 0.06875
1 0.3828125 0.378125 0.03203125 0.03828125
3 0.25234375 0.371875 0.05625 0.07890625
1 0.14140625 0.51640625 0.0671875 0.07265625
3 0.6578125 0.39765625 0.08515625 0.15390625
3 0.33046875 0.36640625 0.0421875 0.0765625
3 0.96015625 0.75 0.078125 0.24921875
3 0.58984375 0.41953125 0.071875 0.1578125
3 0.08984375 0.70859375 0.15 0.20625
1 0.8546875 0.54921875 0.0765625 0.08828125
3 0.29765625 0.40546875 0.0453125 0.0765625
1 0.7328125 0.45 0.0515625 0.0671875
1 0.390625 0.33984375 0.03359375 0.03515625
0 0.525 0.46171875 0.09453125 0.18125
1 0.51328125 0.33671875 0.03125 0.046875
3 0.365625 0.3046875 0.02734375 0.0421875
1 0.48125 0.37265625 0.03984375 0.03671875