3 0.6515625 0.8734375 0.15234375 0.253125
4 0.33515625 0.496875 0.0578125 0.0828125
3 0.93359375 0.68203125 0.1328125 0.24765625
3 0.75703125 0.66171875 0.16484375 0.23828125
3 0.78984375 0.5421875 0.11015625 0.17421875
4 0.66015625 0.55234375 0.0765625 0.109375
4 0.5359375 0.553125 0.0703125 0.10625
1 0.615625 0.48984375 0.05625 0.0765625
1 0.68125 0.4625 0.06015625 0.06640625
1 0.5078125 0.46328125 0.05078125 0.06015625
1 0.6015625 0.39296875 0.04140625 0.05
3 0.54609375 0.3640625 0.0421875 0.07890625
1 0.29296875 0.35546875 0.0265625 0.034375
1 0.3328125 0.3578125 0.02890625 0.03828125
1 0.38359375 0.35703125 0.028125 0.034375
1 0.5015625 0.40703125 0.0421875 0.05234375
1 0.47578125 0.36796875 0.0328125 0.04140625
1 0.51484375 0.34375 0.025 0.03203125
1 0.4 0.303125 0.0171875 0.02734375
3 0.52734375 0.31328125 0.02421875 0.034375