1 0.740625 0.73125 0.1140625 0.146875
1 0.25234375 0.51875 0.0734375 0.090625
1 0.63359375 0.40078125 0.03984375 0.04453125
1 0.5015625 0.43046875 0.0421875 0.0625
1 0.47734375 0.35546875 0.0296875 0.04375
1 0.5 0.31953125 0.0234375 0.02890625
1 0.64375 0.325 0.021875 0.02265625
1 0.53671875 0.31953125 0.02109375 0.028125
3 0.621875 0.28203125 0.01875 0.028125
1 0.59765625 0.30703125 0.0171875 0.021875
3 0.6453125 0.28359375 0.0234375 0.034375
3 0.1453125 0.79375 0.28984375 0.4125
1 0.59453125 0.29296875 0.015625 0.01640625