1 0.04609375 0.76328125 0.09140625 0.1484375
3 0.19765625 0.41328125 0.09375 0.1171875
3 0.31640625 0.38125 0.04609375 0.059375
3 0.3125 0.33046875 0.0421875 0.0671875
1 0.28359375 0.4203125 0.0515625 0.0609375
1 0.30625 0.54921875 0.07578125 0.11328125
1 0.35078125 0.47109375 0.0609375 0.06953125
1 0.52421875 0.55625 0.08125 0.11796875
3 0.83359375 0.5609375 0.1796875 0.23984375
3 0.6734375 0.54140625 0.13203125 0.20078125
0 0.67265625 0.42265625 0.12890625 0.1171875
4 0.6 0.4578125 0.06953125 0.09765625
1 0.36953125 0.4078125 0.0546875 0.059375
1 0.49296875 0.4125 0.04375 0.05234375
1 0.5546875 0.40625 0.04296875 0.05078125
1 0.490625 0.365625 0.03359375 0.04453125
3 0.596875 0.3734375 0.059375 0.08203125
4 0.60625 0.72578125 0.1375 0.21171875