3 0.65859375 0.49375 0.1296875 0.21875
0 0.58203125 0.43359375 0.0875 0.165625
0 0.53984375 0.3640625 0.0625 0.09609375
3 0.65546875 0.37734375 0.0859375 0.08828125
1 0.5765625 0.7125 0.1046875 0.1734375
4 0.73359375 0.67578125 0.10546875 0.15703125
3 0.51328125 0.5140625 0.0609375 0.09453125
1 0.8796875 0.64921875 0.11484375 0.13515625
3 0.5484375 0.57265625 0.090625 0.12421875
4 0.259375 0.74140625 0.11484375 0.1640625
1 0.33984375 0.48046875 0.0546875 0.06171875
1 0.36640625 0.3078125 0.01796875 0.02109375
1 0.38984375 0.340625 0.02265625 0.03515625
1 0.3421875 0.33984375 0.02265625 0.02734375
1 0.396875 0.31484375 0.01640625 0.0234375
1 0.27578125 0.440625 0.046875 0.06015625
1 0.64765625 0.92109375 0.16328125 0.153125
1 0.75703125 0.5359375 0.0671875 0.09609375
1 0.36875 0.28125 0.01328125 0.01640625
1 0.38984375 0.2859375 0.0125 0.01796875
1 0.7921875 0.57578125 0.0859375 0.10625
1 0.96328125 0.80234375 0.0734375 0.1875