1 0.58203125 0.728125 0.10546875 0.18828125
1 0.54609375 0.56015625 0.06796875 0.10546875
1 0.61171875 0.50078125 0.06484375 0.0859375
1 0.7078125 0.49609375 0.0625 0.0796875
1 0.78046875 0.75 0.13828125 0.19453125
1 0.35703125 0.4296875 0.04453125 0.05625
1 0.490625 0.43828125 0.05625 0.0671875
1 0.38828125 0.33828125 0.0234375 0.034375
1 0.47890625 0.390625 0.03671875 0.04609375
3 0.65078125 0.43125 0.04921875 0.0703125
3 0.303125 0.32890625 0.03828125 0.0546875
3 0.1953125 0.43671875 0.0796875 0.0984375
3 0.565625 0.403125 0.0796875 0.11328125
3 0.51953125 0.34609375 0.03515625 0.053125
3 0.61875 0.3953125 0.04375 0.07109375
3 0.95 0.678125 0.09921875 0.38359375
3 0.81328125 0.56328125 0.1234375 0.18984375