1 0.21796875 0.85234375 0.15625 0.2125
1 0.3109375 0.58359375 0.084375 0.10859375
1 0.49765625 0.44453125 0.04921875 0.078125
3 0.2328125 0.475 0.09921875 0.13984375
3 0.5765625 0.40859375 0.05546875 0.10859375
3 0.28515625 0.4078125 0.08515625 0.13359375
3 0.34453125 0.33359375 0.04453125 0.06328125
3 0.3125 0.32890625 0.028125 0.0546875
1 0.3640625 0.42109375 0.04140625 0.06640625
1 0.38203125 0.35625 0.02890625 0.04296875
1 0.53359375 0.36796875 0.0359375 0.05234375
1 0.50625 0.33359375 0.02421875 0.0390625
1 0.46015625 0.3359375 0.0265625 0.034375