1 0.49921875 0.36796875 0.03203125 0.04765625
3 0.52109375 0.29921875 0.02734375 0.04296875
3 0.35390625 0.32578125 0.02109375 0.0296875
3 0.6359375 0.48671875 0.11875 0.1734375
1 0.48671875 0.29765625 0.01640625 0.025
3 0.575 0.3859375 0.05078125 0.09921875
1 0.234375 0.80234375 0.128125 0.159375
1 0.3734375 0.40703125 0.04296875 0.0421875
1 0.24375 0.41171875 0.04140625 0.04140625
3 0.3015625 0.40546875 0.0421875 0.0546875
4 0.3625 0.45625 0.04609375 0.06328125
1 0.39921875 0.31640625 0.01796875 0.02578125
0 0.375 0.2921875 0.0234375 0.03828125
1 0.38828125 0.35078125 0.028125 0.03203125