3 0.60703125 0.45546875 0.08359375 0.13125
3 0.31640625 0.3140625 0.0359375 0.06171875
3 0.5828125 0.353125 0.040625 0.07265625
3 0.50859375 0.30625 0.0421875 0.0640625
1 0.33046875 0.51328125 0.0640625 0.0796875
1 0.65546875 0.56640625 0.07421875 0.11640625
1 0.70859375 0.47578125 0.0625 0.0828125
1 0.56171875 0.625 0.084375 0.12734375
1 0.6 0.84609375 0.1375 0.25
1 0.3796875 0.37265625 0.03359375 0.04296875
1 0.66328125 0.434375 0.04765625 0.05859375
1 0.8609375 0.5859375 0.08046875 0.12109375
3 0.53984375 0.36640625 0.06328125 0.09453125
1 0.52890625 0.52734375 0.0625 0.090625
1 0.50078125 0.45859375 0.04375 0.071875
1 0.925 0.93984375 0.15 0.11640625
1 0.49609375 0.41015625 0.04140625 0.04609375
1 0.39453125 0.321875 0.0203125 0.03046875
1 0.48359375 0.3828125 0.03515625 0.04453125
1 0.371875 0.30703125 0.015625 0.02421875
0 0.5953125 0.328125 0.04296875 0.0609375
3 0.5296875 0.2875 0.0296875 0.04140625
3 0.9359375 0.71875 0.128125 0.32109375