1 0.5640625 0.68671875 0.1015625 0.15703125
3 0.5890625 0.43359375 0.06484375 0.1265625
1 0.5109375 0.4953125 0.05546875 0.07890625
1 0.50859375 0.43515625 0.0453125 0.0515625
1 0.48828125 0.4046875 0.0359375 0.05703125
1 0.475 0.3546875 0.02578125 0.0390625
3 0.5375 0.36796875 0.0375 0.05
1 0.3796875 0.359375 0.02734375 0.03828125
1 0.34140625 0.46484375 0.053125 0.059375
3 0.65625 0.43125 0.05703125 0.10546875
3 0.06875 0.7546875 0.1375 0.24609375
3 0.5421875 0.3265625 0.02578125 0.03125
1 0.27265625 0.59609375 0.07578125 0.11875
1 0.465625 0.3265625 0.02109375 0.03359375
0 0.91875 0.70859375 0.1625 0.3984375
3 0.5140625 0.34375 0.02734375 0.0453125
1 0.80078125 0.5125 0.075 0.08984375
3 0.03984375 0.6171875 0.0796875 0.14296875