1 0.2734375 0.66640625 0.07890625 0.10625
3 0.12578125 0.61328125 0.115625 0.165625
0 0.50703125 0.43359375 0.0703125 0.1421875
3 0.8625 0.60390625 0.11328125 0.12421875
1 0.3625 0.440625 0.0421875 0.04609375
1 0.28828125 0.4296875 0.0546875 0.09609375
0 0.6421875 0.3953125 0.05625 0.11328125
3 0.21015625 0.40390625 0.07734375 0.09140625
1 0.73359375 0.45078125 0.0421875 0.05234375
1 0.715625 0.50390625 0.06015625 0.0859375
1 0.5734375 0.4140625 0.05390625 0.084375
1 0.4921875 0.30625 0.028125 0.04609375
1 0.3171875 0.38046875 0.0375 0.053125
1 0.37734375 0.37421875 0.028125 0.03515625
1 0.3984375 0.31328125 0.01953125 0.02578125
1 0.378125 0.2828125 0.0203125 0.0296875
1 0.35625 0.31796875 0.02265625 0.0421875
3 0.6359375 0.9078125 0.13515625 0.16484375