1 0.61875 0.7375 0.12421875 0.18984375
1 0.1375 0.65859375 0.10078125 0.1296875
1 0.31015625 0.59609375 0.07890625 0.1046875
1 0.25234375 0.81484375 0.1328125 0.1640625
1 0.25234375 0.48046875 0.0578125 0.07109375
1 0.35390625 0.45703125 0.0515625 0.059375
1 0.384375 0.36171875 0.028125 0.03671875
1 0.3484375 0.35078125 0.02578125 0.034375
1 0.53828125 0.36875 0.0265625 0.040625
1 0.3671875 0.40625 0.03828125 0.0546875
1 0.5171875 0.34609375 0.02265625 0.0296875
1 0.36171875 0.328125 0.0203125 0.02734375
1 0.5515625 0.31796875 0.02109375 0.02421875
3 0.02734375 0.83125 0.0546875 0.25390625
3 0.0390625 0.6015625 0.07734375 0.221875
3 0.1140625 0.5078125 0.1 0.13359375
3 0.30390625 0.38046875 0.06484375 0.09921875
3 0.28359375 0.34140625 0.05703125 0.09140625
3 0.33203125 0.30078125 0.034375 0.065625
3 0.35 0.28671875 0.021875 0.04375
3 0.7734375 0.53046875 0.1046875 0.15
3 0.690625 0.46484375 0.06875 0.09921875
3 0.6328125 0.46484375 0.1234375 0.21484375
3 0.5625 0.39296875 0.034375 0.0453125
3 0.5703125 0.34296875 0.0390625 0.04921875
0 0.540625 0.50625 0.1265625 0.2078125
1 0.471875 0.3515625 0.02578125 0.034375
4 0.4890625 0.3921875 0.0390625 0.04609375
4 0.4 0.31328125 0.025 0.03359375
3 0.36171875 0.27421875 0.02734375 0.0453125
3 0.4765625 0.278125 0.02265625 0.05
3 0.51875 0.29921875 0.02421875 0.0390625
1 0.46484375 0.334375 0.02421875 0.02890625
1 0.39140625 0.3375 0.02421875 0.028125
1 0.3796875 0.30546875 0.01796875 0.02265625