1 0.62734375 0.840625 0.18671875 0.265625
3 0.50859375 0.3171875 0.03203125 0.0625
3 0.55 0.58984375 0.0828125 0.1265625
3 0.47890625 0.3 0.01953125 0.03671875
3 0.475 0.2765625 0.02109375 0.03359375
3 0.4953125 0.2765625 0.01953125 0.028125
1 0.16875 0.4796875 0.0625 0.071875
3 0.3703125 0.27578125 0.01640625 0.025
1 0.7953125 0.7609375 0.12890625 0.178125
3 0.4640625 0.26640625 0.01796875 0.0359375
3 0.4140625 0.2609375 0.01015625 0.02265625
3 0.659375 0.55703125 0.1078125 0.16953125
3 0.946875 0.7453125 0.103125 0.20234375
3 0.45390625 0.240625 0.01796875 0.025
3 0.159375 0.32265625 0.02890625 0.03203125
3 0.584375 0.34921875 0.03671875 0.07578125
3 0.4203125 0.23671875 0.01171875 0.01875
3 0.265625 0.43828125 0.06875 0.11015625
3 0.790625 0.58203125 0.1125 0.1515625
3 0.4671875 0.33125 0.0265625 0.0453125
3 0.4609375 0.31328125 0.0234375 0.03984375
3 0.48828125 0.4015625 0.03125 0.0453125
3 0.5546875 0.31484375 0.0296875 0.03359375
3 0.55 0.38671875 0.05 0.09296875
3 0.50859375 0.4734375 0.059375 0.11796875
1 0.76875 0.48046875 0.06015625 0.071875
3 0.45390625 0.29296875 0.0171875 0.02578125
3 0.47265625 0.35546875 0.02578125 0.0390625
3 0.4640625 0.40546875 0.0328125 0.06484375
1 0.18125 0.95859375 0.1578125 0.07578125
3 0.6359375 0.42578125 0.0875 0.1015625
3 0.3734375 0.2296875 0.021875 0.028125
3 0.3640625 0.28515625 0.015625 0.0265625
3 0.4015625 0.30390625 0.01484375 0.0234375
3 0.4 0.40546875 0.02578125 0.04296875
1 0.85703125 0.5515625 0.0796875 0.0984375
3 0.42890625 0.24921875 0.0203125 0.03671875
3 0.38046875 0.26640625 0.0140625 0.025
1 0.509375 0.4265625 0.05 0.04921875
3 0.3234375 0.28359375 0.01328125 0.01796875
3 0.52421875 0.2859375 0.0328125 0.03125
3 0.60078125 0.340625 0.0125 0.0203125
3 0.65390625 0.38046875 0.02578125 0.0265625
3 0.509375 0.3578125 0.01171875 0.0421875
3 0.53046875 0.35390625 0.04765625 0.0828125
3 0.39765625 0.24921875 0.01875 0.02109375
3 0.37265625 0.21484375 0.021875 0.01875
3 0.65234375 0.40390625 0.05625 0.04609375
3 0.4 0.2078125 0.01171875 0.01328125
3 0.40546875 0.26328125 0.0140625 0.0234375
3 0.45 0.34453125 0.01953125 0.06015625
3 0.15 0.24453125 0.025 0.01328125
3 0.45 0.63359375 0.02421875 0.0453125
3 0.07421875 0.25625 0.0421875 0.01796875
3 0.275 0.2203125 0.01953125 0.025
3 0.421875 0.73125 0.02734375 0.04453125
3 0.434375 0.53515625 0.05 0.09375
3 0.35390625 0.22578125 0.02265625 0.02421875
3 0.39921875 0.23125 0.0265625 0.02578125
3 0.11875 0.23046875 0.03515625 0.03203125
3 0.48203125 0.221875 0.04375 0.0171875
3 0.5859375 0.4203125 0.0265625 0.05625
3 0.44375 0.72421875 0.08125 0.13515625
3 0.13828125 0.46953125 0.01015625 0.0296875
3 0.1171875 0.16875 0.02734375 0.01953125
3 0.2046875 0.24921875 0.0109375 0.0328125
3 0.9578125 0.903125 0.08125 0.15
3 0.5328125 0.240625 0.04921875 0.06328125
3 0.26875 0.5359375 0.0609375 0.109375
3 0.44609375 0.221875 0.0328125 0.01484375
3 0.50703125 0.2046875 0.01015625 0.028125
3 0.60703125 0.42265625 0.0296875 0.07109375
3 0.32109375 0.2421875 0.00625 0.01640625
3 0.6265625 0.3984375 0.0125 0.02734375
3 0.1703125 0.53515625 0.059375 0.0765625
3 0.33515625 0.20390625 0.0125 0.01875