1 0.53515625 0.6 0.09296875 0.13359375
1 0.59296875 0.7296875 0.10625 0.1578125
1 0.6953125 0.62890625 0.1 0.15078125
1 0.58125 0.446875 0.04765625 0.07265625
1 0.6640625 0.43515625 0.05 0.0625
1 0.315625 0.55 0.07265625 0.0953125
1 0.5109375 0.48828125 0.05546875 0.08203125
1 0.63359375 0.4078125 0.03984375 0.0609375
1 0.30234375 0.41015625 0.03828125 0.05078125
1 0.9015625 0.68671875 0.128125 0.153125
1 0.91875 0.91953125 0.16171875 0.15625
1 0.603125 0.3796875 0.0359375 0.046875
1 0.37734375 0.3734375 0.02890625 0.0453125
1 0.490625 0.425 0.04375 0.05859375
1 0.3453125 0.35546875 0.02890625 0.03984375
1 0.3890625 0.33984375 0.025 0.04296875
1 0.48359375 0.3765625 0.03359375 0.03828125
1 0.40234375 0.30859375 0.02265625 0.0328125
1 0.33515625 0.30625 0.02109375 0.03515625
1 0.4671875 0.3328125 0.02421875 0.034375
1 0.521875 0.37890625 0.0265625 0.0515625
0 0.590625 0.32109375 0.04375 0.053125
1 0.7453125 0.984375 0.10859375 0.03046875
3 0.78359375 0.5125 0.18984375 0.1765625
3 0.22578125 0.4 0.090625 0.128125
3 0.55703125 0.39375 0.05625 0.0890625
1 0.3203125 0.371875 0.03359375 0.040625
3 0.5328125 0.35078125 0.06484375 0.08359375