1 0.2734375 0.71640625 0.10625 0.14921875
1 0.21328125 0.57265625 0.07734375 0.09375
3 0.51640625 0.33046875 0.04140625 0.0671875
3 0.275 0.4421875 0.05078125 0.0734375
3 0.56171875 0.39609375 0.053125 0.10703125
3 0.27421875 0.35703125 0.03828125 0.06015625
0 0.33671875 0.33828125 0.04453125 0.07265625
1 0.40078125 0.31796875 0.02109375 0.03125
1 0.4890625 0.40234375 0.03359375 0.04453125
3 0.38203125 0.3671875 0.03515625 0.04921875
1 0.3546875 0.44765625 0.0453125 0.0546875
3 0.5 0.303125 0.028125 0.0421875
3 0.65390625 0.4421875 0.06796875 0.11171875
1 0.3875 0.32890625 0.021875 0.03125
4 0.709375 0.903125 0.1703125 0.18671875
3 0.3671875 0.30234375 0.02734375 0.0515625
3 0.30390625 0.32890625 0.034375 0.05703125