1 0.64296875 0.90625 0.1421875 0.1875
3 0.8703125 0.81015625 0.2515625 0.3796875
3 0.65703125 0.484375 0.12421875 0.16171875
1 0.696875 0.628125 0.09453125 0.11953125
1 0.59296875 0.7734375 0.11015625 0.17109375
1 0.56640625 0.64375 0.0875 0.09765625
3 0.546875 0.56640625 0.084375 0.1046875
1 0.3640625 0.42890625 0.053125 0.06484375
1 0.26484375 0.44453125 0.05078125 0.06015625
1 0.3234375 0.36171875 0.03515625 0.0359375
1 0.371875 0.365625 0.03203125 0.04140625
1 0.78984375 0.56875 0.07109375 0.08125
1 0.85703125 0.5953125 0.0921875 0.0625
1 0.515625 0.49921875 0.053125 0.0578125
0 0.5796875 0.4265625 0.075 0.1515625
3 0.66328125 0.375 0.09765625 0.0890625
1 0.50703125 0.459375 0.0484375 0.05078125
1 0.7609375 0.521875 0.06875 0.06796875
3 0.53671875 0.3578125 0.05390625 0.08671875