3 0.72890625 0.48828125 0.08046875 0.1421875
3 0.63515625 0.47734375 0.1328125 0.18046875
3 0.36796875 0.29609375 0.02578125 0.04140625
3 0.47578125 0.34765625 0.028125 0.03515625
1 0.62421875 0.784375 0.1234375 0.19296875
1 0.29609375 0.6390625 0.08828125 0.11015625
1 0.515625 0.478125 0.0515625 0.06953125
1 0.6171875 0.3796875 0.040625 0.02578125
1 0.50078125 0.32421875 0.021875 0.02890625
1 0.33125 0.3609375 0.0296875 0.0390625
1 0.39296875 0.3375 0.028125 0.02734375
1 0.4 0.31640625 0.021875 0.021875
1 0.4859375 0.29765625 0.0234375 0.02734375
3 0.34453125 0.29453125 0.02890625 0.04609375
3 0.384375 0.28515625 0.015625 0.02578125