1 0.1078125 0.71796875 0.146875 0.16015625
1 0.31015625 0.525 0.0953125 0.1015625
1 0.56171875 0.628125 0.09296875 0.153125
1 0.64375 0.8796875 0.1703125 0.22109375
3 0.9 0.6390625 0.19609375 0.24609375
0 0.73203125 0.47578125 0.15703125 0.2046875
3 0.0453125 0.553125 0.08984375 0.1640625
3 0.5953125 0.42734375 0.11875 0.165625
1 0.51328125 0.49609375 0.06953125 0.065625
1 0.48671875 0.41328125 0.04453125 0.05234375
1 0.3921875 0.33671875 0.0328125 0.04140625
3 0.34375 0.28984375 0.0421875 0.0453125
3 0.52578125 0.34375 0.04921875 0.06171875
3 0.58359375 0.3171875 0.07109375 0.05546875