3 0.0765625 0.7875 0.14921875 0.42421875
3 0.2453125 0.465625 0.09765625 0.1359375
4 0.35546875 0.44140625 0.04609375 0.06640625
1 0.321875 0.58515625 0.07265625 0.084375
1 0.5109375 0.48203125 0.05625 0.08984375
3 0.809375 0.55390625 0.1296875 0.19453125
3 0.5984375 0.42734375 0.09453125 0.16796875
3 0.65 0.40546875 0.05625 0.11015625
1 0.7359375 0.45625 0.05703125 0.075
1 0.33671875 0.3640625 0.0296875 0.03828125
4 0.3828125 0.37265625 0.02890625 0.04296875
4 0.48984375 0.40703125 0.03828125 0.0640625
1 0.47578125 0.36015625 0.02890625 0.0375
3 0.55078125 0.31640625 0.03671875 0.05078125
1 0.5171875 0.35078125 0.02421875 0.03359375
1 0.3890625 0.33671875 0.025 0.0203125
1 0.4625 0.3390625 0.021875 0.0296875
3 0.51171875 0.3125 0.02421875 0.04921875
3 0.48828125 0.2921875 0.0234375 0.05078125
1 0.4 0.3171875 0.02109375 0.02265625