3 0.64140625 0.49765625 0.1296875 0.22578125
3 0.5375 0.35546875 0.05625 0.11015625
0 0.48515625 0.3609375 0.05234375 0.0875
3 0.7796875 0.5203125 0.1578125 0.22109375
1 0.459375 0.3078125 0.0203125 0.0234375
3 0.2984375 0.3984375 0.04609375 0.07890625
1 0.50625 0.46015625 0.0515625 0.078125
3 0.59375 0.35546875 0.05703125 0.09453125
1 0.35390625 0.4359375 0.04921875 0.06015625
1 0.38046875 0.37421875 0.03046875 0.0328125
1 0.68203125 0.9171875 0.1640625 0.165625
1 0.39296875 0.33125 0.02265625 0.02734375
3 0.23828125 0.39609375 0.05078125 0.07265625
3 0.35703125 0.31328125 0.0328125 0.0546875