3 0.078125 0.8421875 0.15625 0.31171875
3 0.14453125 0.70859375 0.2359375 0.32890625
3 0.384375 0.51171875 0.07265625 0.13671875
3 0.2703125 0.63984375 0.04140625 0.153125
1 0.52890625 0.340625 0.02578125 0.03203125
3 0.45078125 0.38671875 0.05390625 0.08828125
3 0.46796875 0.35625 0.05546875 0.090625
1 0.403125 0.82109375 0.128125 0.21796875
1 0.446875 0.659375 0.09296875 0.1390625
1 0.515625 0.3890625 0.034375 0.0359375
1 0.52265625 0.36015625 0.03203125 0.03046875
3 0.665625 0.33671875 0.0375 0.06171875
3 0.50078125 0.29921875 0.03203125 0.06796875
3 0.403125 0.37109375 0.053125 0.096875
3 0.3515625 0.4 0.06484375 0.09140625
1 0.4296875 0.4296875 0.0359375 0.06484375
1 0.5078125 0.41328125 0.0359375 0.03671875
3 0.48359375 0.54140625 0.06484375 0.1265625
1 0.49765625 0.43671875 0.04609375 0.0515625
1 0.40703125 0.45078125 0.04765625 0.0734375
3 0.62265625 0.3609375 0.0453125 0.08359375
1 0.59609375 0.30078125 0.0171875 0.03203125
3 0.51328125 0.26328125 0.01953125 0.03828125
1 0.53359375 0.325 0.0234375 0.01953125
3 0.6578125 0.29921875 0.025 0.0359375
1 0.49296875 0.4640625 0.0453125 0.05234375
3 0.290625 0.4578125 0.096875 0.14453125
3 0.62734375 0.296875 0.02734375 0.0484375
3 0.69140625 0.39296875 0.0390625 0.05390625
3 0.615625 0.28359375 0.0203125 0.040625
3 0.425 0.31640625 0.05078125 0.05859375
3 0.4625 0.31796875 0.03203125 0.04296875
1 0.48203125 0.47265625 0.046875 0.02421875
3 0.33046875 0.5421875 0.103125 0.2046875
3 0.03203125 0.6390625 0.0640625 0.10078125