0 0.06796875 0.79453125 0.1328125 0.4109375
4 0.746875 0.6859375 0.11328125 0.1875
1 0.18984375 0.93046875 0.1640625 0.1390625
3 0.09296875 0.50703125 0.17265625 0.18984375
4 0.32578125 0.5453125 0.06640625 0.09765625
4 0.51953125 0.51875 0.06015625 0.1046875
1 0.571875 0.4765625 0.05078125 0.078125
3 0.2125 0.40703125 0.07421875 0.0953125
3 0.2828125 0.409375 0.08515625 0.11953125
1 0.37890625 0.3640625 0.03046875 0.0328125
1 0.48125 0.359375 0.025 0.03671875
4 0.52578125 0.3140625 0.01796875 0.0328125
1 0.39296875 0.334375 0.025 0.02578125
3 0.3375 0.33671875 0.03359375 0.0546875
3 0.35390625 0.3140625 0.0328125 0.05078125
1 0.459375 0.3078125 0.01875 0.01953125
1 0.4921875 0.30625 0.01953125 0.02109375
1 0.40234375 0.30234375 0.02109375 0.01953125