1 0.49375 0.3296875 0.02265625 0.03046875
3 0.775 0.38515625 0.08125 0.121875
1 0.42890625 0.61796875 0.08046875 0.13515625
1 0.5109375 0.4046875 0.034375 0.04609375
1 0.53046875 0.34921875 0.025 0.03671875
1 0.4890625 0.29921875 0.01640625 0.0234375
1 0.6296875 0.3953125 0.03515625 0.0484375
1 0.51875 0.3640625 0.028125 0.03515625
1 0.49609375 0.46328125 0.0484375 0.07265625
3 0.4359375 0.35234375 0.03671875 0.05234375
3 0.36015625 0.49765625 0.09140625 0.15546875
1 0.51796875 0.29296875 0.0140625 0.02421875
1 0.221875 0.57265625 0.0890625 0.109375
1 0.43203125 0.4359375 0.046875 0.06640625
1 0.7140625 0.56953125 0.06796875 0.08828125
1 0.61953125 0.29296875 0.015625 0.02109375
1 0.53671875 0.315625 0.0203125 0.028125
1 0.61875 0.34921875 0.02734375 0.03046875
1 0.48671875 0.35234375 0.02265625 0.0359375
3 0.465625 0.37109375 0.03359375 0.04921875
1 0.60234375 0.3140625 0.0171875 0.028125
1 0.090625 0.903125 0.178125 0.19296875
3 0.471875 0.303125 0.028125 0.0515625
3 0.515625 0.26328125 0.01875 0.025
3 0.5328125 0.26875 0.015625 0.0265625