3 0.18203125 0.51171875 0.16953125 0.2
1 0.5203125 0.39453125 0.0390625 0.03515625
1 0.471875 0.53984375 0.07421875 0.10859375
3 0.63046875 0.31328125 0.0203125 0.028125
4 0.44609375 0.62421875 0.084375 0.13125
3 0.63125 0.27734375 0.015625 0.02578125
3 0.396875 0.33828125 0.0625 0.05234375
1 0.50546875 0.453125 0.05078125 0.07109375
1 0.5109375 0.41796875 0.04921875 0.0421875
3 0.40703125 0.415625 0.07734375 0.12421875
1 0.2859375 0.48984375 0.040625 0.07578125
3 0.64921875 0.3375 0.02734375 0.0453125
1 0.60625 0.34140625 0.0265625 0.03046875
1 0.6140625 0.36484375 0.025 0.034375
1 0.68203125 0.55625 0.0640625 0.07890625
3 0.47265625 0.3515625 0.02265625 0.0546875
1 0.59921875 0.315625 0.0203125 0.025
3 0.365625 0.49453125 0.12890625 0.22578125
1 0.4828125 0.48984375 0.059375 0.0703125
3 0.471875 0.31640625 0.034375 0.04140625
1 0.396875 0.78515625 0.121875 0.17109375
3 0.196875 0.69921875 0.23984375 0.365625
3 0.9234375 0.75546875 0.153125 0.4890625
3 0.740625 0.44375 0.06640625 0.09609375
3 0.68515625 0.3765625 0.05234375 0.08203125
3 0.71015625 0.3421875 0.05078125 0.0703125
1 0.03515625 0.7015625 0.0703125 0.1265625
1 0.50546875 0.33515625 0.0265625 0.0375
3 0.4453125 0.40234375 0.0296875 0.06640625
3 0.4546875 0.36328125 0.03828125 0.07421875