1 0.490625 0.54140625 0.06015625 0.1
1 0.51875 0.37734375 0.03359375 0.0421875
3 0.14375 0.709375 0.23203125 0.353125
1 0.44765625 0.68203125 0.09609375 0.14453125
3 0.11328125 0.5421875 0.2265625 0.22109375
3 0.4015625 0.36328125 0.0484375 0.08984375
1 0.4515625 0.38828125 0.03515625 0.046875
3 0.47109375 0.35703125 0.03984375 0.075
3 0.27265625 0.634375 0.0578125 0.165625
1 0.459375 0.5921875 0.07734375 0.1109375
1 0.5140625 0.409375 0.034375 0.03984375
0 0.66640625 0.346875 0.05625 0.08046875
3 0.3828125 0.5 0.07109375 0.134375
3 0.49765625 0.315625 0.03828125 0.0671875
3 0.2984375 0.46484375 0.0890625 0.15546875
1 0.43046875 0.4109375 0.03984375 0.05546875
1 0.41796875 0.46015625 0.046875 0.06328125
1 0.62734375 0.3796875 0.03203125 0.04375
3 0.23671875 0.49609375 0.03125 0.071875
3 0.4984375 0.45546875 0.0484375 0.065625
3 0.68671875 0.596875 0.07734375 0.11640625
1 0.64609375 0.44609375 0.04609375 0.0609375
3 0.3703125 0.40390625 0.06015625 0.06875
3 0.80859375 0.5609375 0.10859375 0.18359375
3 0.3328125 0.54453125 0.10703125 0.21328125
1 0.41015625 0.92734375 0.140625 0.14453125
1 0.63359375 0.31484375 0.01875 0.02734375
1 0.95390625 0.8453125 0.09140625 0.1796875
3 0.9421875 0.5765625 0.115625 0.203125
1 0.284375 0.84140625 0.16953125 0.26328125
3 0.09296875 0.8265625 0.1859375 0.346875
3 0.621875 0.28671875 0.02265625 0.04765625
3 0.6453125 0.28671875 0.01953125 0.034375