3 0.640625 0.31953125 0.0328125 0.059375
1 0.52265625 0.2828125 0.0171875 0.0265625
1 0.43671875 0.6109375 0.08984375 0.14140625
1 0.5296875 0.34296875 0.02265625 0.03046875
1 0.54609375 0.31171875 0.01484375 0.025
3 0.37109375 0.49375 0.0828125 0.146875
1 0.515625 0.39921875 0.03203125 0.05234375
1 0.24609375 0.70234375 0.121875 0.16328125
1 0.484375 0.49453125 0.05703125 0.08359375
1 0.6296875 0.3890625 0.0328125 0.0421875
3 0.44765625 0.38671875 0.046875 0.08046875
1 0.6 0.309375 0.0171875 0.021875
1 0.2875 0.51171875 0.0640625 0.075
1 0.5859375 0.26953125 0.01640625 0.0421875
1 0.553125 0.25625 0.01640625 0.0375
1 0.34765625 0.42734375 0.05546875 0.05859375
1 0.88203125 0.70390625 0.10234375 0.14453125
3 0.18984375 0.56875 0.12734375 0.20390625
3 0.0484375 0.675 0.096875 0.33046875