1 0.3578125 0.94765625 0.1578125 0.1046875
3 0.07890625 0.840625 0.15625 0.3125
1 0.3875 0.86015625 0.13984375 0.21796875
3 0.33046875 0.5484375 0.10859375 0.20859375
3 0.44765625 0.39140625 0.05703125 0.1
3 0.46640625 0.62265625 0.08203125 0.15703125
3 0.25625 0.49140625 0.0984375 0.14296875
3 0.38984375 0.3546875 0.06796875 0.11796875
1 0.51953125 0.3859375 0.03515625 0.034375
3 0.1453125 0.70546875 0.23203125 0.32421875
1 0.4421875 0.578125 0.06875 0.11875
1 0.43046875 0.42890625 0.03359375 0.0625
1 0.4078125 0.446875 0.0453125 0.06171875
3 0.14921875 0.53515625 0.1546875 0.13515625
1 0.490625 0.4828125 0.059375 0.0828125
3 0.35078125 0.41328125 0.0625 0.10625
3 0.62578125 0.27265625 0.01796875 0.028125
3 0.46875 0.35 0.0546875 0.08046875
1 0.50625 0.4390625 0.03984375 0.0609375
1 0.51171875 0.39921875 0.03046875 0.03046875
1 0.65546875 0.30703125 0.01484375 0.021875
1 0.63046875 0.378125 0.03125 0.03671875
1 0.6578125 0.4921875 0.06484375 0.075
1 0.59921875 0.3046875 0.0171875 0.03046875
3 0.86328125 0.4859375 0.096875 0.1234375
1 0.62109375 0.3 0.015625 0.021875
3 0.4921875 0.31171875 0.0390625 0.07109375
3 0.440625 0.32421875 0.03984375 0.05859375
1 0.7140625 0.70703125 0.1015625 0.12890625
3 0.27109375 0.63359375 0.0421875 0.1421875
3 0.6140625 0.27734375 0.0140625 0.02734375
3 0.90546875 0.77578125 0.1859375 0.44765625
3 0.38203125 0.50859375 0.06640625 0.13828125
1 0.42109375 0.73203125 0.10234375 0.16875
1 0.4703125 0.5171875 0.06015625 0.0609375