3 0.23828125 0.62578125 0.14453125 0.2578125
3 0.28828125 0.478125 0.09453125 0.115625
3 0.465625 0.3078125 0.03046875 0.05234375
3 0.49765625 0.27421875 0.01875 0.03203125
1 0.38515625 0.67421875 0.10078125 0.1515625
1 0.4578125 0.38203125 0.0328125 0.03671875
1 0.496875 0.421875 0.040625 0.04765625
1 0.6390625 0.415625 0.04296875 0.053125
1 0.490625 0.33046875 0.02265625 0.0296875
1 0.5375 0.315625 0.0203125 0.0203125
1 0.51953125 0.3046875 0.0171875 0.01875
3 0.5234375 0.2765625 0.02109375 0.03515625
3 0.51484375 0.36953125 0.0296875 0.05
3 0.65078125 0.33046875 0.0234375 0.03515625
1 0.59765625 0.30859375 0.0140625 0.01953125
4 0.60703125 0.34765625 0.02109375 0.0359375
0 0.6078125 0.27734375 0.021875 0.03671875