1 0.7109375 0.6046875 0.09921875 0.109375
1 0.4515625 0.6265625 0.08984375 0.14140625
1 0.7375 0.48046875 0.0515625 0.08828125
1 0.32421875 0.6015625 0.0875 0.11796875
1 0.39375 0.490625 0.0609375 0.08828125
1 0.15 0.5390625 0.08203125 0.10703125
1 0.35546875 0.43046875 0.04453125 0.0515625
1 0.48125 0.52265625 0.06484375 0.1046875
3 0.92421875 0.64921875 0.1328125 0.18984375
3 0.25625 0.47109375 0.165625 0.2015625
3 0.44296875 0.37890625 0.06953125 0.1140625
0 0.09453125 0.82265625 0.1890625 0.3546875
3 0.38359375 0.3703125 0.06015625 0.09140625