3 0.6125 0.51484375 0.07578125 0.15
1 0.6078125 0.87265625 0.14140625 0.2390625
1 0.57734375 0.73671875 0.10625 0.1609375
3 0.66796875 0.53984375 0.11484375 0.2046875
3 0.54921875 0.3859375 0.05859375 0.096875
3 0.921875 0.8375 0.15625 0.32109375
3 0.534375 0.61953125 0.0796875 0.14375
1 0.49140625 0.40390625 0.03515625 0.03203125
1 0.52890625 0.5234375 0.05390625 0.0734375
1 0.465625 0.32421875 0.0203125 0.025
1 0.59296875 0.4421875 0.04765625 0.06015625
3 0.53359375 0.3515625 0.059375 0.08671875
1 0.40234375 0.29921875 0.0140625 0.02578125
1 0.50078125 0.42421875 0.0328125 0.03046875
3 0.29609375 0.340625 0.03984375 0.06875
3 0.71796875 0.425 0.13203125 0.17421875
1 0.503125 0.46640625 0.05 0.078125
1 0.46953125 0.3484375 0.02734375 0.0375
1 0.36484375 0.390625 0.03125 0.04453125
1 0.3828125 0.35546875 0.02578125 0.0375
3 0.60546875 0.371875 0.0640625 0.0953125
3 0.3546875 0.3171875 0.02890625 0.05234375
3 0.39453125 0.26796875 0.015625 0.0265625
1 0.48125 0.375 0.03359375 0.04296875
1 0.1765625 0.93515625 0.1859375 0.12578125
3 0.20078125 0.50390625 0.1375 0.23671875
3 0.3296875 0.3046875 0.0296875 0.053125
4 0.321875 0.571875 0.0671875 0.103125
1 0.55625 0.3109375 0.0171875 0.0234375
3 0.73671875 0.5046875 0.07109375 0.1265625
3 0.3625 0.28125 0.01953125 0.02890625
1 0.396875 0.3328125 0.0203125 0.03125
3 0.8515625 0.70546875 0.23671875 0.34296875
3 0.734375 0.63984375 0.04765625 0.14375
3 0.80859375 0.50859375 0.13203125 0.115625
1 0.56953125 0.41953125 0.0375 0.05
1 0.640625 0.42890625 0.03359375 0.03984375
3 0.50625 0.30625 0.03984375 0.0796875