3 0.27421875 0.41484375 0.0953125 0.128125
1 0.62578125 0.796875 0.12890625 0.21796875
1 0.55390625 0.603125 0.0796875 0.11640625
1 0.66328125 0.58046875 0.08515625 0.10078125
3 0.77890625 0.51328125 0.16953125 0.203125
3 0.65703125 0.396875 0.09140625 0.13671875
1 0.5046875 0.44375 0.0453125 0.07109375
1 0.5625 0.42265625 0.0515625 0.0515625
1 0.38359375 0.37265625 0.03359375 0.04140625
3 0.47578125 0.359375 0.03125 0.05078125
3 0.55546875 0.3296875 0.0421875 0.0625
3 0.5078125 0.32734375 0.0375 0.065625
3 0.3640625 0.303125 0.02421875 0.03984375
1 0.33046875 0.31953125 0.025 0.03203125