3 0.771875 0.6609375 0.1765625 0.3140625
3 0.646875 0.52890625 0.103125 0.18984375
3 0.2359375 0.47109375 0.11484375 0.2
3 0.72734375 0.46875 0.090625 0.10703125
0 0.90546875 0.6703125 0.1875 0.35234375
0 0.578125 0.34375 0.05 0.09140625
3 0.53359375 0.34765625 0.03828125 0.06328125
3 0.03671875 0.56484375 0.0734375 0.25234375
4 0.64140625 0.4265625 0.04375 0.05546875
1 0.52265625 0.51171875 0.0640625 0.0859375
1 0.4875 0.43515625 0.05078125 0.0671875
1 0.565625 0.43828125 0.0453125 0.06640625
1 0.66015625 0.89375 0.140625 0.203125
3 0.5046875 0.3140625 0.02578125 0.04375
3 0.61640625 0.38828125 0.04375 0.06796875
3 0.48203125 0.37578125 0.0328125 0.04921875
1 0.65625 0.39609375 0.03984375 0.05078125
1 0.5515625 0.39296875 0.0359375 0.0515625
3 0.49375 0.30234375 0.0265625 0.04296875
3 0.53046875 0.30390625 0.0296875 0.03046875
1 0.4640625 0.328125 0.03359375 0.0359375
1 0.4578125 0.2984375 0.0203125 0.02421875