1 0.70390625 0.64453125 0.096875 0.13125
1 0.4953125 0.4125 0.040625 0.05703125
1 0.48046875 0.36484375 0.02890625 0.04296875
1 0.55625 0.34375 0.0265625 0.03515625
3 0.559375 0.4046875 0.0453125 0.0640625
1 0.753125 0.54453125 0.07890625 0.0984375
3 0.60234375 0.4640625 0.06640625 0.08984375
1 0.5265625 0.3578125 0.03046875 0.04765625
1 0.31015625 0.5453125 0.071875 0.08984375
1 0.62734375 0.81015625 0.1296875 0.1984375
3 0.85703125 0.7609375 0.2078125 0.33125
3 0.60703125 0.38984375 0.04375 0.0546875
1 0.54375 0.5703125 0.078125 0.1109375
1 0.36953125 0.403125 0.0328125 0.04296875
3 0.5875 0.34296875 0.03125 0.0375
1 0.53203125 0.31953125 0.02265625 0.02890625