1 0.06796875 0.78125 0.1359375 0.165625
1 0.5984375 0.64765625 0.08828125 0.14140625
1 0.33359375 0.5203125 0.06171875 0.06953125
1 0.7390625 0.6640625 0.103125 0.153125
1 0.36875 0.4 0.04296875 0.05859375
1 0.4796875 0.37734375 0.03046875 0.04140625
3 0.2296875 0.48828125 0.071875 0.0890625
1 0.38125 0.3515625 0.02578125 0.04140625
1 0.3953125 0.32890625 0.02109375 0.03046875
3 0.5453125 0.3796875 0.03828125 0.0578125
3 0.61796875 0.39765625 0.05390625 0.07890625
3 0.25546875 0.3703125 0.04375 0.06640625
0 0.32265625 0.3671875 0.059375 0.1046875