1 0.5640625 0.6890625 0.08125 0.14453125
1 0.540625 0.58203125 0.07734375 0.11953125
1 0.80703125 0.5671875 0.0625 0.0875
1 0.36875 0.40859375 0.03359375 0.04921875
1 0.525 0.53125 0.05625 0.1
1 0.3875 0.3484375 0.02578125 0.03046875
1 0.49921875 0.475 0.0453125 0.07734375
1 0.5796875 0.44140625 0.0296875 0.075
1 0.4046875 0.30625 0.015625 0.02265625
1 0.6671875 0.9734375 0.153125 0.053125
3 0.6921875 0.56796875 0.17890625 0.30078125
3 0.28203125 0.38984375 0.090625 0.12890625
3 0.07421875 0.78359375 0.1484375 0.325
3 0.87421875 0.8078125 0.2484375 0.384375
3 0.334375 0.34375 0.03671875 0.0515625
3 0.32734375 0.303125 0.040625 0.03984375
3 0.3640625 0.315625 0.0375 0.06484375
3 0.63671875 0.3625 0.0828125 0.0625