1 0.85625 0.88203125 0.17109375 0.2234375
1 0.5421875 0.55859375 0.07109375 0.11640625
1 0.6984375 0.95078125 0.1515625 0.0953125
1 0.6046875 0.484375 0.0578125 0.07734375
1 0.5875 0.4375 0.04296875 0.06171875
1 0.3359375 0.51328125 0.05859375 0.1
1 0.490625 0.4078125 0.0359375 0.065625
1 0.16015625 0.9765625 0.17265625 0.03828125
1 0.4875 0.36953125 0.028125 0.034375
1 0.5453125 0.32421875 0.015625 0.028125
1 0.3953125 0.334375 0.02109375 0.03203125
3 0.91796875 0.67578125 0.1640625 0.32734375
3 0.74296875 0.4734375 0.1578125 0.21171875
3 0.58359375 0.35234375 0.05859375 0.08828125
3 0.51796875 0.3375 0.0421875 0.078125
3 0.325 0.3515625 0.059375 0.090625
3 0.378125 0.29296875 0.021875 0.04296875
3 0.49140625 0.2703125 0.01953125 0.03984375
3 0.46875 0.27109375 0.01796875 0.0359375
3 0.39453125 0.26796875 0.015625 0.02890625
3 0.38125 0.26171875 0.01484375 0.01953125
1 0.490625 0.3171875 0.01796875 0.028125
4 0.465625 0.32734375 0.025 0.0375