3 0.8125 0.77109375 0.1625 0.228125
3 0.7734375 0.53046875 0.10078125 0.14921875
3 0.621875 0.3984375 0.05625 0.09453125
0 0.09921875 0.6859375 0.1984375 0.35390625
3 0.065625 0.5359375 0.13125 0.1140625
3 0.31171875 0.325 0.028125 0.04609375
3 0.35546875 0.31171875 0.03046875 0.0546875
3 0.36796875 0.29453125 0.0328125 0.0484375
3 0.48671875 0.36484375 0.053125 0.0953125
3 0.6 0.34765625 0.02890625 0.0453125
1 0.26875 0.80234375 0.11328125 0.14453125
1 0.26484375 0.4546875 0.0484375 0.0640625
1 0.34609375 0.5 0.0546875 0.06640625
1 0.3078125 0.39296875 0.03671875 0.0375
1 0.371875 0.39140625 0.03125 0.04140625
1 0.37421875 0.34609375 0.02890625 0.0328125
1 0.5859375 0.690625 0.115625 0.15078125
1 0.6828125 0.5921875 0.07890625 0.09921875
1 0.83984375 0.53125 0.0703125 0.0859375
1 0.6109375 0.5 0.05625 0.06875
1 0.5125 0.46796875 0.05234375 0.078125
1 0.57265625 0.4296875 0.03984375 0.05546875
1 0.5515625 0.39140625 0.03828125 0.04140625
1 0.70625 0.4453125 0.04609375 0.0515625
1 0.52890625 0.359375 0.03125 0.0453125
1 0.3953125 0.33515625 0.03203125 0.0328125
1 0.40234375 0.31015625 0.01640625 0.01953125
1 0.40859375 0.28984375 0.02109375 0.02265625
1 0.4546875 0.2984375 0.01484375 0.025
1 0.4640625 0.32109375 0.0265625 0.0265625