1 0.65 0.4578125 0.04765625 0.046875
0 0.621875 0.2859375 0.025 0.040625
3 0.67734375 0.340625 0.05234375 0.06640625
3 0.64296875 0.32734375 0.02734375 0.04140625
3 0.47421875 0.33984375 0.04765625 0.0703125
3 0.4359375 0.33671875 0.0328125 0.0578125
3 0.29140625 0.459375 0.11953125 0.17734375
1 0.6921875 0.590625 0.08125 0.0890625
1 0.8484375 0.6234375 0.0953125 0.10546875
1 0.603125 0.3265625 0.0234375 0.0203125
1 0.59453125 0.29609375 0.0140625 0.0171875
1 0.534375 0.32734375 0.02265625 0.02890625
1 0.5203125 0.29921875 0.015625 0.01875
1 0.5453125 0.2953125 0.0171875 0.0203125
1 0.5265625 0.27890625 0.01484375 0.01640625