3 0.92109375 0.840625 0.1546875 0.30859375
1 0.49921875 0.43203125 0.04296875 0.05
1 0.4671875 0.33046875 0.0234375 0.03671875
1 0.49609375 0.31171875 0.02734375 0.0421875
1 0.4703125 0.3546875 0.028125 0.04453125
3 0.140625 0.49453125 0.10390625 0.14296875
1 0.590625 0.446875 0.0453125 0.06796875
1 0.56640625 0.70546875 0.09921875 0.17890625
1 0.5265625 0.5953125 0.0734375 0.125
1 0.38515625 0.36171875 0.025 0.0375
3 0.33984375 0.34921875 0.0359375 0.0734375
3 0.67265625 0.41171875 0.0703125 0.09375
3 0.59296875 0.37265625 0.034375 0.06015625
1 0.63125 0.9203125 0.1625 0.14921875
3 0.915625 0.60546875 0.1625 0.16875
1 0.509375 0.4953125 0.05859375 0.08359375
1 0.57109375 0.43203125 0.03359375 0.06796875
3 0.84375 0.66328125 0.18515625 0.2890625
3 0.66328125 0.54296875 0.1109375 0.20859375
3 0.09453125 0.690625 0.13359375 0.13828125