1 0.4359375 0.6375 0.08515625 0.1265625
1 0.4859375 0.46015625 0.05078125 0.084375
1 0.465625 0.41015625 0.04140625 0.05625
3 0.39765625 0.37265625 0.06796875 0.0875
3 0.51484375 0.29453125 0.025 0.04609375
1 0.50390625 0.365625 0.028125 0.04375
1 0.2515625 0.67734375 0.10703125 0.1546875
4 0.634375 0.3984375 0.03671875 0.04765625
1 0.53828125 0.3125 0.025 0.03671875
3 0.4703125 0.29921875 0.02734375 0.05859375
1 0.703125 0.56796875 0.0703125 0.096875
0 0.61015625 0.3046875 0.0296875 0.0515625
3 0.6515625 0.30703125 0.0375 0.0640625