1 0.6453125 0.43203125 0.04453125 0.05234375
1 0.6828125 0.6171875 0.0890625 0.11953125
3 0.74609375 0.4828125 0.1390625 0.2109375
1 0.4140625 0.26484375 0.0109375 0.01953125
3 0.5515625 0.63515625 0.08984375 0.1328125
3 0.1109375 0.6125 0.12109375 0.15
1 0.39921875 0.2578125 0.0125 0.0203125
1 0.6109375 0.4984375 0.05703125 0.0875
1 0.303125 0.56796875 0.07890625 0.10078125
1 0.365625 0.3125 0.01953125 0.021875
0 0.915625 0.8390625 0.1671875 0.315625
3 0.396875 0.31328125 0.0171875 0.028125
1 0.37109375 0.27421875 0.0140625 0.021875
1 0.271875 0.459375 0.04453125 0.065625
1 0.48125 0.39140625 0.040625 0.05703125
1 0.878125 0.5609375 0.08046875 0.10078125
0 0.55546875 0.390625 0.06796875 0.10703125
1 0.40703125 0.28671875 0.0171875 0.03359375
1 0.4953125 0.43046875 0.04296875 0.05625
1 0.51015625 0.47265625 0.05078125 0.06328125
4 0.521875 0.5328125 0.06484375 0.10625
0 0.371875 0.2609375 0.01484375 0.01640625
3 0.31171875 0.325 0.03671875 0.053125