1 0.6078125 0.75078125 0.11171875 0.18359375
4 0.8640625 0.8390625 0.159375 0.23984375
1 0.32578125 0.5234375 0.0734375 0.09375
3 0.19296875 0.44296875 0.07109375 0.09765625
3 0.27265625 0.434375 0.0578125 0.0890625
3 0.74921875 0.4859375 0.14140625 0.19140625
0 0.61953125 0.4625 0.11796875 0.19453125
1 0.37109375 0.41015625 0.0375 0.053125
3 0.2984375 0.3453125 0.03515625 0.05
3 0.35 0.32734375 0.03984375 0.071875
1 0.4984375 0.43359375 0.04453125 0.0671875
0 0.478125 0.35859375 0.0578125 0.09140625
3 0.534375 0.34765625 0.0546875 0.09609375
3 0.58515625 0.33984375 0.06171875 0.08203125
1 0.3859375 0.35546875 0.03046875 0.03828125