1 0.66640625 0.9359375 0.15234375 0.128125
1 0.60234375 0.83125 0.11953125 0.203125
1 0.56875 0.6796875 0.0953125 0.1265625
4 0.53359375 0.5640625 0.06640625 0.1140625
1 0.77421875 0.4828125 0.05078125 0.04765625
1 0.3203125 0.37890625 0.02890625 0.03515625
1 0.51171875 0.49609375 0.05390625 0.08828125
1 0.2796875 0.69921875 0.1 0.1296875
3 0.81015625 0.70859375 0.29921875 0.4703125
3 0.04453125 0.87265625 0.0890625 0.25390625
3 0.040625 0.6078125 0.08125 0.2375
3 0.2734375 0.44375 0.06328125 0.08125
3 0.64375 0.4953125 0.12734375 0.17578125
3 0.65625 0.3953125 0.0859375 0.11015625
3 0.57421875 0.3984375 0.0859375 0.1296875
3 0.553125 0.30546875 0.0484375 0.04453125
3 0.334375 0.31328125 0.021875 0.034375
1 0.51328125 0.44765625 0.04609375 0.040625
1 0.39921875 0.3109375 0.0171875 0.0203125
1 0.40625 0.2921875 0.01328125 0.0171875
1 0.48984375 0.42265625 0.04296875 0.04453125
3 0.52578125 0.346875 0.0296875 0.07734375