1 0.31640625 0.49609375 0.07421875 0.09140625
3 0.275 0.35546875 0.05078125 0.084375
1 0.3640625 0.3953125 0.05078125 0.06015625
3 0.39140625 0.32890625 0.02734375 0.05546875
3 0.38203125 0.27421875 0.028125 0.05234375
1 0.48828125 0.4125 0.046875 0.065625
1 0.47578125 0.3546875 0.0375 0.0453125
1 0.52890625 0.50703125 0.0640625 0.07578125
3 0.5921875 0.4140625 0.0828125 0.15546875
0 0.559375 0.31875 0.0421875 0.0828125
3 0.5078125 0.32265625 0.03984375 0.06171875
3 0.73515625 0.48671875 0.1359375 0.14453125