3 0.27578125 0.42890625 0.09296875 0.125
3 0.2625 0.36328125 0.05 0.059375
1 0.3671875 0.40546875 0.040625 0.0484375
1 0.59765625 0.7296875 0.1203125 0.18671875
3 0.78203125 0.6921875 0.1765625 0.271875
3 0.7640625 0.48828125 0.16640625 0.20703125
3 0.634375 0.51328125 0.08203125 0.13984375
3 0.65546875 0.41953125 0.06875 0.1
1 0.53046875 0.54921875 0.065625 0.08984375
1 0.59375 0.4640625 0.05390625 0.06484375
1 0.503125 0.4390625 0.04375 0.05859375
3 0.5484375 0.3875 0.0390625 0.08359375
3 0.59609375 0.38046875 0.0484375 0.05859375
1 0.48671875 0.39921875 0.0359375 0.046875
1 0.39921875 0.31484375 0.01953125 0.02890625
1 0.4890625 0.37109375 0.03203125 0.03359375
3 0.51640625 0.340625 0.03125 0.0578125
3 0.56171875 0.3265625 0.05390625 0.05859375
1 0.4703125 0.3546875 0.0265625 0.034375