1 0.8703125 0.89453125 0.175 0.2109375
3 0.63515625 0.84296875 0.1390625 0.20625
4 0.55234375 0.63828125 0.0828125 0.14765625
3 0.3125 0.58984375 0.071875 0.115625
3 0.02265625 0.64375 0.04453125 0.12109375
3 0.82578125 0.53203125 0.20234375 0.2625
3 0.63125 0.39609375 0.05625 0.0953125
3 0.52734375 0.34453125 0.05078125 0.08984375
3 0.1921875 0.446875 0.0734375 0.11015625
3 0.2828125 0.4140625 0.05859375 0.0671875
3 0.55625 0.3171875 0.040625 0.0578125
3 0.603125 0.3359375 0.06015625 0.04609375
0 0.5765625 0.4078125 0.0875 0.128125
3 0.46796875 0.32734375 0.040625 0.078125