1 0.31171875 0.609375 0.08046875 0.1015625
1 0.528125 0.534375 0.0609375 0.0984375
1 0.6953125 0.87734375 0.1625 0.2453125
1 0.359375 0.2890625 0.01328125 0.01953125
1 0.38046875 0.3734375 0.03125 0.0375
3 0.5265625 0.34140625 0.053125 0.09296875
1 0.39609375 0.2671875 0.01171875 0.0140625
3 0.3296875 0.34921875 0.046875 0.08046875
3 0.63125 0.4015625 0.034375 0.07734375
3 0.5765625 0.31875 0.0546875 0.0609375
3 0.16015625 0.59140625 0.10390625 0.16015625
3 0.3859375 0.284375 0.01484375 0.0234375
1 0.39765625 0.31171875 0.01953125 0.025
0 0.47890625 0.3484375 0.046875 0.084375
1 0.40625 0.29296875 0.0125 0.01640625
3 0.5796875 0.4140625 0.0875 0.1578125
1 0.48359375 0.39765625 0.0390625 0.053125
1 0.390625 0.33671875 0.0234375 0.0265625
3 0.85 0.55 0.1640625 0.14765625
3 0.69453125 0.44140625 0.11171875 0.159375
0 0.8578125 0.7734375 0.28125 0.453125
4 0.69453125 0.59375 0.0875 0.13125
3 0.26875 0.3859375 0.0515625 0.06796875
3 0.2234375 0.5015625 0.07265625 0.0640625
3 0.01640625 0.671875 0.0328125 0.14765625
1 0.35625 0.4296875 0.04453125 0.0546875