1 0.30625 0.66796875 0.090625 0.10546875
3 0.54609375 0.60546875 0.08203125 0.1171875
1 0.71953125 0.4421875 0.04921875 0.053125
1 0.353125 0.45703125 0.04453125 0.06328125
1 0.65703125 0.3890625 0.0296875 0.040625
3 0.9078125 0.68125 0.184375 0.3625
3 0.8046875 0.71484375 0.29609375 0.459375
3 0.0390625 0.7359375 0.07734375 0.2140625
3 0.1203125 0.49765625 0.13125 0.159375
3 0.17734375 0.58515625 0.13359375 0.175
3 0.259375 0.46484375 0.0765625 0.0921875
3 0.3390625 0.3390625 0.028125 0.05
3 0.36875 0.29375 0.0265625 0.0515625
3 0.3 0.33359375 0.03046875 0.04765625
3 0.33515625 0.303125 0.025 0.03046875
1 0.38828125 0.3453125 0.03125 0.02890625
1 0.40078125 0.3203125 0.021875 0.02265625
1 0.40078125 0.29765625 0.01640625 0.0203125
3 0.6640625 0.446875 0.06015625 0.0828125
3 0.6109375 0.36328125 0.071875 0.10546875
3 0.55625 0.37109375 0.06796875 0.11015625
0 0.4921875 0.38828125 0.06875 0.1140625
1 0.4640625 0.32421875 0.0234375 0.02421875
1 0.50234375 0.321875 0.021875 0.02265625
3 0.490625 0.30234375 0.0265625 0.03671875