3 0.8796875 0.7 0.240625 0.26640625
3 0.378125 0.28984375 0.0265625 0.04921875
1 0.4046875 0.296875 0.0203125 0.034375
1 0.3921875 0.33671875 0.025 0.0375
4 0.35390625 0.32734375 0.02578125 0.0484375
1 0.13984375 0.50703125 0.07578125 0.0890625
1 0.325 0.54609375 0.07265625 0.109375
1 0.4640625 0.32265625 0.02734375 0.03515625
1 0.46953125 0.33984375 0.028125 0.0375
1 0.48203125 0.3640625 0.0296875 0.040625
1 0.4953125 0.40625 0.0328125 0.04765625
1 0.5046875 0.45234375 0.04140625 0.05703125
1 0.52890625 0.52109375 0.05703125 0.090625
1 0.7765625 0.48203125 0.06875 0.096875
1 0.71953125 0.43125 0.02421875 0.05390625
3 0.55625 0.30625 0.04609375 0.05234375
3 0.6015625 0.34609375 0.0515625 0.0875
3 0.68203125 0.4203125 0.06875 0.11328125
0 0.54921875 0.365625 0.06640625 0.0984375
3 0.565625 0.434375 0.04375 0.1
3 0.6265625 0.4671875 0.09453125 0.153125
3 0.70546875 0.57109375 0.12890625 0.23828125
1 0.63515625 0.8203125 0.16171875 0.2578125