1 0.653125 0.8984375 0.15390625 0.203125
1 0.5921875 0.746875 0.10859375 0.171875
1 0.55546875 0.65859375 0.0875 0.13125
1 0.53203125 0.5578125 0.0703125 0.0953125
1 0.3625 0.40078125 0.03984375 0.053125
1 0.5109375 0.50625 0.05703125 0.09140625
1 0.74453125 0.69296875 0.1140625 0.1875
1 0.953125 0.5953125 0.08828125 0.05625
3 0.9140625 0.80703125 0.171875 0.38125
3 0.7640625 0.52265625 0.0984375 0.13125
3 0.68203125 0.45625 0.07734375 0.08046875
3 0.58515625 0.415625 0.0828125 0.146875
3 0.03359375 0.71015625 0.0671875 0.1875