1 0.3296875 0.51875 0.06640625 0.08828125
1 0.67734375 0.6875 0.103125 0.16171875
3 0.18984375 0.89921875 0.18203125 0.2015625
3 0.0734375 0.53984375 0.1234375 0.15390625
0 0.20859375 0.515625 0.146875 0.2015625
3 0.20234375 0.4109375 0.1078125 0.096875
3 0.31953125 0.3625 0.0609375 0.09375
3 0.26171875 0.359375 0.05390625 0.0609375
4 0.66640625 0.9109375 0.1765625 0.178125
1 0.365625 0.41484375 0.03984375 0.05078125
1 0.49609375 0.4 0.034375 0.05546875
1 0.5328125 0.378125 0.03046875 0.04375
1 0.465625 0.32109375 0.021875 0.02265625
3 0.50390625 0.31953125 0.0265625 0.05546875