3 0.7484375 0.49375 0.1125 0.15390625
3 0.57734375 0.3578125 0.04921875 0.078125
3 0.61328125 0.36875 0.04765625 0.07734375
3 0.66171875 0.54921875 0.11875 0.1953125
3 0.5359375 0.36796875 0.04453125 0.07734375
3 0.8703125 0.77109375 0.259375 0.45390625
3 0.61328125 0.50546875 0.06796875 0.1234375
3 0.18984375 0.4375 0.084375 0.11875
3 0.30234375 0.3953125 0.0484375 0.078125
3 0.9171875 0.57421875 0.1609375 0.17734375
3 0.08671875 0.7765625 0.1734375 0.42734375
3 0.65625 0.4390625 0.0671875 0.07578125
1 0.5796875 0.4234375 0.046875 0.05703125
1 0.353125 0.47265625 0.05546875 0.06015625
1 0.55625 0.7109375 0.10546875 0.1625
1 0.7296875 0.87109375 0.1765625 0.2578125
1 0.5171875 0.56328125 0.071875 0.103125
1 0.5515625 0.6140625 0.0875 0.103125
3 0.37578125 0.3921875 0.03671875 0.05390625
0 0.36328125 0.30703125 0.0328125 0.05390625
1 0.2765625 0.45703125 0.0484375 0.0640625
1 0.38671875 0.35078125 0.028125 0.0359375