1 0.609375 0.771875 0.115625 0.16484375
1 0.5421875 0.57734375 0.078125 0.11171875
1 0.89296875 0.8703125 0.16328125 0.18828125
1 0.50390625 0.46875 0.046875 0.06640625
1 0.259375 0.67890625 0.1046875 0.134375
1 0.38203125 0.35546875 0.02734375 0.03984375
1 0.4046875 0.3 0.01640625 0.0203125
3 0.36875 0.31328125 0.0234375 0.0359375
1 0.5328125 0.390625 0.0140625 0.046875
3 0.8765625 0.6078125 0.2015625 0.19921875
3 0.5828125 0.4046875 0.09609375 0.16640625
3 0.51953125 0.34296875 0.03515625 0.0578125
3 0.3328125 0.303125 0.02578125 0.03671875
0 0.71015625 0.45234375 0.11640625 0.15390625
3 0.57734375 0.3078125 0.05234375 0.04296875
1 0.4828125 0.4 0.03671875 0.0453125
1 0.47734375 0.375 0.03671875 0.0296875
1 0.6375 0.42734375 0.03671875 0.0609375