1 0.46484375 0.328125 0.01953125 0.02734375
0 0.25859375 0.44375 0.1 0.14921875
1 0.39921875 0.3 0.0171875 0.0234375
1 0.49140625 0.39375 0.034375 0.05078125
1 0.56015625 0.5453125 0.0734375 0.10234375
1 0.3796875 0.29453125 0.0140625 0.01953125
1 0.40703125 0.2859375 0.0140625 0.025
1 0.38203125 0.334375 0.02421875 0.03125
1 0.51484375 0.45390625 0.04609375 0.07109375
1 0.37890625 0.35703125 0.0265625 0.0328125
1 0.28984375 0.63125 0.09453125 0.11796875
1 0.45 0.27890625 0.0140625 0.025
1 0.846875 0.8109375 0.13828125 0.2125
3 0.521875 0.3390625 0.03203125 0.05546875
1 0.46015625 0.26640625 0.0109375 0.01875
3 0.47734375 0.28515625 0.02109375 0.03203125
0 0.53359375 0.31015625 0.0265625 0.05625
3 0.10078125 0.5 0.1296875 0.1734375
1 0.4921875 0.2828125 0.0140625 0.021875