1 0.1359375 0.609375 0.11328125 0.1390625
1 0.32421875 0.521875 0.0765625 0.1078125
1 0.61875 0.69140625 0.09375 0.17265625
1 0.5109375 0.4859375 0.04921875 0.078125
1 0.9546875 0.75546875 0.08984375 0.153125
1 0.86796875 0.540625 0.04609375 0.08515625
4 0.6390625 0.5296875 0.0546875 0.10546875
1 0.71015625 0.95078125 0.1828125 0.09375
1 0.3640625 0.41953125 0.04296875 0.05
1 0.1828125 0.97734375 0.1640625 0.03984375
1 0.390625 0.33359375 0.028125 0.03828125
1 0.4796875 0.3875 0.0375 0.05078125
1 0.35 0.29765625 0.01484375 0.02265625
1 0.6140625 0.39453125 0.02421875 0.0578125
3 0.0421875 0.8453125 0.084375 0.28125
3 0.24453125 0.4234375 0.05625 0.08046875
3 0.5265625 0.3328125 0.04140625 0.08125
3 0.56328125 0.390625 0.0765625 0.14609375
3 0.66875 0.4125 0.10625 0.12578125
3 0.7921875 0.46953125 0.11796875 0.09609375
3 0.315625 0.36171875 0.0625 0.078125
3 0.47734375 0.34375 0.05703125 0.0703125
0 0.78828125 0.671875 0.24609375 0.38125