1 0.3875 0.85859375 0.1390625 0.22109375
1 0.421875 0.72890625 0.1109375 0.165625
3 0.07734375 0.83828125 0.1546875 0.31875
3 0.4484375 0.38359375 0.05078125 0.09140625
3 0.3828125 0.50625 0.071875 0.140625
3 0.14453125 0.7078125 0.2375 0.34921875
3 0.465625 0.6265625 0.08671875 0.15859375
1 0.43203125 0.42265625 0.0375 0.0546875
1 0.36640625 0.421875 0.03359375 0.03984375
1 0.47265625 0.5265625 0.05625 0.07421875
3 0.46875 0.35 0.05625 0.08515625
1 0.40703125 0.44296875 0.04609375 0.0578125
1 0.5015625 0.4265625 0.040625 0.04140625
1 0.51640625 0.37421875 0.0328125 0.04140625
1 0.4421875 0.5703125 0.0734375 0.10625
1 0.496875 0.4625 0.04140625 0.0625
3 0.71953125 0.35234375 0.04453125 0.07109375
3 0.20546875 0.51171875 0.13125 0.13515625
3 0.6078125 0.27109375 0.01640625 0.028125
3 0.2953125 0.41953125 0.11953125 0.16640625
1 0.62421875 0.3796875 0.034375 0.04140625
1 0.646875 0.42890625 0.0421875 0.05546875
1 0.6 0.31015625 0.01640625 0.028125
1 0.5078125 0.396875 0.0421875 0.04609375
3 0.26953125 0.6375 0.03359375 0.134375
1 0.4484375 0.309375 0.0203125 0.02890625
3 0.6546875 0.334375 0.0296875 0.05703125
1 0.59921875 0.29453125 0.0171875 0.0171875
1 0.48515625 0.48828125 0.05 0.06953125
3 0.49296875 0.31171875 0.03671875 0.07734375
3 0.63984375 0.28671875 0.015625 0.025
3 0.890625 0.62890625 0.21015625 0.36171875
1 0.53125 0.34375 0.02578125 0.03515625
1 0.60859375 0.3484375 0.0234375 0.028125
4 0.7546875 0.8296875 0.13671875 0.20078125
1 0.35703125 0.94765625 0.1484375 0.1046875
3 0.32734375 0.54296875 0.10703125 0.20078125
3 0.39453125 0.36328125 0.06875 0.0828125
3 0.67734375 0.30703125 0.0359375 0.05234375