1 0.66875 0.9234375 0.1625 0.15234375
1 0.18671875 0.9140625 0.1578125 0.171875
1 0.55 0.634375 0.0828125 0.13125
1 0.953125 0.71484375 0.09375 0.1578125
1 0.51953125 0.48671875 0.0546875 0.08515625
1 0.3546875 0.42578125 0.0421875 0.05859375
3 0.578125 0.415625 0.0875 0.1390625
3 0.61484375 0.36953125 0.04375 0.05859375
0 0.6046875 0.33046875 0.05078125 0.05703125
3 0.53203125 0.35625 0.03984375 0.06640625
3 0.3609375 0.28359375 0.0234375 0.03828125
3 0.5109375 0.31875 0.034375 0.078125
3 0.5359375 0.3015625 0.03203125 0.05546875
4 0.503125 0.43828125 0.0515625 0.0671875
1 0.4828125 0.41484375 0.0390625 0.0421875
1 0.4796875 0.38359375 0.0421875 0.0328125
1 0.47578125 0.35078125 0.025 0.02109375
1 0.40546875 0.3046875 0.01640625 0.025
3 0.8765625 0.81484375 0.2421875 0.36953125