1 0.71796875 0.94140625 0.16171875 0.1171875
1 0.89375 0.89140625 0.1734375 0.2171875
1 0.975 0.81875 0.04921875 0.175
1 0.8796875 0.653125 0.1125 0.1546875
1 0.68203125 0.59609375 0.09375 0.1296875
1 0.5859375 0.69921875 0.1 0.1578125
3 0.778125 0.509375 0.1640625 0.1875
1 0.27578125 0.6734375 0.103125 0.121875
3 0.20390625 0.41171875 0.09140625 0.1109375
1 0.2828125 0.4453125 0.05 0.06484375
1 0.5328125 0.575 0.07890625 0.103125
1 0.30703125 0.3921875 0.0421875 0.04453125
4 0.3703125 0.39375 0.034375 0.05703125
1 0.5796875 0.44609375 0.040625 0.0765625
1 0.653125 0.4296875 0.05 0.0609375
1 0.6015625 0.38125 0.0359375 0.04765625
0 0.5921875 0.32734375 0.04375 0.065625
1 0.509375 0.48515625 0.06171875 0.0703125
3 0.55703125 0.3875 0.0578125 0.10234375
1 0.3375 0.3703125 0.03515625 0.046875
1 0.3875 0.353125 0.03046875 0.03359375
1 0.33203125 0.3046875 0.02578125 0.0515625
1 0.396875 0.32265625 0.0203125 0.03203125
1 0.49375 0.4 0.04140625 0.0390625
1 0.6328125 0.3984375 0.03046875 0.05
1 0.48359375 0.37578125 0.034375 0.03046875