3 0.5484375 0.38984375 0.0546875 0.0984375
1 0.57578125 0.7359375 0.10234375 0.15625
1 0.60859375 0.87265625 0.13984375 0.2328125
3 0.7375 0.48046875 0.096875 0.14765625
3 0.5375 0.6125 0.0875 0.1453125
3 0.63828125 0.40390625 0.07109375 0.0875
1 0.5578125 0.57421875 0.0734375 0.10703125
3 0.60625 0.35234375 0.06953125 0.1015625
3 0.8203125 0.51640625 0.13828125 0.128125
3 0.62109375 0.50859375 0.071875 0.14140625
3 0.66953125 0.55 0.11875 0.2
3 0.9203125 0.84296875 0.15390625 0.30390625
1 0.49453125 0.4265625 0.03515625 0.0453125
3 0.50703125 0.309375 0.04140625 0.06640625
1 0.52890625 0.5171875 0.06875 0.06953125
1 0.59296875 0.45078125 0.0453125 0.071875
1 0.3375 0.31640625 0.01796875 0.02578125
3 0.38203125 0.28828125 0.01328125 0.028125
1 0.371875 0.31015625 0.015625 0.025
1 0.39453125 0.31796875 0.0203125 0.03515625
3 0.37109375 0.2734375 0.01875 0.0328125
3 0.53203125 0.35625 0.05546875 0.09140625
1 0.2796875 0.6890625 0.10625 0.1390625
1 0.35078125 0.43515625 0.04296875 0.0546875
1 0.50859375 0.478125 0.05625 0.0796875
1 0.57265625 0.42578125 0.0390625 0.0609375
3 0.859375 0.7078125 0.23671875 0.3390625
3 0.73671875 0.63828125 0.0640625 0.1484375
3 0.05703125 0.55546875 0.1140625 0.15859375