1 0.2421875 0.71640625 0.11484375 0.14765625
4 0.6046875 0.6890625 0.09921875 0.1640625
1 0.67109375 0.94296875 0.1515625 0.1140625
3 0.68984375 0.5546875 0.11015625 0.1984375
3 0.759375 0.52734375 0.08046875 0.1328125
1 0.2859375 0.44453125 0.0484375 0.0640625
1 0.36953125 0.40390625 0.04609375 0.05390625
1 0.52578125 0.46875 0.04921875 0.08125
1 0.56953125 0.4203125 0.0453125 0.05625
1 0.49140625 0.38828125 0.034375 0.05078125
1 0.47890625 0.34609375 0.0296875 0.04453125
1 0.3984375 0.3109375 0.02421875 0.03515625
1 0.46875 0.3078125 0.021875 0.02734375
1 0.515625 0.340625 0.021875 0.0359375
3 0.49296875 0.27421875 0.021875 0.03828125