3 0.109375 0.6171875 0.21796875 0.3296875
3 0.17109375 0.409375 0.1203125 0.1046875
3 0.303125 0.321875 0.04921875 0.07890625
3 0.95625 0.91015625 0.08671875 0.1796875
1 0.625 0.83359375 0.1359375 0.22421875
1 0.765625 0.69765625 0.1203125 0.15
1 0.30234375 0.67109375 0.096875 0.1171875
1 0.27109375 0.446875 0.05234375 0.06640625
1 0.3640625 0.39140625 0.0390625 0.0421875
1 0.5265625 0.54609375 0.07734375 0.11015625
1 0.37265625 0.33125 0.0234375 0.02734375
3 0.59453125 0.46015625 0.0640625 0.09140625
3 0.6328125 0.41796875 0.05703125 0.07734375
1 0.55703125 0.4203125 0.03828125 0.04609375
1 0.50703125 0.44453125 0.046875 0.06953125
1 0.54375 0.3734375 0.03359375 0.04296875
1 0.490625 0.4 0.0390625 0.0515625
1 0.47421875 0.35078125 0.028125 0.0390625
3 0.559375 0.33359375 0.0375 0.065625
1 0.4015625 0.3078125 0.01796875 0.02421875
1 0.51171875 0.340625 0.025 0.028125
1 0.5328125 0.31875 0.01953125 0.02890625
1 0.496875 0.30703125 0.01953125 0.025
1 0.465625 0.32890625 0.01875 0.02734375
1 0.4578125 0.29921875 0.01484375 0.0171875