1 0.38046875 0.76875 0.13203125 0.190625
1 0.496875 0.48125 0.05 0.06796875
1 0.1359375 0.6359375 0.1203125 0.159375
3 0.33125 0.52734375 0.16484375 0.2359375
3 0.4265625 0.40625 0.059375 0.10859375
3 0.471875 0.3421875 0.04765625 0.1046875
3 0.33984375 0.4 0.06640625 0.07578125
3 0.45 0.30703125 0.040625 0.065625
3 0.5015625 0.31875 0.02265625 0.0515625
3 0.8 0.540625 0.115625 0.13671875
4 0.459375 0.56484375 0.07734375 0.11875
1 0.5078125 0.425 0.04375 0.04609375
1 0.5171875 0.3953125 0.03515625 0.040625
1 0.521875 0.3671875 0.0328125 0.0265625
1 0.52890625 0.34921875 0.028125 0.03046875
1 0.60625 0.32421875 0.021875 0.025
1 0.646875 0.4515625 0.0484375 0.06015625
1 0.5984375 0.29921875 0.01640625 0.01953125
0 0.36875 0.35234375 0.06171875 0.0703125
3 0.625 0.2671875 0.015625 0.034375