3 0.178125 0.4375 0.0671875 0.09453125
1 0.24453125 0.50546875 0.0640625 0.07734375
1 0.35078125 0.4125 0.04453125 0.053125
1 0.59609375 0.74296875 0.11796875 0.17265625
1 0.5296875 0.5515625 0.065625 0.0859375
3 0.9453125 0.71171875 0.109375 0.2234375
0 0.78515625 0.51796875 0.1546875 0.2203125
3 0.62109375 0.453125 0.11484375 0.20859375
1 0.68984375 0.47421875 0.04921875 0.07265625
1 0.4921875 0.43125 0.04609375 0.06328125
3 0.5296875 0.35703125 0.04296875 0.07109375
3 0.3609375 0.27734375 0.025 0.03125
3 0.378125 0.29765625 0.02109375 0.03671875
1 0.4015625 0.31015625 0.01640625 0.02734375
1 0.5515625 0.41640625 0.028125 0.046875
3 0.590625 0.32265625 0.05703125 0.0640625