1 0.6046875 0.6859375 0.109375 0.1734375
1 0.2078125 0.58828125 0.07421875 0.11484375
1 0.0375 0.646875 0.075 0.0984375
1 0.3328125 0.50234375 0.06484375 0.075
1 0.1875 0.4546875 0.053125 0.06171875
1 0.36328125 0.43125 0.046875 0.0546875
1 0.21875 0.89921875 0.15859375 0.1921875
1 0.49609375 0.43046875 0.05078125 0.08515625
1 0.37734375 0.3734375 0.02890625 0.0359375
1 0.53203125 0.36171875 0.028125 0.03984375
1 0.55625 0.3453125 0.02421875 0.0359375
1 0.646875 0.4171875 0.0265625 0.06015625
1 0.5078125 0.3328125 0.021875 0.03203125
1 0.3875 0.3453125 0.025 0.03359375
1 0.47578125 0.37265625 0.0328125 0.0421875
1 0.9453125 0.92578125 0.109375 0.13671875
3 0.84765625 0.5796875 0.225 0.2703125
3 0.6015625 0.428125 0.0765625 0.13359375
3 0.30390625 0.39453125 0.065625 0.11796875
3 0.26171875 0.36640625 0.05234375 0.0609375