3 0.88359375 0.62265625 0.16875 0.25
3 0.66015625 0.5453125 0.1078125 0.17734375
3 0.565625 0.40390625 0.0484375 0.09375
3 0.3671875 0.31015625 0.03046875 0.0546875
3 0.52265625 0.34140625 0.0375 0.0734375
0 0.60390625 0.37109375 0.07265625 0.10390625
1 0.753125 0.54765625 0.0765625 0.09296875
1 0.225 0.5328125 0.07109375 0.078125
1 0.6921875 0.45546875 0.0640625 0.075
1 0.51875 0.43828125 0.05546875 0.06171875
1 0.853125 0.84453125 0.1703125 0.2265625
1 0.59609375 0.71328125 0.11328125 0.18046875
1 0.53046875 0.54921875 0.0703125 0.10859375
1 0.38203125 0.36171875 0.0265625 0.034375