1 0.31015625 0.40390625 0.0375 0.04453125
1 0.47890625 0.36875 0.02578125 0.03046875
0 0.6234375 0.3875 0.0765625 0.109375
3 0.534375 0.3609375 0.04453125 0.08515625
1 0.58515625 0.72890625 0.10625 0.171875
1 0.5328125 0.4828125 0.053125 0.0859375
1 0.5640625 0.4296875 0.03125 0.065625
1 0.49765625 0.4421875 0.0421875 0.06171875
1 0.84453125 0.56015625 0.096875 0.1015625
1 0.46953125 0.33125 0.02578125 0.03359375
3 0.6046875 0.44609375 0.0609375 0.1046875
1 0.62421875 0.5296875 0.0703125 0.09921875
1 0.4640625 0.41953125 0.02265625 0.0375
0 0.58125 0.35078125 0.05390625 0.0796875
3 0.80546875 0.74296875 0.1734375 0.28046875
1 0.49296875 0.40703125 0.03515625 0.04609375
3 0.7125 0.61796875 0.08671875 0.13984375