1 0.2671875 0.70703125 0.1234375 0.17265625
1 0.32890625 0.52421875 0.065625 0.09453125
1 0.50625 0.471875 0.04609375 0.09296875
1 0.3703125 0.39609375 0.04609375 0.0484375
3 0.2515625 0.4484375 0.08203125 0.13515625
3 0.58515625 0.41875 0.05703125 0.11484375
3 0.2984375 0.39140625 0.06875 0.1125
3 0.334375 0.3359375 0.0625 0.0703125
1 0.5390625 0.38203125 0.03828125 0.06328125
1 0.38515625 0.34609375 0.03203125 0.02578125
1 0.5109375 0.34140625 0.0296875 0.03359375
1 0.4640625 0.3546875 0.02421875 0.04921875