3 0.078125 0.84296875 0.1546875 0.3125
3 0.33203125 0.5484375 0.10390625 0.1953125
3 0.4515625 0.38984375 0.05703125 0.1
3 0.27265625 0.6375 0.04140625 0.146875
1 0.42265625 0.7390625 0.1078125 0.1734375
1 0.3875 0.86796875 0.1390625 0.22890625
3 0.46875 0.35234375 0.05390625 0.08828125
1 0.50703125 0.41640625 0.034375 0.03828125
1 0.48046875 0.50078125 0.0578125 0.075
1 0.43203125 0.42265625 0.034375 0.05078125
3 0.3 0.453125 0.0796875 0.1265625
3 0.49765625 0.3109375 0.040625 0.0796875
3 0.46796875 0.6125 0.08359375 0.153125
1 0.45390625 0.57109375 0.0734375 0.1234375
3 0.14296875 0.71015625 0.22734375 0.34765625
1 0.49453125 0.4578125 0.05 0.0671875
3 0.23046875 0.49765625 0.1140625 0.1421875
3 0.5046875 0.2625 0.0203125 0.0265625
3 0.409375 0.3453125 0.0578125 0.10078125
3 0.6375 0.28125 0.02421875 0.0328125
3 0.45078125 0.32265625 0.03359375 0.04765625
3 0.37578125 0.3859375 0.05703125 0.1015625
1 0.61953125 0.3546875 0.0234375 0.0328125
3 0.63359375 0.30859375 0.0171875 0.03359375
1 0.67109375 0.37421875 0.03046875 0.0421875
1 0.47578125 0.303125 0.01640625 0.02109375
1 0.62734375 0.38984375 0.0328125 0.0484375
1 0.70234375 0.3578125 0.0265625 0.04296875
3 0.615625 0.28203125 0.01796875 0.0375
3 0.59453125 0.2859375 0.0171875 0.04140625
1 0.359375 0.9484375 0.14765625 0.103125
3 0.38125 0.509375 0.06171875 0.1359375
1 0.4046875 0.44609375 0.0515625 0.0625