1 0.2203125 0.78515625 0.1375 0.171875
1 0.3375 0.496875 0.05859375 0.06875
1 0.28984375 0.43515625 0.05234375 0.065625
3 0.26015625 0.38203125 0.04609375 0.07578125
4 0.90859375 0.909375 0.1828125 0.18125
1 0.67734375 0.95625 0.1421875 0.0875
1 0.6234375 0.82734375 0.1390625 0.19921875
3 0.8453125 0.61796875 0.16015625 0.15625
3 0.64765625 0.5109375 0.1375 0.22578125
3 0.734375 0.4796875 0.096875 0.1359375
1 0.57109375 0.696875 0.11171875 0.1515625
1 0.3796875 0.37578125 0.03828125 0.046875
1 0.540625 0.5984375 0.08515625 0.1015625
1 0.51328125 0.50625 0.0640625 0.0875
3 0.58203125 0.4171875 0.0734375 0.11484375
3 0.53828125 0.35703125 0.0515625 0.11328125
3 0.59453125 0.340625 0.0484375 0.06484375
1 0.50390625 0.44609375 0.059375 0.03828125
1 0.40390625 0.30703125 0.02265625 0.028125