3 0.7125 0.46484375 0.11875 0.1796875
3 0.5265625 0.33671875 0.0421875 0.06875
3 0.56484375 0.33671875 0.03125 0.0546875
3 0.3234375 0.3359375 0.05 0.06015625
1 0.16015625 0.609375 0.08671875 0.09921875
1 0.3125 0.571875 0.07578125 0.08203125
1 0.353125 0.45234375 0.0453125 0.0484375
1 0.478125 0.36640625 0.03125 0.0359375
1 0.46640625 0.328125 0.021875 0.025
1 0.39765625 0.3296875 0.021875 0.02265625
1 0.4796875 0.29921875 0.015625 0.01796875
1 0.4078125 0.29375 0.01328125 0.021875
3 0.35625 0.3265625 0.02578125 0.034375
0 0.3796875 0.2875 0.0234375 0.04140625
1 0.45546875 0.29453125 0.01953125 0.0203125
1 0.47265625 0.27734375 0.01796875 0.0171875