3 0.24375 0.39453125 0.05625 0.078125
1 0.621875 0.84296875 0.13515625 0.19375
1 0.89609375 0.89140625 0.2046875 0.21640625
3 0.871875 0.61875 0.1421875 0.20859375
1 0.56875 0.6140625 0.084375 0.1203125
1 0.63828125 0.52890625 0.08125 0.0921875
1 0.740625 0.5328125 0.07109375 0.09609375
3 0.67109375 0.4453125 0.06328125 0.08046875
1 0.37421875 0.37421875 0.03671875 0.04453125
3 0.31875 0.32109375 0.03671875 0.046875
3 0.50390625 0.45859375 0.04921875 0.06484375
3 0.578125 0.4125 0.07734375 0.12421875
3 0.484375 0.40703125 0.034375 0.040625
3 0.53046875 0.359375 0.0375 0.0734375
1 0.48203125 0.37734375 0.034375 0.0453125
1 0.3921875 0.3203125 0.02578125 0.0328125