3 0.08203125 0.75390625 0.1640625 0.4453125
3 0.10234375 0.48046875 0.10859375 0.13359375
3 0.2140625 0.48515625 0.140625 0.2015625
3 0.228125 0.36171875 0.1015625 0.0625
3 0.31953125 0.3109375 0.04765625 0.0828125
1 0.32578125 0.38046875 0.04296875 0.05859375
1 0.36171875 0.4515625 0.0484375 0.0609375
1 0.3875 0.34609375 0.03828125 0.0453125
1 0.56875 0.67734375 0.1078125 0.15234375
1 0.5296875 0.50078125 0.06875 0.07578125
3 0.68203125 0.45390625 0.08984375 0.0828125
3 0.6453125 0.5265625 0.0859375 0.12265625
1 0.5921875 0.471875 0.05546875 0.05390625
1 0.4984375 0.43515625 0.053125 0.0640625
1 0.56484375 0.40078125 0.04375 0.059375
3 0.58203125 0.34453125 0.0484375 0.07265625
1 0.47734375 0.36875 0.03203125 0.04140625
1 0.4703125 0.34140625 0.02421875 0.0296875
1 0.521875 0.359375 0.03125 0.03671875
1 0.503125 0.31875 0.0265625 0.03515625
1 0.54765625 0.32890625 0.02734375 0.040625
1 0.384375 0.303125 0.0203125 0.03515625