3 0.3140625 0.55546875 0.1640625 0.26171875
3 0.44140625 0.40625 0.05234375 0.084375
3 0.1796875 0.58671875 0.09453125 0.12109375
3 0.4109375 0.36015625 0.03671875 0.0578125
1 0.44375 0.62109375 0.08359375 0.11953125
1 0.49375 0.49296875 0.0546875 0.08828125
1 0.67109375 0.5140625 0.05859375 0.0828125
1 0.5046875 0.425 0.04375 0.06484375
4 0.51796875 0.3765625 0.0375 0.0484375
1 0.65 0.29453125 0.02109375 0.03203125
3 0.4484375 0.32421875 0.03359375 0.05546875
1 0.5296875 0.34609375 0.028125 0.04296875
3 0.4875 0.32421875 0.04375 0.06640625
1 0.6671875 0.31796875 0.02109375 0.03984375
1 0.4125 0.475 0.05234375 0.084375
1 0.59609375 0.29296875 0.01484375 0.02890625
1 0.0734375 0.94375 0.146875 0.11171875
1 0.05078125 0.76796875 0.0984375 0.17890625