3 0.91875 0.86796875 0.16171875 0.2640625
3 0.7546875 0.64140625 0.1765625 0.30703125
3 0.76328125 0.49609375 0.1609375 0.16875
3 0.6421875 0.5265625 0.07734375 0.1375
3 0.64140625 0.39375 0.07890625 0.11953125
3 0.534375 0.3640625 0.040625 0.07578125
1 0.52109375 0.49453125 0.0578125 0.06796875
1 0.6453125 0.8765625 0.14375 0.23359375
1 0.546875 0.59921875 0.07734375 0.11328125
1 0.3453125 0.4625 0.04921875 0.0609375
1 0.27578125 0.37421875 0.03359375 0.0453125
1 0.38203125 0.36328125 0.0296875 0.0390625
1 0.49921875 0.4125 0.03984375 0.059375
1 0.4796875 0.37109375 0.0359375 0.03515625
1 0.69453125 0.41015625 0.04921875 0.0625
1 0.9734375 0.67734375 0.053125 0.1359375
0 0.5859375 0.41171875 0.084375 0.13125
3 0.57421875 0.325 0.0578125 0.0546875