1 0.6421875 0.95 0.153125 0.1
1 0.609375 0.85859375 0.13671875 0.209375
1 0.5765625 0.73359375 0.10078125 0.15234375
1 0.51796875 0.50546875 0.06015625 0.07421875
1 0.5921875 0.4453125 0.046875 0.06171875
3 0.53203125 0.61171875 0.0828125 0.15703125
1 0.503125 0.4609375 0.05234375 0.07421875
1 0.57109375 0.42890625 0.0359375 0.0625
1 0.33671875 0.36328125 0.028125 0.03828125
1 0.30546875 0.35078125 0.02578125 0.034375
1 0.3765625 0.37578125 0.02734375 0.0421875
1 0.54765625 0.56484375 0.0734375 0.1
1 0.38359375 0.34921875 0.02421875 0.034375
1 0.4921875 0.4234375 0.0375 0.05078125
3 0.771875 0.5015625 0.1265625 0.14296875
1 0.48203125 0.37265625 0.0375 0.03515625
1 0.40703125 0.2953125 0.0125 0.01875
1 0.38515625 0.2921875 0.01328125 0.01953125
3 0.921875 0.846875 0.15546875 0.30625
3 0.85625 0.70625 0.22890625 0.33515625
3 0.9703125 0.66484375 0.059375 0.1171875
3 0.7328125 0.63046875 0.05 0.14140625
3 0.70390625 0.44609375 0.07890625 0.1078125
3 0.66640625 0.54609375 0.10390625 0.2
3 0.61796875 0.5046875 0.0671875 0.12578125
3 0.62578125 0.38984375 0.05703125 0.09140625
3 0.59375 0.33984375 0.06171875 0.09453125
3 0.55234375 0.38203125 0.053125 0.08359375
3 0.53359375 0.34765625 0.059375 0.078125
3 0.36328125 0.2796875 0.02109375 0.03125
3 0.36953125 0.30703125 0.01875 0.02734375
3 0.50625 0.3109375 0.034375 0.075