1 0.23828125 0.73125 0.14296875 0.1625
1 0.41953125 0.69765625 0.10546875 0.17734375
3 0.1640625 0.57265625 0.16640625 0.19921875
0 0.3125 0.44296875 0.1078125 0.159375
1 0.471875 0.546875 0.078125 0.08828125
1 0.50078125 0.453125 0.04453125 0.07578125
3 0.428125 0.3984375 0.08125 0.14921875
4 0.37265625 0.42265625 0.0390625 0.06796875
1 0.63046875 0.38671875 0.034375 0.0484375
3 0.6796875 0.31328125 0.02890625 0.04453125
3 0.63671875 0.3203125 0.02734375 0.0421875
1 0.59921875 0.309375 0.01484375 0.02265625
1 0.5203125 0.39765625 0.03203125 0.04609375
3 0.490625 0.3390625 0.0453125 0.07890625
1 0.5265625 0.35390625 0.0265625 0.04609375