3 0.665625 0.54765625 0.10625 0.20234375
3 0.61015625 0.49765625 0.06796875 0.1359375
3 0.1515625 0.60546875 0.13671875 0.1984375
3 0.6984375 0.44765625 0.07890625 0.125
3 0.871875 0.771875 0.25625 0.45234375
3 0.87734375 0.5484375 0.2265625 0.21640625
3 0.59921875 0.36484375 0.0484375 0.090625
3 0.5296875 0.353125 0.04375 0.06796875
3 0.040625 0.615625 0.08125 0.221875
3 0.37578125 0.29140625 0.025 0.05390625
3 0.6296875 0.415625 0.059375 0.0765625
1 0.56640625 0.41171875 0.04609375 0.05703125
1 0.36796875 0.396875 0.03671875 0.04609375
1 0.34609375 0.471875 0.05234375 0.06328125
3 0.2890625 0.6765625 0.09765625 0.14765625
1 0.55 0.678125 0.0984375 0.14140625
1 0.5390625 0.5828125 0.08203125 0.096875
1 0.7125 0.83828125 0.1609375 0.25859375
1 0.51015625 0.534375 0.06796875 0.0921875
0 0.32890625 0.35546875 0.05625 0.0828125