3 0.61875 0.5046875 0.065625 0.1328125
3 0.66875 0.54140625 0.11484375 0.20390625
3 0.5375 0.63125 0.08359375 0.16484375
1 0.58046875 0.7515625 0.11328125 0.18203125
1 0.5 0.4265625 0.04296875 0.040625
1 0.49375 0.3953125 0.0421875 0.0390625
1 0.528125 0.52265625 0.0578125 0.071875
3 0.55078125 0.384375 0.0515625 0.0890625
1 0.6203125 0.896875 0.14921875 0.20546875
3 0.5328125 0.35078125 0.0546875 0.08828125
1 0.5046875 0.46328125 0.046875 0.0625
3 0.36953125 0.29296875 0.03125 0.05703125
1 0.51484375 0.4890625 0.06015625 0.075
1 0.590625 0.446875 0.04921875 0.0671875
1 0.55625 0.5734375 0.07421875 0.1140625
3 0.89140625 0.78515625 0.2171875 0.4296875
1 0.18046875 0.59609375 0.08515625 0.1125
3 0.3140625 0.3640625 0.046875 0.06953125
1 0.40390625 0.30390625 0.01953125 0.02734375
1 0.328125 0.31875 0.02109375 0.0234375
3 0.76484375 0.6734375 0.0703125 0.1640625
3 0.8125 0.478125 0.21171875 0.2109375
1 0.57265625 0.4234375 0.04140625 0.05390625
3 0.05078125 0.55390625 0.1015625 0.15390625
3 0.6421875 0.39140625 0.0859375 0.0984375
3 0.39140625 0.27421875 0.01484375 0.025
3 0.53984375 0.3 0.03046875 0.02734375
3 0.5125 0.2703125 0.025 0.02421875
3 0.50703125 0.30546875 0.03984375 0.0765625
3 0.38046875 0.25703125 0.01484375 0.02109375
1 0.48359375 0.37265625 0.034375 0.03203125