1 0.759375 0.7609375 0.17109375 0.23359375
3 0.3453125 0.89453125 0.16015625 0.20234375
3 0.52421875 0.28125 0.02109375 0.04296875
3 0.50625 0.28359375 0.02265625 0.04140625
3 0.165625 0.81640625 0.14765625 0.20234375
3 0.4390625 0.61328125 0.08828125 0.134375
3 0.62734375 0.27265625 0.01484375 0.02265625
1 0.80546875 0.45625 0.053125 0.06640625
3 0.4875 0.31796875 0.03984375 0.065625
3 0.53515625 0.2625 0.025 0.04609375
3 0.54765625 0.29375 0.0171875 0.0328125
3 0.18984375 0.59921875 0.12734375 0.1625
3 0.8375 0.32265625 0.02421875 0.03359375
3 0.32109375 0.58046875 0.115625 0.178125
3 0.58125 0.23515625 0.0140625 0.01796875
3 0.45 0.38984375 0.05546875 0.0953125
3 0.58125 0.25703125 0.01171875 0.0234375
3 0.5578125 0.2546875 0.01640625 0.03984375
3 0.5953125 0.29921875 0.0140625 0.0203125
3 0.35234375 0.43125 0.08671875 0.11015625
1 0.09765625 0.59375 0.090625 0.1078125
3 0.4125 0.3578125 0.03828125 0.078125
3 0.546875 0.23828125 0.04296875 0.0296875
3 0.525 0.24140625 0.015625 0.02578125
1 0.203125 0.503125 0.06796875 0.07109375
3 0.53828125 0.3265625 0.028125 0.05546875
3 0.55 0.34140625 0.02265625 0.0640625
3 0.4453125 0.3078125 0.03828125 0.03828125
3 0.03515625 0.7828125 0.06875 0.225
3 0.4859375 0.48828125 0.0625 0.12265625
3 0.58125 0.2921875 0.015625 0.05078125
3 0.62421875 0.23046875 0.01875 0.028125
3 0.621875 0.26796875 0.0109375 0.01953125
3 0.5234375 0.3671875 0.034375 0.05
3 0.634375 0.28671875 0.0140625 0.0203125
3 0.7171875 0.41640625 0.0609375 0.10078125
3 0.4390625 0.3296875 0.02421875 0.0359375
3 0.67578125 0.28359375 0.0140625 0.0203125
3 0.41796875 0.33046875 0.028125 0.02890625
3 0.49140625 0.43515625 0.05546875 0.053125
3 0.59296875 0.2453125 0.0125 0.01796875
3 0.4859375 0.35625 0.0140625 0.0515625
3 0.59765625 0.39921875 0.02890625 0.0484375
3 0.50625 0.4109375 0.0375 0.0421875
3 0.60078125 0.7015625 0.03828125 0.03984375
3 0.603125 0.2078125 0.01171875 0.0109375
3 0.3125 0.4078125 0.0125 0.0203125
3 0.53515625 0.4296875 0.03125 0.0640625
3 0.684375 0.278125 0.028125 0.0234375
3 0.57734375 0.73203125 0.02578125 0.04453125
3 0.5265625 0.35078125 0.025 0.0265625
3 0.5125 0.375 0.0171875 0.028125
3 0.8515625 0.24296875 0.02734375 0.015625
3 0.5921875 0.22890625 0.015625 0.02421875
3 0.9265625 0.2578125 0.0390625 0.0171875
3 0.6125 0.28984375 0.009375 0.01796875
3 0.59296875 0.26640625 0.01484375 0.0234375
3 0.559375 0.7609375 0.1109375 0.14921875
3 0.3421875 0.40859375 0.05703125 0.046875
3 0.646875 0.22890625 0.01875 0.025
3 0.478125 0.2890625 0.03828125 0.034375
3 0.6015625 0.23828125 0.025 0.01484375
3 0.01484375 0.9546875 0.0296875 0.08984375
3 0.01015625 0.81875 0.0203125 0.14140625
3 0.57890625 0.22109375 0.02578125 0.01640625
3 0.79609375 0.24921875 0.01171875 0.0328125
3 0.46953125 0.240625 0.03515625 0.0234375
3 0.47109375 0.35859375 0.01015625 0.0171875
3 0.5375 0.5171875 0.034375 0.1796875
3 0.59609375 0.25390625 0.02734375 0.028125
3 0.73515625 0.2390625 0.03046875 0.0171875
3 0.55546875 0.19609375 0.015625 0.02265625
3 0.565625 0.54375 0.04375 0.0984375
3 0.49375 0.203125 0.0109375 0.0328125
3 0.52109375 0.2203125 0.053125 0.01796875
3 0.43515625 0.46171875 0.028125 0.06015625
3 0.71796875 0.503125 0.05234375 0.09140625
3 0.6015625 0.21953125 0.0234375 0.01328125
3 0.66484375 0.20625 0.0140625 0.02734375