1 0.80390625 0.9078125 0.1671875 0.184375
1 0.29921875 0.90703125 0.16015625 0.17578125
1 0.428125 0.6796875 0.09375 0.15703125
1 0.15 0.8515625 0.15703125 0.23046875
1 0.04375 0.8 0.08515625 0.178125
1 0.74765625 0.49140625 0.05859375 0.078125
1 0.4921875 0.4765625 0.05234375 0.07265625
1 0.47265625 0.56484375 0.07578125 0.11328125
1 0.02578125 0.66015625 0.05 0.1125
1 0.1453125 0.65 0.1125 0.1421875
1 0.36015625 0.41796875 0.06015625 0.06328125
1 0.425 0.43515625 0.0453125 0.065625
1 0.63671875 0.41171875 0.0359375 0.05703125
1 0.33671875 0.58046875 0.08984375 0.14296875
1 0.7046875 0.4234375 0.04375 0.06484375
1 0.5015625 0.44296875 0.04453125 0.06015625
1 0.40703125 0.37265625 0.03203125 0.04375
1 0.378125 0.390625 0.03671875 0.0484375
3 0.825 0.43359375 0.1125 0.14765625
3 0.24296875 0.47890625 0.1515625 0.1640625
3 0.40703125 0.31875 0.0421875 0.0765625
3 0.4515625 0.3859375 0.0484375 0.096875