1 0.88125 0.66484375 0.11015625 0.134375
1 0.70703125 0.6390625 0.10234375 0.10234375
1 0.65546875 0.49140625 0.0546875 0.07734375
3 0.30078125 0.459375 0.1171875 0.19765625
3 0.6859375 0.3484375 0.0515625 0.07890625
1 0.525 0.3609375 0.028125 0.0375
3 0.4765625 0.33671875 0.04140625 0.07890625
3 0.43828125 0.33984375 0.0265625 0.05078125
1 0.53515625 0.328125 0.02421875 0.02890625
1 0.60234375 0.33515625 0.0296875 0.0328125
1 0.64453125 0.33359375 0.02734375 0.03671875
3 0.62421875 0.2875 0.0203125 0.04609375
1 0.5953125 0.296875 0.01953125 0.01796875
1 0.5296875 0.27578125 0.01640625 0.02109375
1 0.52734375 0.29296875 0.0203125 0.02421875