1 0.6453125 0.88984375 0.159375 0.2203125
1 0.63984375 0.5515625 0.07421875 0.09921875
1 0.53359375 0.5765625 0.0796875 0.11171875
1 0.6390625 0.425 0.04296875 0.05
1 0.19140625 0.5890625 0.078125 0.1015625
1 0.353125 0.33046875 0.021875 0.0234375
1 0.5953125 0.475 0.0546875 0.0796875
1 0.51328125 0.50390625 0.0578125 0.08671875
1 0.38984375 0.3296875 0.02265625 0.02890625
1 0.48984375 0.4234375 0.04296875 0.05234375
1 0.128125 0.978125 0.1859375 0.03671875
1 0.5046875 0.44921875 0.046875 0.04609375
3 0.60859375 0.35703125 0.06328125 0.11171875
3 0.5578125 0.38203125 0.0640625 0.11328125
3 0.72890625 0.4578125 0.14375 0.18828125
0 0.86171875 0.778125 0.2765625 0.44375
3 0.284375 0.35 0.0578125 0.07578125