1 0.72421875 0.71171875 0.11484375 0.16484375
1 0.38671875 0.86484375 0.1390625 0.2296875
1 0.4203125 0.70859375 0.1046875 0.1453125
1 0.64921875 0.4703125 0.04765625 0.065625
1 0.465625 0.578125 0.0734375 0.12109375
1 0.48359375 0.5046875 0.06171875 0.0890625
3 0.78203125 0.546875 0.0875 0.1390625
1 0.18515625 0.51875 0.0609375 0.0625
1 0.65546875 0.3484375 0.0234375 0.03359375
3 0.6546875 0.30546875 0.01640625 0.028125
1 0.62421875 0.3046875 0.015625 0.02109375
1 0.5125 0.42890625 0.04375 0.0703125
1 0.315625 0.9640625 0.15078125 0.0671875
3 0.6859375 0.38671875 0.0375 0.06796875
1 0.48515625 0.45859375 0.0484375 0.05546875
1 0.6046875 0.309375 0.01875 0.02734375
3 0.1578125 0.7484375 0.315625 0.46953125
3 0.321875 0.5328125 0.1515625 0.23125
3 0.30625 0.421875 0.1171875 0.1375
3 0.86875 0.46484375 0.13515625 0.15390625
3 0.40703125 0.421875 0.10625 0.1625
3 0.47421875 0.3546875 0.059375 0.06953125
3 0.4390625 0.31484375 0.05625 0.0453125