1 0.2453125 0.80078125 0.13125 0.16484375
3 0.76328125 0.61171875 0.23125 0.3421875
0 0.20703125 0.4078125 0.103125 0.11953125
0 0.61171875 0.45625 0.109375 0.18828125
3 0.65703125 0.3875 0.08984375 0.109375
3 0.6671875 0.896875 0.178125 0.20546875
3 0.5984375 0.3515625 0.04765625 0.0390625
3 0.58828125 0.32734375 0.05234375 0.03515625
3 0.54296875 0.3609375 0.07109375 0.08828125
3 0.51484375 0.3234375 0.0515625 0.07421875
3 0.55078125 0.30234375 0.03203125 0.0375
3 0.5328125 0.55703125 0.07734375 0.08984375
1 0.5640625 0.65703125 0.09921875 0.1390625
1 0.8515625 0.59140625 0.034375 0.0890625
1 0.946875 0.7421875 0.10625 0.16640625
1 0.5171875 0.4984375 0.065625 0.07734375
1 0.54921875 0.42734375 0.02265625 0.05546875
1 0.36328125 0.428125 0.04375 0.053125
1 0.478125 0.38359375 0.04140625 0.03515625
1 0.48671875 0.3953125 0.0296875 0.0234375
1 0.49296875 0.41171875 0.04375 0.03515625
1 0.5453125 0.403125 0.03046875 0.03984375
1 0.3546875 0.32734375 0.02109375 0.0234375