3 0.17109375 0.46484375 0.084375 0.10703125
3 0.259375 0.45234375 0.05703125 0.103125
4 0.821875 0.778125 0.13984375 0.2109375
1 0.5828125 0.69453125 0.0984375 0.16640625
1 0.3078125 0.57578125 0.0890625 0.09296875
1 0.3640625 0.43046875 0.0484375 0.0609375
1 0.4921875 0.42890625 0.0484375 0.0703125
1 0.38125 0.36328125 0.02890625 0.0328125
3 0.9421875 0.678125 0.115625 0.26875
3 0.7390625 0.47734375 0.13984375 0.19140625
0 0.61015625 0.4546875 0.11640625 0.190625
3 0.29375 0.3546875 0.03515625 0.06015625
3 0.346875 0.32421875 0.04140625 0.0578125
0 0.4796875 0.34375 0.05859375 0.08359375
3 0.5359375 0.346875 0.0484375 0.08515625
3 0.5875 0.3328125 0.05625 0.07265625
1 0.3921875 0.334375 0.025 0.02734375