3 0.890625 0.6359375 0.14140625 0.1921875
3 0.1703125 0.57890625 0.10625 0.175
3 0.6375 0.39375 0.07890625 0.134375
3 0.721875 0.51171875 0.07265625 0.10546875
3 0.30546875 0.40703125 0.0609375 0.08984375
3 0.2234375 0.4078125 0.0734375 0.103125
3 0.56953125 0.396875 0.07421875 0.1296875
3 0.50859375 0.43125 0.0875 0.1390625
3 0.3625 0.315625 0.03125 0.0484375
3 0.490625 0.3015625 0.0296875 0.0453125
1 0.30703125 0.59140625 0.08125 0.0984375
1 0.03515625 0.64765625 0.0703125 0.09609375
1 0.36875 0.425 0.040625 0.05078125
1 0.3828125 0.365625 0.0296875 0.0390625
1 0.75703125 0.4734375 0.05234375 0.0640625
3 0.246875 0.4578125 0.07734375 0.09609375
3 0.665625 0.9640625 0.1828125 0.07109375