1 0.1640625 0.95625 0.17109375 0.08671875
1 0.64921875 0.95234375 0.1421875 0.0953125
1 0.80859375 0.58671875 0.09453125 0.11875
1 0.546875 0.56328125 0.06875 0.10546875
1 0.646875 0.5265625 0.07109375 0.08359375
1 0.57890625 0.43828125 0.05234375 0.0671875
1 0.5078125 0.4734375 0.04609375 0.06953125
1 0.34765625 0.3625 0.0328125 0.03671875
1 0.48046875 0.36015625 0.0328125 0.0390625
1 0.5265625 0.3609375 0.03046875 0.03984375
3 0.5359375 0.31171875 0.0328125 0.05703125
1 0.4015625 0.32109375 0.02265625 0.03046875
1 0.32734375 0.32734375 0.0234375 0.028125