1 0.284375 0.73515625 0.1078125 0.128125
1 0.11015625 0.55 0.07578125 0.0796875
1 0.521875 0.51953125 0.06015625 0.09140625
1 0.03046875 0.66875 0.0609375 0.11171875
1 0.58359375 0.453125 0.04453125 0.06171875
1 0.36484375 0.42421875 0.04296875 0.06015625
1 0.46640625 0.32109375 0.02421875 0.03984375
3 0.49375 0.4390625 0.04375 0.0765625
3 0.878125 0.78671875 0.24375 0.4265625
3 0.92421875 0.58984375 0.1515625 0.12578125
3 0.71953125 0.6109375 0.1484375 0.2828125
3 0.675 0.44375 0.0578125 0.06796875
3 0.61171875 0.3734375 0.06796875 0.10234375
3 0.540625 0.3703125 0.03671875 0.0578125
3 0.53984375 0.3375 0.0453125 0.0453125
3 0.509375 0.31171875 0.040625 0.06953125
3 0.2203125 0.42578125 0.05625 0.078125
3 0.24921875 0.38203125 0.046875 0.0671875
3 0.309375 0.38046875 0.059375 0.08359375
3 0.3390625 0.33515625 0.04296875 0.0578125
3 0.371875 0.32109375 0.02109375 0.0296875
1 0.3828125 0.37421875 0.0328125 0.03671875
1 0.390625 0.34296875 0.02578125 0.02578125
3 0.4734375 0.28203125 0.02421875 0.03046875