1 0.31875 0.390625 0.03359375 0.04921875
1 0.28984375 0.36640625 0.02890625 0.04140625
1 0.575 0.7375 0.103125 0.16171875
1 0.53828125 0.525 0.05703125 0.0359375
1 0.490625 0.42265625 0.0328125 0.04609375
1 0.64375 0.9484375 0.15703125 0.0984375
1 0.47734375 0.2765625 0.0171875 0.0328125
1 0.36953125 0.40703125 0.0328125 0.05546875
1 0.4125 0.2515625 0.015625 0.028125
1 0.46484375 0.32890625 0.0234375 0.034375
1 0.39765625 0.25859375 0.0140625 0.02109375
1 0.50234375 0.328125 0.021875 0.0453125
1 0.4046875 0.30078125 0.01328125 0.01796875
1 0.59140625 0.45 0.05 0.07265625
3 0.7625 0.49375 0.10703125 0.14375
1 0.39921875 0.4125 0.028125 0.04453125
1 0.45390625 0.29921875 0.01640625 0.034375
1 0.47421875 0.359375 0.0296875 0.03203125
1 0.45 0.35546875 0.02109375 0.04453125
3 0.66796875 0.54921875 0.0984375 0.1734375
3 0.8515625 0.640625 0.2234375 0.184375
3 0.91796875 0.8203125 0.1640625 0.359375
1 0.60390625 0.83984375 0.13203125 0.1875
1 0.53046875 0.6 0.0859375 0.13515625