1 0.39609375 0.30625 0.01796875 0.02109375
0 0.22578125 0.48671875 0.1265625 0.184375
1 0.37265625 0.36953125 0.0296875 0.03515625
1 0.37734375 0.29765625 0.015625 0.01875
1 0.53828125 0.49609375 0.0609375 0.0921875
1 0.3796875 0.3390625 0.025 0.02734375
1 0.33359375 0.36171875 0.02578125 0.0328125
1 0.73984375 0.6765625 0.09921875 0.1796875
1 0.4640625 0.321875 0.01796875 0.02734375
1 0.40625 0.2890625 0.0125 0.01796875
1 0.50703125 0.42421875 0.03984375 0.06171875
1 0.396875 0.26171875 0.0125 0.01953125
1 0.48515625 0.37734375 0.02890625 0.0453125
1 0.234375 0.79453125 0.13984375 0.159375
1 0.44921875 0.27734375 0.01328125 0.02421875
0 0.5296875 0.303125 0.02421875 0.05703125
3 0.0671875 0.53828125 0.13359375 0.1984375
3 0.51171875 0.33203125 0.02265625 0.05234375