1 0.465625 0.31640625 0.0203125 0.03203125
1 0.453125 0.29921875 0.015625 0.03046875
1 0.41171875 0.28359375 0.01328125 0.0359375
1 0.33203125 0.528125 0.06171875 0.0875
3 0.10859375 0.63828125 0.16015625 0.24453125
1 0.22578125 0.43046875 0.046875 0.04609375
3 0.71796875 0.46953125 0.11484375 0.18359375
3 0.4671875 0.24375 0.0109375 0.021875
1 0.47734375 0.3578125 0.03046875 0.0484375
1 0.16328125 0.48828125 0.05859375 0.06328125
3 0.34765625 0.3296875 0.034375 0.0578125
3 0.2375 0.4953125 0.0671875 0.10703125
1 0.61015625 0.828125 0.1203125 0.1828125
1 0.253125 0.4015625 0.03671875 0.04375
1 0.4484375 0.253125 0.01640625 0.0359375
3 0.43828125 0.2484375 0.0171875 0.03125
1 0.4 0.31171875 0.01796875 0.02734375
1 0.3921875 0.3328125 0.025 0.0390625
1 0.37890625 0.40234375 0.034375 0.04765625
1 0.42265625 0.27578125 0.01875 0.04140625
3 0.53125 0.3390625 0.04765625 0.09765625
1 0.92578125 0.68359375 0.11875 0.16953125
1 0.7390625 0.71328125 0.10234375 0.16640625
1 0.3015625 0.34765625 0.034375 0.04921875
3 0.23515625 0.8546875 0.1609375 0.2390625
3 0.59453125 0.428125 0.0796875 0.15703125