1 0.48125 0.4390625 0.05 0.071875
1 0.50234375 0.3984375 0.0359375 0.0453125
1 0.6375 0.3953125 0.03359375 0.040625
1 0.3375 0.56015625 0.0734375 0.1296875
1 0.6265625 0.353125 0.028125 0.02890625
1 0.684375 0.38984375 0.03359375 0.0390625
1 0.496875 0.3296875 0.02265625 0.03125
1 0.6078125 0.315625 0.01875 0.021875
1 0.521875 0.3640625 0.02734375 0.0421875
1 0.3234375 0.878125 0.14609375 0.22734375
1 0.496875 0.30390625 0.01953125 0.0234375
1 0.628125 0.30390625 0.01484375 0.01953125
1 0.1484375 0.8328125 0.16171875 0.2546875
1 0.53828125 0.31484375 0.01796875 0.0234375
0 0.83984375 0.57890625 0.20078125 0.2921875