1 0.23515625 0.75625 0.146875 0.1953125
1 0.521875 0.5421875 0.06171875 0.10078125
1 0.940625 0.69609375 0.11796875 0.1515625
1 0.5953125 0.74375 0.10859375 0.1765625
1 0.821875 0.57734375 0.08125 0.10859375
1 0.9125 0.91484375 0.171875 0.16484375
1 0.50703125 0.45234375 0.0515625 0.0765625
3 0.73125 0.63359375 0.1546875 0.27734375
1 0.490625 0.4140625 0.040625 0.0578125
1 0.47734375 0.37109375 0.034375 0.04296875
1 0.6921875 0.9703125 0.13984375 0.0578125
3 0.50546875 0.31796875 0.046875 0.078125
1 0.40546875 0.30390625 0.01484375 0.0234375
3 0.56171875 0.3921875 0.071875 0.115625
1 0.39609375 0.3234375 0.01953125 0.03828125