3 0.07421875 0.665625 0.14296875 0.2015625
3 0.79609375 0.5359375 0.0875 0.14921875
1 0.53046875 0.33203125 0.02109375 0.028125
1 0.675 0.540625 0.06875 0.08359375
1 0.54375 0.31328125 0.01953125 0.0265625
1 0.48828125 0.3359375 0.02578125 0.0359375
3 0.35703125 0.3984375 0.08515625 0.1375
3 0.2765625 0.51953125 0.09453125 0.12578125
1 0.93125 0.58984375 0.084375 0.08203125
1 0.484375 0.30703125 0.02109375 0.02734375
1 0.2140625 0.49609375 0.04921875 0.065625
1 0.6140625 0.35546875 0.025 0.0328125
1 0.6265625 0.40625 0.0359375 0.0453125
0 0.484375 0.44921875 0.08984375 0.1640625
3 0.684375 0.39765625 0.053125 0.08515625
3 0.7625 0.3890625 0.0734375 0.0859375
3 0.425 0.40390625 0.0796875 0.13828125
3 0.7359375 0.43359375 0.0625 0.08203125