3 0.0828125 0.70625 0.165625 0.42890625
3 0.38828125 0.38125 0.05703125 0.078125
3 0.43984375 0.3828125 0.08125 0.09765625
3 0.6484375 0.31484375 0.03828125 0.05546875
1 0.4921875 0.45546875 0.05390625 0.0703125
1 0.71171875 0.4328125 0.04453125 0.0578125
1 0.628125 0.39921875 0.04609375 0.04609375
1 0.521875 0.37109375 0.0328125 0.03828125
1 0.61484375 0.35703125 0.028125 0.02890625
1 0.53671875 0.31796875 0.02109375 0.0328125
1 0.5953125 0.303125 0.02109375 0.0234375
1 0.5109375 0.3046875 0.0203125 0.03046875