1 0.44765625 0.53828125 0.0671875 0.1171875
3 0.3515625 0.509375 0.08046875 0.1453125
1 0.40546875 0.46484375 0.04296875 0.0765625
0 0.4046875 0.36640625 0.059375 0.096875
1 0.52734375 0.34609375 0.02578125 0.034375
1 0.48828125 0.4796875 0.046875 0.07109375
1 0.66328125 0.3625 0.02734375 0.0453125
1 0.3078125 0.63125 0.1015625 0.13671875
0 0.346875 0.41953125 0.09609375 0.14609375
3 0.45390625 0.37109375 0.046875 0.08359375
1 0.2859375 0.4328125 0.04453125 0.053125
1 0.5140625 0.3890625 0.03046875 0.0359375
1 0.503125 0.43046875 0.0421875 0.04921875
1 0.4234375 0.42734375 0.05 0.05078125
1 0.81328125 0.88125 0.1546875 0.2046875
3 0.15078125 0.81796875 0.1609375 0.24921875