1 0.44765625 0.57734375 0.07890625 0.11875
1 0.46171875 0.37265625 0.03125 0.04765625
1 0.4921875 0.4328125 0.046875 0.0734375
1 0.634375 0.3828125 0.03671875 0.04140625
1 0.4265625 0.41796875 0.04453125 0.0625
1 0.6546875 0.3390625 0.021875 0.0234375
1 0.68828125 0.49921875 0.06640625 0.075
1 0.51484375 0.3453125 0.028125 0.034375
1 0.76640625 0.7578125 0.1203125 0.13828125
0 0.49375 0.28359375 0.025 0.0421875
1 0.546875 0.29296875 0.0140625 0.01953125
1 0.95078125 0.875 0.0984375 0.18359375
1 0.5390625 0.31796875 0.0140625 0.0265625
1 0.52890625 0.3265625 0.02109375 0.02890625
1 0.1375 0.85546875 0.16484375 0.225
1 0.60703125 0.3265625 0.01875 0.01953125