1 0.18515625 0.89296875 0.1515625 0.20625
1 0.6765625 0.6515625 0.103125 0.15234375
1 0.328125 0.49453125 0.0625 0.08359375
3 0.24296875 0.3984375 0.05625 0.08828125
3 0.68359375 0.43515625 0.1078125 0.125
3 0.5640625 0.37734375 0.0640625 0.12265625
1 0.49453125 0.40546875 0.04140625 0.0703125
1 0.378125 0.37734375 0.0375 0.04375
1 0.4703125 0.36015625 0.02890625 0.03671875
1 0.38203125 0.34296875 0.0234375 0.02109375
1 0.465625 0.32890625 0.02265625 0.02734375
3 0.5 0.30703125 0.0296875 0.0640625
1 0.39609375 0.31328125 0.025 0.028125
3 0.378125 0.27734375 0.0265625 0.04921875