3 0.0671875 0.73515625 0.134375 0.17890625
3 0.8015625 0.6375 0.18828125 0.22578125
1 0.25234375 0.77578125 0.16328125 0.1703125
1 0.5234375 0.4953125 0.075 0.0765625
1 0.35 0.47421875 0.0515625 0.06484375
1 0.31796875 0.42265625 0.04140625 0.05546875
1 0.38046875 0.3765625 0.03125 0.03828125
3 0.53828125 0.36484375 0.05234375 0.09140625
3 0.62421875 0.47421875 0.0796875 0.146875
1 0.396875 0.32890625 0.0234375 0.0390625
3 0.303125 0.33359375 0.0296875 0.05234375
1 0.32578125 0.3078125 0.025 0.04140625
3 0.31640625 0.378125 0.0328125 0.04453125
4 0.37734375 0.28046875 0.021875 0.0328125
0 0.3546875 0.31484375 0.04375 0.06328125