1 0.5609375 0.6515625 0.11484375 0.18125
3 0.48984375 0.29921875 0.028125 0.04140625
1 0.625 0.51484375 0.06484375 0.09296875
3 0.403125 0.303125 0.0140625 0.01953125
3 0.47421875 0.27890625 0.0140625 0.02578125
3 0.69296875 0.4609375 0.07890625 0.13515625
3 0.42109375 0.23515625 0.01640625 0.02109375
3 0.375 0.275 0.01171875 0.01484375
3 0.6109375 0.4078125 0.04140625 0.06484375
3 0.5046875 0.296875 0.021875 0.034375
1 0.26875 0.68984375 0.09765625 0.11953125
3 0.52421875 0.34921875 0.03828125 0.059375
3 0.83984375 0.5734375 0.221875 0.3046875
3 0.4546875 0.30234375 0.0140625 0.02421875
1 0.51640625 0.47578125 0.05546875 0.08125
3 0.52578125 0.3078125 0.03046875 0.040625
3 0.56796875 0.41640625 0.04921875 0.09140625
3 0.69609375 0.60546875 0.11953125 0.20234375
3 0.45 0.24765625 0.0203125 0.0359375
1 0.49296875 0.42265625 0.0390625 0.0578125
3 0.41796875 0.27421875 0.01640625 0.0296875
3 0.55625 0.33046875 0.0328125 0.05625
3 0.4203125 0.25390625 0.015625 0.03203125
3 0.4625 0.30703125 0.01796875 0.02578125
3 0.503125 0.3125 0.03671875 0.0546875
1 0.64140625 0.38046875 0.03359375 0.04296875
3 0.55 0.3109375 0.03125 0.0328125
1 0.69609375 0.946875 0.1703125 0.09609375
1 0.49609375 0.38671875 0.03359375 0.05
3 0.5765625 0.340625 0.0421875 0.0515625
3 0.4671875 0.43125 0.03125 0.05625
3 0.409375 0.28515625 0.01640625 0.0328125
3 0.465625 0.4046875 0.028125 0.0421875
3 0.31953125 0.378125 0.0546875 0.1015625
3 0.4046875 0.25 0.01015625 0.01640625
3 0.46796875 0.2484375 0.02421875 0.03984375
3 0.5359375 0.38359375 0.0328125 0.04921875
3 0.3828125 0.35390625 0.02734375 0.0328125
3 0.49609375 0.27109375 0.01875 0.01875
3 0.296875 0.34375 0.0234375 0.0296875
3 0.15546875 0.32890625 0.01640625 0.025
3 0.60234375 0.38515625 0.034375 0.0484375
1 0.475 0.3703125 0.025 0.03828125
3 0.38515625 0.234375 0.009375 0.025
3 0.346875 0.34140625 0.00703125 0.01640625
3 0.63671875 0.44140625 0.040625 0.05625
3 0.39296875 0.43515625 0.03046875 0.05234375
3 0.4640625 0.32421875 0.01875 0.02734375
3 0.3859375 0.25 0.01015625 0.01796875
3 0.575 0.31640625 0.0375 0.0265625
3 0.90546875 0.86328125 0.1796875 0.271875
3 0.16484375 0.32734375 0.0140625 0.03046875
3 0.39375 0.25234375 0.0078125 0.01328125
3 0.32265625 0.28671875 0.01796875 0.021875
3 0.403125 0.54375 0.01171875 0.03984375
3 0.40546875 0.42421875 0.02421875 0.03125
3 0.4046875 0.2234375 0.0140625 0.01796875
3 0.46328125 0.3578125 0.0140625 0.03125
3 0.51171875 0.36875 0.01484375 0.03359375
3 0.66328125 0.40078125 0.028125 0.0375
3 0.215625 0.26484375 0.00859375 0.01640625
3 0.4484375 0.3328125 0.0171875 0.05
3 0.07734375 0.259375 0.03125 0.015625
3 0.39375 0.27890625 0.0125 0.02265625
3 0.4234375 0.7296875 0.02890625 0.053125
3 0.53828125 0.446875 0.0171875 0.0453125
3 0.3 0.40234375 0.0203125 0.0375
3 0.5921875 0.39296875 0.0109375 0.03046875
3 0.63203125 0.36953125 0.021875 0.0234375
3 0.45546875 0.21171875 0.04765625 0.01640625
3 0.26484375 0.24453125 0.0359375 0.025
3 0.303125 0.315625 0.0296875 0.02109375
3 0.5375 0.2609375 0.040625 0.06875
3 0.2046875 0.2515625 0.01171875 0.0359375
3 0.5578125 0.24609375 0.0328125 0.0890625
3 0.4390625 0.7046875 0.09296875 0.0859375
3 0.44453125 0.76171875 0.10078125 0.13203125
3 0.65703125 0.503125 0.0109375 0.01640625