1 0.70078125 0.7296875 0.11328125 0.1640625
1 0.334375 0.4953125 0.06171875 0.08046875
1 0.49921875 0.40625 0.0390625 0.05234375
1 0.53515625 0.3828125 0.03515625 0.05078125
3 0.5484375 0.3328125 0.02734375 0.0421875
3 0.50703125 0.32109375 0.03359375 0.0578125
3 0.48984375 0.2984375 0.02578125 0.03984375
1 0.46640625 0.325 0.021875 0.0234375
4 0.36796875 0.40859375 0.03984375 0.053125
1 0.39375 0.32734375 0.0234375 0.02734375
1 0.4015625 0.31015625 0.01875 0.02109375
0 0.221875 0.49375 0.13359375 0.19375
3 0.09296875 0.51328125 0.10625 0.140625
3 0.2234375 0.81171875 0.15234375 0.20703125
3 0.2734375 0.36015625 0.0546875 0.06875
3 0.2109375 0.4 0.1015625 0.09453125
3 0.321875 0.35625 0.0640625 0.08203125
3 0.35625 0.3125 0.02890625 0.04453125
3 0.36953125 0.3 0.03046875 0.04375