3 0.5703125 0.3484375 0.04921875 0.0703125
3 0.8578125 0.71796875 0.23203125 0.3609375
1 0.55546875 0.6984375 0.09765625 0.153125
1 0.5125 0.55 0.0609375 0.1
1 0.48203125 0.38515625 0.034375 0.04140625
1 0.22265625 0.54140625 0.0734375 0.08828125
3 0.53515625 0.365625 0.0421875 0.0828125
1 0.31328125 0.609375 0.07890625 0.11484375
3 0.91171875 0.8265625 0.1765625 0.346875
3 0.60625 0.36953125 0.053125 0.090625
3 0.72734375 0.4765625 0.1 0.15078125
3 0.64609375 0.4265625 0.0640625 0.07578125
1 0.5484375 0.60546875 0.0796875 0.10859375
3 0.62265625 0.51171875 0.0734375 0.14140625
1 0.47734375 0.3703125 0.03046875 0.03046875
1 0.3875 0.34375 0.02421875 0.03671875
1 0.4921875 0.4265625 0.040625 0.04921875
3 0.2734375 0.43671875 0.0625 0.1046875
1 0.57421875 0.42734375 0.0453125 0.07421875
1 0.553125 0.3984375 0.03125 0.05234375
1 0.72421875 0.8703125 0.16953125 0.259375
3 0.66328125 0.546875 0.10703125 0.1953125
1 0.58046875 0.48671875 0.0203125 0.06171875
1 0.590625 0.928125 0.14140625 0.14140625
3 0.140625 0.47578125 0.12265625 0.140625
3 0.503125 0.31640625 0.03984375 0.06328125
1 0.37734375 0.378125 0.03125 0.0421875
3 0.50703125 0.475 0.053125 0.06953125
3 0.359375 0.4421875 0.04609375 0.07265625
0 0.35390625 0.31953125 0.04453125 0.0671875
3 0.38203125 0.28046875 0.0203125 0.03671875
3 0.36640625 0.275 0.015625 0.02265625
3 0.4015625 0.259375 0.01328125 0.025
3 0.7328125 0.628125 0.05703125 0.14609375
3 0.90078125 0.5546875 0.1984375 0.2046875