3 0.21171875 0.67734375 0.16171875 0.26171875
1 0.3578125 0.5359375 0.07578125 0.10078125
1 0.45546875 0.58828125 0.075 0.1203125
3 0.72109375 0.34296875 0.0546875 0.0875
3 0.64140625 0.37890625 0.02890625 0.034375
3 0.87578125 0.63046875 0.103125 0.13359375
3 0.40078125 0.38203125 0.040625 0.065625
1 0.52109375 0.3734375 0.028125 0.0421875
3 0.4359375 0.41328125 0.046875 0.071875
3 0.93828125 0.55234375 0.12265625 0.2375
1 0.478125 0.34765625 0.02734375 0.034375
1 0.6765625 0.51328125 0.0640625 0.078125
1 0.50546875 0.40234375 0.034375 0.05
1 0.465625 0.38515625 0.03046875 0.04453125
1 0.53125 0.3328125 0.02265625 0.03125
1 0.49765625 0.46484375 0.05625 0.06953125
3 0.45546875 0.31328125 0.03359375 0.0546875
1 0.47734375 0.30703125 0.02109375 0.0265625