1 0.490625 0.36171875 0.03125 0.03828125
3 0.7328125 0.4796875 0.0953125 0.14453125
3 0.9125 0.56953125 0.17109375 0.1875
1 0.478125 0.375 0.02578125 0.040625
1 0.2546875 0.49765625 0.05703125 0.0875
3 0.6125 0.51015625 0.0703125 0.1359375
1 0.51171875 0.55703125 0.0609375 0.1015625
1 0.5578125 0.70625 0.1 0.15703125
3 0.8578125 0.70859375 0.23046875 0.32890625
1 0.55 0.6125 0.08203125 0.11171875
3 0.53515625 0.36484375 0.04375 0.08046875
1 0.38359375 0.3625 0.02890625 0.03984375
3 0.40234375 0.25859375 0.01484375 0.0265625
1 0.4953125 0.43203125 0.04453125 0.05234375
1 0.575 0.43125 0.0484375 0.071875
1 0.4703125 0.3515625 0.025 0.03828125
3 0.65078125 0.425 0.0609375 0.05703125
3 0.2890625 0.41484375 0.0546875 0.09375
1 0.725 0.87265625 0.16640625 0.253125
3 0.50703125 0.48515625 0.05546875 0.09453125
1 0.39140625 0.33359375 0.021875 0.03046875
3 0.16796875 0.45703125 0.1015625 0.128125
1 0.484375 0.390625 0.0375 0.04140625
3 0.36796875 0.4125 0.03828125 0.06171875
1 0.3375 0.52578125 0.06328125 0.08046875
3 0.60859375 0.36953125 0.05546875 0.08984375
3 0.50390625 0.3171875 0.0375 0.06796875
3 0.66640625 0.5453125 0.11328125 0.190625
1 0.55546875 0.40078125 0.03203125 0.05
1 0.5890625 0.93125 0.140625 0.1375
0 0.359375 0.3125 0.04140625 0.0640625
3 0.384375 0.27734375 0.01953125 0.03671875
3 0.36875 0.271875 0.0140625 0.0234375
1 0.79375 0.49140625 0.03828125 0.0734375
3 0.7265625 0.63046875 0.05625 0.146875