3 0.246875 0.484375 0.1421875 0.1703125
3 0.24296875 0.37890625 0.071875 0.0796875
1 0.35625 0.4421875 0.0546875 0.0625
1 0.52265625 0.51796875 0.06171875 0.07578125
1 0.57109375 0.65703125 0.10703125 0.15859375
3 0.7296875 0.625 0.153125 0.2328125
3 0.73828125 0.46640625 0.15546875 0.17890625
3 0.54921875 0.3796875 0.02890625 0.07890625
3 0.64765625 0.3890625 0.0640625 0.059375
3 0.97265625 0.7125 0.05078125 0.2703125
3 0.6171875 0.48671875 0.071875 0.11640625
1 0.49921875 0.42578125 0.053125 0.0625
1 0.39609375 0.31875 0.03125 0.03671875
1 0.57734375 0.4453125 0.04453125 0.06328125
1 0.48515625 0.38515625 0.02890625 0.0328125
1 0.4875 0.3609375 0.03046875 0.03828125