3 0.2609375 0.45234375 0.06171875 0.07890625
3 0.29609375 0.38125 0.04375 0.0828125
3 0.3265625 0.3109375 0.034375 0.053125
3 0.74609375 0.59375 0.19375 0.3203125
3 0.625 0.39609375 0.0515625 0.084375
3 0.5171875 0.325 0.08046875 0.12890625
1 0.33828125 0.36171875 0.0265625 0.046875
1 0.3640625 0.321875 0.02265625 0.03359375
1 0.61171875 0.81015625 0.13828125 0.22890625
1 0.57109375 0.67734375 0.078125 0.12734375
1 0.54140625 0.61796875 0.08046875 0.10546875
1 0.53125 0.54609375 0.06875 0.0765625
1 0.6265625 0.51328125 0.05625 0.08515625
1 0.5078125 0.49375 0.05390625 0.08125
1 0.8875 0.57734375 0.0828125 0.10546875
1 0.5046875 0.4375 0.05703125 0.04765625