1 0.20859375 0.87265625 0.13984375 0.17734375
1 0.325 0.5375 0.07421875 0.090625
1 0.36015625 0.43828125 0.04453125 0.05546875
3 0.38046875 0.3515625 0.02578125 0.04140625
3 0.30546875 0.3765625 0.04921875 0.0671875
3 0.19296875 0.4140625 0.078125 0.1
3 0.29453125 0.33125 0.05078125 0.059375
3 0.34921875 0.29296875 0.021875 0.034375
3 0.38359375 0.28125 0.0203125 0.03515625
3 0.5515625 0.3859375 0.04921875 0.0890625
3 0.59765625 0.36484375 0.0671875 0.08046875
3 0.68984375 0.4078125 0.10546875 0.1515625
3 0.62421875 0.509375 0.06953125 0.13828125
3 0.66875 0.5421875 0.11015625 0.20078125
3 0.75390625 0.5 0.10234375 0.1609375
3 0.7484375 0.634375 0.07421875 0.11875
3 0.871875 0.7671875 0.25625 0.465625
3 0.5390625 0.628125 0.08515625 0.16875
1 0.57578125 0.73203125 0.115625 0.16484375
1 0.6109375 0.8640625 0.1484375 0.22109375
1 0.640625 0.94765625 0.1625 0.1046875
1 0.57109375 0.425 0.04296875 0.0625