1 0.14609375 0.89140625 0.14296875 0.1765625
1 0.30234375 0.603125 0.08125 0.09375
3 0.9171875 0.875 0.165625 0.246875
3 0.87578125 0.553125 0.24765625 0.3140625
3 0.69140625 0.57109375 0.12265625 0.22421875
3 0.21015625 0.4140625 0.0609375 0.096875
3 0.53671875 0.65 0.0859375 0.16640625
3 0.62578125 0.50625 0.0734375 0.125
3 0.6578125 0.40390625 0.0890625 0.0953125
1 0.5765625 0.59765625 0.08046875 0.11953125
1 0.315625 0.4046875 0.04140625 0.05234375
1 0.34296875 0.34765625 0.028125 0.04765625
1 0.53125 0.52578125 0.0625 0.075
1 0.51796875 0.4859375 0.05546875 0.06875
1 0.59296875 0.44765625 0.040625 0.05
1 0.57421875 0.42421875 0.03828125 0.0546875
3 0.55234375 0.38671875 0.05390625 0.08671875
3 0.3546875 0.29921875 0.0296875 0.034375