1 0.21953125 0.89921875 0.16015625 0.1765625
4 0.2015625 0.62421875 0.12265625 0.16796875
3 0.91953125 0.84765625 0.1609375 0.3
3 0.85859375 0.7109375 0.22265625 0.3515625
1 0.6421875 0.94609375 0.1515625 0.10703125
1 0.60625 0.84921875 0.12890625 0.19375
3 0.66796875 0.5453125 0.10390625 0.21171875
3 0.78125 0.50078125 0.11171875 0.125
1 0.315625 0.47265625 0.05703125 0.059375
3 0.26640625 0.36953125 0.0484375 0.0703125
3 0.31015625 0.3890625 0.071875 0.09609375
1 0.37109375 0.4265625 0.04453125 0.046875
1 0.578125 0.7140625 0.1015625 0.1375
3 0.53671875 0.62421875 0.08359375 0.1484375
3 0.66796875 0.43359375 0.07265625 0.10546875
3 0.62421875 0.503125 0.06875 0.1296875
1 0.5546875 0.58515625 0.065625 0.121875
3 0.62734375 0.3671875 0.07265625 0.1046875
1 0.36796875 0.34921875 0.0296875 0.0421875