1 0.609375 0.86953125 0.14453125 0.2359375
1 0.57734375 0.7390625 0.1078125 0.165625
1 0.52890625 0.5234375 0.0578125 0.07421875
1 0.5734375 0.428125 0.04453125 0.06328125
1 0.553125 0.58359375 0.06640625 0.121875
1 0.5921875 0.4453125 0.05 0.0640625
1 0.51484375 0.49375 0.0546875 0.0796875
1 0.3953125 0.3359375 0.02578125 0.0390625
3 0.85859375 0.734375 0.234375 0.3953125
1 0.26484375 0.3984375 0.0375 0.03828125
3 0.53515625 0.63046875 0.08125 0.1640625
1 0.503125 0.46328125 0.04375 0.0625
1 0.28203125 0.3625 0.0296875 0.0328125
3 0.1796875 0.5578125 0.1546875 0.1875
3 0.35390625 0.3125 0.0390625 0.06875
3 0.95859375 0.88828125 0.08203125 0.2234375
3 0.734375 0.64140625 0.0328125 0.14296875
3 0.934375 0.6546875 0.13046875 0.2640625
3 0.7875 0.47109375 0.18828125 0.20703125
3 0.66953125 0.54140625 0.109375 0.2046875
3 0.61953125 0.50859375 0.06484375 0.1390625
3 0.63203125 0.38046875 0.0765625 0.090625
3 0.5515625 0.38515625 0.053125 0.090625
3 0.53515625 0.3546875 0.0546875 0.090625
3 0.5046875 0.3109375 0.03515625 0.07421875
1 0.50078125 0.42734375 0.04609375 0.03125
1 0.49453125 0.39609375 0.03984375 0.03671875
1 0.48125 0.37421875 0.03515625 0.0296875