0 0.41640625 0.43046875 0.08828125 0.159375
3 0.3515625 0.375 0.08828125 0.0828125
3 0.340625 0.51875 0.13828125 0.26875
1 0.525 0.36484375 0.02890625 0.0296875
0 0.4671875 0.35546875 0.06484375 0.09375
1 0.51640625 0.41015625 0.04921875 0.078125
1 0.53046875 0.34921875 0.02734375 0.034375
3 0.4875 0.49765625 0.0578125 0.08125
1 0.6453125 0.3328125 0.0234375 0.0296875
3 0.45078125 0.5875 0.09140625 0.1515625
1 0.4203125 0.75546875 0.10625 0.1796875
3 0.16640625 0.73671875 0.2453125 0.38671875
1 0.61015625 0.32890625 0.0234375 0.0265625
1 0.86640625 0.6421875 0.0984375 0.11875
1 0.73203125 0.62734375 0.08828125 0.09296875
1 0.36875 0.865625 0.140625 0.2234375
3 0.49140625 0.453125 0.046875 0.05390625
1 0.69921875 0.34765625 0.0265625 0.02421875
1 0.04609375 0.71875 0.05390625 0.134375
1 0.6140625 0.35625 0.02578125 0.03984375