3 0.9140625 0.69453125 0.17109375 0.25078125
3 0.6546875 0.415625 0.06328125 0.11953125
3 0.26015625 0.4328125 0.09609375 0.178125
3 0.18046875 0.44921875 0.065625 0.08671875
3 0.1078125 0.5078125 0.0875 0.11953125
3 0.34375 0.29140625 0.0296875 0.05078125
3 0.31015625 0.3796875 0.06328125 0.15
3 0.0234375 0.62109375 0.046875 0.175
3 0.93984375 0.92265625 0.1203125 0.1375
1 0.640625 0.8703125 0.1546875 0.22109375
1 0.55 0.6171875 0.0796875 0.13984375
1 0.6453125 0.52734375 0.06953125 0.10234375
1 0.365625 0.43984375 0.0453125 0.065625
1 0.5984375 0.46015625 0.04375 0.06640625
3 0.25859375 0.3359375 0.03828125 0.0296875
1 0.7625 0.76796875 0.121875 0.14921875
1 0.49765625 0.425 0.04140625 0.0578125
1 0.5828125 0.3671875 0.034375 0.04375
1 0.5578125 0.34609375 0.02578125 0.03046875
1 0.484375 0.296875 0.021875 0.03046875
1 0.4890625 0.37890625 0.03984375 0.0484375
1 0.3953125 0.3265625 0.034375 0.0453125
1 0.51953125 0.4515625 0.00078125 0.00234375