3 0.54296875 0.38125 0.05 0.07265625
1 0.50234375 0.4609375 0.04921875 0.0765625
1 0.55625 0.63046875 0.0796875 0.11484375
1 0.67109375 0.915625 0.1765625 0.159375
0 0.87578125 0.60703125 0.221875 0.27890625
3 0.67265625 0.51953125 0.16015625 0.303125
1 0.4890625 0.41171875 0.0359375 0.0390625
1 0.30859375 0.40859375 0.0390625 0.05546875
1 0.059375 0.79296875 0.11640625 0.17734375
1 0.5734375 0.4421875 0.03671875 0.0734375
3 0.2625 0.371875 0.0375 0.05625
3 0.60546875 0.35078125 0.06328125 0.1015625