1 0.81328125 0.7984375 0.13515625 0.20234375
1 0.58671875 0.69765625 0.096875 0.165625
3 0.63515625 0.50234375 0.10078125 0.115625
3 0.571875 0.42578125 0.06171875 0.08671875
3 0.634375 0.41015625 0.0625 0.065625
3 0.609375 0.35859375 0.0453125 0.0453125
1 0.56953125 0.359375 0.02890625 0.0359375
1 0.484375 0.38359375 0.0359375 0.04375
1 0.5 0.4390625 0.04921875 0.06015625
1 0.35 0.4375 0.05625 0.06796875
3 0.3484375 0.33671875 0.034375 0.0390625
1 0.38828125 0.35703125 0.034375 0.03359375
3 0.32421875 0.31875 0.02578125 0.03671875
1 0.4015625 0.3046875 0.02109375 0.025
3 0.5375 0.32578125 0.0328125 0.034375
1 0.84140625 0.61484375 0.09609375 0.12734375
3 0.95390625 0.88828125 0.0890625 0.22265625
3 0.49921875 0.31171875 0.028125 0.05546875
3 0.39296875 0.26171875 0.01875 0.0328125