1 0.4984375 0.28203125 0.0171875 0.02890625
1 0.51640625 0.33984375 0.02421875 0.0359375
1 0.446875 0.25078125 0.0140625 0.02890625
1 0.3640625 0.321875 0.01875 0.03046875
3 0.4390625 0.23828125 0.01015625 0.01875
1 0.571875 0.35859375 0.03203125 0.040625
3 0.23125 0.46328125 0.1140625 0.19609375
1 0.403125 0.30390625 0.01640625 0.02421875
1 0.4796875 0.3703125 0.02734375 0.0359375
1 0.5328125 0.55625 0.06484375 0.1140625
1 0.48203125 0.29453125 0.01953125 0.03046875
1 0.6171875 0.4875 0.0609375 0.0828125
1 0.45625 0.29375 0.0171875 0.02578125
3 0.42265625 0.2328125 0.01796875 0.021875
3 0.63125 0.39609375 0.0625 0.10390625
3 0.3390625 0.29453125 0.03046875 0.0546875
1 0.4921875 0.4046875 0.0375 0.04921875
3 0.46875 0.26875 0.01796875 0.034375
3 0.1390625 0.48671875 0.08046875 0.10078125
1 0.409375 0.265625 0.01484375 0.02890625
3 0.2953125 0.3828125 0.0671875 0.140625
1 0.39296875 0.34296875 0.0234375 0.0328125
1 0.3453125 0.49921875 0.05625 0.08125
3 0.475 0.23828125 0.01640625 0.0203125
3 0.4828125 0.2703125 0.01640625 0.02890625
1 0.465625 0.32578125 0.02109375 0.0375
3 0.54765625 0.39296875 0.03203125 0.04453125
3 0.425 0.31328125 0.01875 0.03203125
1 0.58125 0.42890625 0.04140625 0.065625
3 0.046875 0.58125 0.08984375 0.1421875
3 0.87890625 0.859375 0.221875 0.278125
1 0.54921875 0.33828125 0.02265625 0.028125
1 0.540625 0.30546875 0.0171875 0.0234375
1 0.7 0.66015625 0.09375 0.1140625
3 0.38671875 0.2421875 0.0171875 0.021875
3 0.83125 0.61484375 0.125 0.1828125
1 0.6 0.7234375 0.11875 0.165625