1 0.14140625 0.6640625 0.10625 0.12109375
4 0.0859375 0.54453125 0.0828125 0.08984375
4 0.16796875 0.471875 0.0609375 0.07578125
1 0.25234375 0.4875 0.0640625 0.08046875
1 0.2984375 0.6546875 0.09140625 0.1265625
1 0.3359375 0.51328125 0.06015625 0.08125
1 0.54296875 0.58203125 0.07265625 0.11875
1 0.64140625 0.79140625 0.12578125 0.19453125
3 0.73671875 0.6421875 0.13671875 0.26484375
1 0.8546875 0.64296875 0.0984375 0.12421875
1 0.828125 0.55 0.0765625 0.07734375
1 0.63203125 0.50546875 0.06171875 0.0875
1 0.70546875 0.4390625 0.0515625 0.0453125
1 0.49921875 0.446875 0.04296875 0.07265625
1 0.56796875 0.4171875 0.03671875 0.065625
3 0.64609375 0.41484375 0.05 0.0765625
3 0.61015625 0.38046875 0.0390625 0.0734375
3 0.31015625 0.36484375 0.059375 0.096875
3 0.271875 0.3578125 0.053125 0.084375
1 0.36640625 0.4125 0.040625 0.0546875
1 0.3765625 0.37421875 0.03046875 0.034375
1 0.390625 0.3390625 0.02265625 0.02734375
1 0.49140625 0.396875 0.04296875 0.03515625
1 0.471875 0.35390625 0.0265625 0.03515625
1 0.58125 0.33828125 0.021875 0.02734375
1 0.5640625 0.32109375 0.0171875 0.025
3 0.5046875 0.31953125 0.03671875 0.06015625