0 0.37421875 0.46015625 0.1125 0.16640625
3 0.32421875 0.41953125 0.08828125 0.1265625
1 0.48671875 0.4484375 0.04609375 0.071875
3 0.45078125 0.3875 0.053125 0.08828125
1 0.5109375 0.3984375 0.0375 0.05546875
3 0.40546875 0.34375 0.0671875 0.07421875
3 0.109375 0.6015625 0.21875 0.23671875
1 0.440625 0.61015625 0.0828125 0.115625
4 0.68515625 0.5515625 0.07109375 0.10078125
3 0.2625 0.66875 0.12734375 0.21640625
1 0.6859375 0.3328125 0.02265625 0.0296875
1 0.62578125 0.365625 0.02890625 0.03828125
0 0.4765625 0.3078125 0.02734375 0.04453125
1 0.60546875 0.32265625 0.0203125 0.02890625
1 0.3703125 0.87421875 0.14609375 0.1984375