1 0.44609375 0.2609375 0.01875 0.04921875
1 0.27265625 0.45703125 0.04921875 0.06875
3 0.4484375 0.23984375 0.015625 0.02265625
1 0.48515625 0.3703125 0.02734375 0.0359375
3 0.421875 0.23359375 0.01484375 0.01953125
1 0.3890625 0.334375 0.02421875 0.03203125
1 0.35703125 0.44453125 0.04453125 0.06015625
1 0.19765625 0.47265625 0.05625 0.059375
1 0.48359375 0.2953125 0.01484375 0.02109375
1 0.396875 0.26953125 0.01171875 0.01875
1 0.50234375 0.44921875 0.04453125 0.06875
1 0.55 0.58125 0.078125 0.11796875
1 0.4671875 0.3484375 0.02421875 0.03515625
1 0.384375 0.259375 0.01171875 0.01640625
1 0.46796875 0.27734375 0.0125 0.021875
3 0.46171875 0.2640625 0.0125 0.01953125
1 0.40390625 0.3078125 0.0171875 0.02421875
3 0.49609375 0.2796875 0.0203125 0.025
3 0.571875 0.42890625 0.03984375 0.06328125
1 0.49140625 0.4078125 0.03515625 0.04921875
1 0.35546875 0.2921875 0.0140625 0.021875
1 0.4125 0.2765625 0.01640625 0.03359375
1 0.45234375 0.309375 0.0171875 0.034375
1 0.50078125 0.3265625 0.0140625 0.02890625
1 0.61875 0.40703125 0.040625 0.04921875
1 0.51328125 0.29921875 0.0203125 0.02578125
1 0.56484375 0.3609375 0.03125 0.0421875
1 0.68671875 0.4546875 0.05 0.06484375
3 0.4765625 0.25703125 0.01328125 0.021875
3 0.4234375 0.26953125 0.0125 0.025
1 0.5953125 0.46640625 0.05078125 0.08359375
3 0.52109375 0.3421875 0.03203125 0.053125
3 0.3703125 0.30625 0.0203125 0.0359375
3 0.8015625 0.7484375 0.16796875 0.2296875
3 0.46484375 0.3234375 0.0203125 0.0328125
3 0.63984375 0.52421875 0.09140625 0.13359375
3 0.74140625 0.528125 0.0859375 0.103125