3 0.64375 0.5015625 0.09765625 0.16484375
0 0.53515625 0.353125 0.04765625 0.07890625
3 0.5859375 0.42109375 0.06640625 0.11484375
3 0.79375 0.57890625 0.1921875 0.1796875
3 0.36484375 0.303125 0.02421875 0.04140625
1 0.74609375 0.77890625 0.13359375 0.1984375
1 0.56015625 0.60546875 0.08125 0.109375
1 0.50625 0.465625 0.05234375 0.0765625
1 0.6890625 0.4125 0.0453125 0.05390625
1 0.37109375 0.39296875 0.03515625 0.04609375
4 0.3328125 0.35390625 0.03828125 0.05703125
1 0.39375 0.32421875 0.02421875 0.02734375
1 0.49375 0.415625 0.0453125 0.040625
3 0.63984375 0.38671875 0.08359375 0.10859375
3 0.58125 0.33359375 0.053125 0.0546875