1 0.6453125 0.8859375 0.14921875 0.228125
1 0.57265625 0.6484375 0.09453125 0.1578125
1 0.528125 0.50546875 0.059375 0.090625
1 0.33359375 0.4765625 0.0546875 0.06953125
1 0.2171875 0.51484375 0.065625 0.07734375
1 0.50234375 0.43125 0.04609375 0.06640625
1 0.3671875 0.39296875 0.0390625 0.04765625
3 0.334375 0.35859375 0.0265625 0.04140625
1 0.475 0.35703125 0.0265625 0.0359375
3 0.5015625 0.3265625 0.02578125 0.0390625
3 0.84453125 0.81328125 0.3109375 0.36171875
1 0.36953125 0.28203125 0.01171875 0.0140625
3 0.56484375 0.3671875 0.0703125 0.08828125
3 0.5359375 0.31171875 0.03671875 0.0609375
3 0.49140625 0.2765625 0.0203125 0.028125
3 0.46953125 0.275 0.01796875 0.034375
3 0.38359375 0.2609375 0.0125 0.02265625