1 0.40625 0.2953125 0.0171875 0.025
1 0.503125 0.46171875 0.05234375 0.0734375
1 0.33046875 0.36484375 0.02734375 0.0375
1 0.36875 0.38828125 0.0375 0.04609375
1 0.52265625 0.5171875 0.0609375 0.0828125
1 0.478125 0.36953125 0.034375 0.03203125
3 0.2734375 0.421875 0.059375 0.06796875
1 0.66640625 0.44921875 0.05078125 0.0578125
3 0.5609375 0.3171875 0.034375 0.0515625
1 0.65625 0.56875 0.0796875 0.1078125
1 0.69609375 0.41953125 0.03359375 0.05234375
1 0.48515625 0.40234375 0.04453125 0.0484375
3 0.30234375 0.62265625 0.0890625 0.1265625
4 0.54609375 0.6296875 0.08203125 0.1546875
1 0.409375 0.278125 0.0140625 0.01640625
3 0.340625 0.2953125 0.0296875 0.04140625
3 0.625 0.8125 0.140625 0.196875
3 0.63359375 0.40078125 0.053125 0.09140625
3 0.81640625 0.52890625 0.1953125 0.25703125
1 0.84296875 0.86875 0.16171875 0.23828125
1 0.1640625 0.9578125 0.171875 0.084375
3 0.17734375 0.46015625 0.0828125 0.10859375
0 0.571875 0.40078125 0.084375 0.12265625
0 0.465625 0.32734375 0.04453125 0.07421875
3 0.52734375 0.3453125 0.053125 0.08984375
3 0.51015625 0.31875 0.04609375 0.071875
3 0.6 0.34140625 0.05859375 0.0515625
1 0.38046875 0.29140625 0.01640625 0.0203125