1 0.090625 0.65625 0.09765625 0.11875
1 0.16328125 0.4890625 0.059375 0.07109375
1 0.6078125 0.87109375 0.13671875 0.2375
1 0.57734375 0.72734375 0.10390625 0.153125
1 0.5359375 0.6453125 0.0765625 0.11484375
1 0.36796875 0.41171875 0.04140625 0.05390625
1 0.528125 0.521875 0.05859375 0.07265625
1 0.59453125 0.4453125 0.04765625 0.065625
1 0.38984375 0.328125 0.02109375 0.0296875
1 0.57109375 0.42578125 0.0375 0.059375
1 0.653125 0.96328125 0.1546875 0.0703125
1 0.39921875 0.3109375 0.01953125 0.02578125
1 0.5515625 0.58203125 0.06875 0.115625
1 0.5046875 0.46328125 0.040625 0.065625
3 0.31171875 0.359375 0.0671875 0.1
3 0.74609375 0.4328125 0.1390625 0.13984375
3 0.6171875 0.371875 0.06640625 0.08984375
3 0.553125 0.37421875 0.05625 0.0671875
3 0.66875 0.54765625 0.10546875 0.18984375
3 0.61640625 0.4890625 0.06875 0.115625
3 0.8421875 0.703125 0.25625 0.36328125
3 0.9203125 0.84453125 0.15703125 0.31015625