1 0.4328125 0.2484375 0.0265625 0.03828125
1 0.52265625 0.51171875 0.06171875 0.0953125
1 0.50078125 0.44609375 0.0421875 0.0609375
1 0.45859375 0.30625 0.02109375 0.03828125
1 0.58671875 0.68671875 0.09375 0.16953125
1 0.4078125 0.2921875 0.01640625 0.03125
1 0.41796875 0.253125 0.0171875 0.03515625
1 0.4640625 0.334375 0.02421875 0.0328125
1 0.47890625 0.259375 0.0140625 0.0234375
1 0.4734375 0.3640625 0.0296875 0.0421875
1 0.4 0.2625 0.0109375 0.02265625
1 0.3734375 0.36953125 0.0296875 0.04375
1 0.39375 0.32734375 0.0234375 0.03203125
1 0.48515625 0.28984375 0.02734375 0.04140625
1 0.48359375 0.390625 0.034375 0.053125
1 0.5234375 0.29921875 0.02578125 0.034375
3 0.62265625 0.490625 0.0765625 0.13984375
1 0.49921875 0.328125 0.0171875 0.03203125
3 0.66796875 0.403125 0.1109375 0.1671875
1 0.5046875 0.2921875 0.02578125 0.03984375
1 0.54765625 0.30390625 0.02421875 0.028125
3 0.86640625 0.5546875 0.19921875 0.19609375
0 0.8703125 0.7875 0.259375 0.425