4 0.22578125 0.7296875 0.1265625 0.18671875
0 0.4578125 0.37265625 0.06875 0.10703125
1 0.1984375 0.58359375 0.08984375 0.109375
1 0.40625 0.753125 0.1140625 0.17421875
3 0.340625 0.50546875 0.1390625 0.24140625
1 0.2390625 0.53671875 0.0703125 0.09453125
3 0.43828125 0.61015625 0.0953125 0.1484375
3 0.3453125 0.37734375 0.08671875 0.0828125
1 0.47265625 0.55546875 0.0609375 0.10078125
1 0.07734375 0.6921875 0.13125 0.15390625
4 0.66875 0.50625 0.05859375 0.0859375
1 0.603125 0.32265625 0.01953125 0.03046875
0 0.41640625 0.43828125 0.09296875 0.17265625
1 0.63515625 0.4078125 0.0375 0.04296875
1 0.64375 0.32265625 0.01875 0.02421875
1 0.67890625 0.37265625 0.03125 0.03515625
1 0.62421875 0.29765625 0.01484375 0.01875
3 0.8234375 0.57421875 0.08046875 0.09453125
1 0.48828125 0.47890625 0.0546875 0.075