1 0.65078125 0.8796875 0.13515625 0.2078125
1 0.5859375 0.76171875 0.11171875 0.17890625
1 0.31875 0.37265625 0.03125 0.03515625
1 0.35390625 0.46796875 0.04765625 0.0765625
3 0.478125 0.37265625 0.0328125 0.034375
3 0.4578125 0.24765625 0.01640625 0.02421875
3 0.46953125 0.35703125 0.0265625 0.03046875
3 0.37734375 0.3015625 0.01640625 0.021875
3 0.45 0.2375 0.01328125 0.0171875
3 0.6921875 0.61640625 0.08828125 0.13125
3 0.48046875 0.26171875 0.01328125 0.0234375
3 0.41796875 0.2921875 0.0171875 0.03828125
3 0.86953125 0.79453125 0.25390625 0.40390625
3 0.41640625 0.35078125 0.0171875 0.0234375
1 0.24140625 0.48046875 0.0546875 0.0875
3 0.38359375 0.24765625 0.0109375 0.01796875
3 0.4640625 0.31328125 0.034375 0.05234375
3 0.4296875 0.253125 0.01953125 0.03125
3 0.50625 0.32421875 0.04140625 0.0703125
3 0.465625 0.26171875 0.01796875 0.0328125
3 0.4859375 0.4140625 0.04921875 0.078125
3 0.7859375 0.56796875 0.0875 0.08984375
3 0.559375 0.65390625 0.08515625 0.12734375
3 0.40546875 0.29765625 0.01328125 0.01953125
3 0.4 0.3109375 0.0171875 0.028125
3 0.53671875 0.36328125 0.06171875 0.09921875
3 0.34609375 0.3046875 0.0171875 0.01796875
3 0.5453125 0.575 0.0875 0.1328125
3 0.39453125 0.25 0.01640625 0.0140625
1 0.85625 0.5953125 0.090625 0.06015625
1 0.5125 0.51171875 0.06015625 0.09453125
3 0.57265625 0.32265625 0.04765625 0.03984375
3 0.446875 0.259375 0.0171875 0.040625
3 0.478125 0.271875 0.0234375 0.0296875
1 0.50859375 0.46484375 0.0484375 0.06328125
3 0.584375 0.43203125 0.0875 0.15859375
3 0.3796875 0.2546875 0.0140625 0.01875
3 0.503125 0.2765625 0.01796875 0.02265625
3 0.4953125 0.29765625 0.01796875 0.0265625
3 0.54296875 0.29609375 0.028125 0.02578125
3 0.3234375 0.2859375 0.015625 0.01953125
3 0.36640625 0.37578125 0.03203125 0.0328125
3 0.49140625 0.271875 0.01953125 0.0296875
3 0.725 0.496875 0.02265625 0.0671875
3 0.6765625 0.403125 0.04921875 0.0375
3 0.4546875 0.34140625 0.01875 0.03984375
3 0.53203125 0.4234375 0.01796875 0.06171875
3 0.54375 0.3140625 0.0203125 0.02265625
3 0.48671875 0.39296875 0.0328125 0.03359375
3 0.43828125 0.30546875 0.0171875 0.03359375
3 0.7578125 0.515625 0.05859375 0.05390625
3 0.53125 0.25078125 0.04140625 0.04296875
3 0.46953125 0.23515625 0.009375 0.015625
3 0.40234375 0.2234375 0.0234375 0.021875
3 0.52890625 0.2375 0.0296875 0.01640625
3 0.44609375 0.21875 0.025 0.01328125
3 0.35703125 0.225 0.0265625 0.03046875
3 0.46171875 0.42421875 0.021875 0.04453125
3 0.56640625 0.35078125 0.015625 0.01796875
3 0.50859375 0.2046875 0.01328125 0.028125
3 0.3578125 0.209375 0.021875 0.01484375
3 0.50859375 0.56875 0.0234375 0.06484375
3 0.42578125 0.72734375 0.03203125 0.05078125
3 0.7703125 0.80078125 0.015625 0.04765625
3 0.075 0.25859375 0.0390625 0.0171875
3 0.59921875 0.3515625 0.0484375 0.0328125
3 0.334375 0.43984375 0.009375 0.02109375
3 0.7125 0.43984375 0.01875 0.02890625
3 0.49375 0.50078125 0.021875 0.065625
3 0.63125 0.35390625 0.04140625 0.034375
3 0.7125 0.5515625 0.02421875 0.04140625
3 0.0421875 0.55625 0.05234375 0.0390625
3 0.31640625 0.39296875 0.025 0.028125
3 0.4234375 0.2265625 0.0265625 0.015625
3 0.89765625 0.64140625 0.1296875 0.084375
3 0.7265625 0.53046875 0.03984375 0.084375
3 0.359375 0.99140625 0.04296875 0.0171875
3 0.26328125 0.4578125 0.009375 0.0296875
3 0.4265625 0.6265625 0.04765625 0.09296875
3 0.52734375 0.65859375 0.0234375 0.09609375
3 0.20390625 0.25078125 0.0109375 0.03515625
3 0.28125 0.259375 0.05 0.02421875
3 0.43359375 0.53046875 0.05546875 0.1390625
3 0.753125 0.56484375 0.03046875 0.075
3 0.43671875 0.75703125 0.01953125 0.0796875