3 0.63359375 0.396875 0.08046875 0.11875
3 0.3515625 0.31640625 0.0421875 0.07265625
3 0.496875 0.27578125 0.0203125 0.03828125
1 0.45546875 0.29296875 0.0171875 0.028125
1 0.50703125 0.428125 0.04453125 0.059375
1 0.3734375 0.38515625 0.03125 0.04921875
1 0.490625 0.31171875 0.01640625 0.025
1 0.64140625 0.51875 0.0609375 0.0875
1 0.33828125 0.48359375 0.05703125 0.07578125
3 0.68984375 0.628125 0.10078125 0.12890625
1 0.5046875 0.33046875 0.01796875 0.03125
3 0.53828125 0.35859375 0.05703125 0.09296875
1 0.47109375 0.3484375 0.0296875 0.04765625
1 0.51328125 0.496875 0.0546875 0.08359375
3 0.8921875 0.61875 0.21484375 0.3515625
1 0.51953125 0.31484375 0.01640625 0.02890625
1 0.4046875 0.29609375 0.015625 0.02578125
3 0.1046875 0.715625 0.209375 0.540625
1 0.28359375 0.69296875 0.09375 0.12265625
1 0.66328125 0.87890625 0.15625 0.2421875