3 0.07890625 0.84140625 0.15703125 0.3109375
3 0.14296875 0.70546875 0.23359375 0.325
3 0.2703125 0.63515625 0.040625 0.14296875
3 0.446875 0.3921875 0.0546875 0.09921875
3 0.334375 0.54765625 0.11640625 0.20078125
1 0.40703125 0.45078125 0.05234375 0.07421875
3 0.46640625 0.353125 0.05625 0.08828125
1 0.45234375 0.6421875 0.090625 0.12890625
1 0.5234375 0.3578125 0.03125 0.0375
3 0.35703125 0.4 0.0640625 0.090625
1 0.5296875 0.3390625 0.025 0.03515625
3 0.30234375 0.4453125 0.08515625 0.1328125
3 0.484375 0.53203125 0.06328125 0.115625
1 0.4078125 0.79921875 0.12421875 0.20234375
1 0.5109375 0.41640625 0.03671875 0.04375
3 0.66015625 0.30234375 0.0265625 0.04296875
3 0.50078125 0.30078125 0.0375 0.07265625
1 0.49921875 0.440625 0.04921875 0.0609375
3 0.684375 0.3515625 0.03671875 0.06484375
1 0.43125 0.43125 0.0359375 0.06796875
3 0.63203125 0.30234375 0.025 0.053125
3 0.709375 0.41328125 0.04296875 0.05859375
1 0.3578125 0.94765625 0.16015625 0.1015625
4 0.59296875 0.2890625 0.015625 0.0296875
3 0.4265625 0.31640625 0.05234375 0.0640625
3 0.40234375 0.365625 0.053125 0.084375
1 0.4953125 0.46796875 0.0453125 0.0640625
3 0.6359375 0.38828125 0.04375 0.11171875
3 0.4609375 0.309375 0.02890625 0.0421875
0 0.59765625 0.25546875 0.01796875 0.03359375
1 0.484375 0.46796875 0.0453125 0.02265625
3 0.61796875 0.284375 0.021875 0.04296875
1 0.59921875 0.31328125 0.01796875 0.02265625
3 0.38203125 0.50546875 0.06328125 0.1296875