3 0.8703125 0.7640625 0.259375 0.471875
3 0.66875 0.55 0.1171875 0.196875
3 0.34921875 0.4265625 0.05859375 0.14296875
3 0.290625 0.3734375 0.0453125 0.078125
3 0.6953125 0.4453125 0.0875 0.13984375
3 0.64375 0.40234375 0.06171875 0.09296875
3 0.6140625 0.515625 0.071875 0.14765625
3 0.2640625 0.47578125 0.053125 0.1203125
3 0.5109375 0.52109375 0.0609375 0.11953125
3 0.55 0.38984375 0.053125 0.09609375
3 0.59453125 0.3640625 0.05234375 0.0875
3 0.3359375 0.30546875 0.03203125 0.046875
1 0.58359375 0.77109375 0.12109375 0.18984375
1 0.540625 0.625 0.08359375 0.12734375
3 0.53046875 0.3484375 0.053125 0.07734375
3 0.57109375 0.31796875 0.05078125 0.06328125
3 0.53828125 0.31484375 0.028125 0.040625
1 0.6390625 0.94296875 0.15625 0.1109375
3 0.496875 0.296875 0.03515625 0.06796875
3 0.48515625 0.2609375 0.01796875 0.03515625
1 0.59296875 0.45078125 0.0484375 0.07265625
3 0.36328125 0.3109375 0.02734375 0.05390625