1 0.259375 0.70703125 0.0984375 0.1140625
1 0.13046875 0.659375 0.1109375 0.1265625
1 0.60625 0.8390625 0.14921875 0.2234375
1 0.71171875 0.646875 0.1078125 0.13125
3 0.89921875 0.853125 0.18515625 0.29375
1 0.56328125 0.6640625 0.09375 0.14921875
1 0.85703125 0.62890625 0.10234375 0.12734375
1 0.790625 0.5765625 0.0765625 0.10703125
3 0.5453125 0.56484375 0.08828125 0.115625
1 0.5125 0.4890625 0.05703125 0.096875
1 0.93359375 0.68984375 0.11484375 0.065625
1 0.3875 0.33125 0.021875 0.02578125
1 0.38203125 0.375 0.028125 0.04921875
1 0.31796875 0.37734375 0.03046875 0.04609375
1 0.48828125 0.41171875 0.04140625 0.07109375
3 0.65859375 0.490625 0.125 0.19375
3 0.6640625 0.3640625 0.08984375 0.08125
0 0.58046875 0.42265625 0.078125 0.15234375
1 0.35 0.328125 0.02578125 0.04140625