1 0.6171875 0.80078125 0.11953125 0.18984375
3 0.87734375 0.6171875 0.18203125 0.209375
1 0.546875 0.59765625 0.08125 0.12421875
0 0.7171875 0.45390625 0.1171875 0.15859375
3 0.57890625 0.415625 0.09296875 0.175
3 0.5234375 0.346875 0.04140625 0.0671875
1 0.50703125 0.475 0.0484375 0.06796875
1 0.48359375 0.39921875 0.0328125 0.0484375
1 0.92265625 0.9078125 0.153125 0.1765625
1 0.384375 0.3515625 0.025 0.03359375
1 0.275 0.63046875 0.0921875 0.11796875
3 0.371875 0.3109375 0.021875 0.03984375
3 0.334375 0.30078125 0.02109375 0.0328125