1 0.53203125 0.58125 0.08125 0.1109375
1 0.75078125 0.5390625 0.0703125 0.08046875
1 0.309375 0.62734375 0.09140625 0.125
1 0.6828125 0.46875 0.04921875 0.0703125
1 0.2125 0.80546875 0.13515625 0.1765625
3 0.61875 0.4046875 0.04765625 0.03828125
4 0.36484375 0.41484375 0.0375 0.05859375
1 0.3765625 0.38359375 0.0328125 0.0421875
1 0.54375 0.38515625 0.028125 0.04375
1 0.49140625 0.40859375 0.03515625 0.040625
1 0.7765625 0.4921875 0.065625 0.084375
1 0.5296875 0.29453125 0.01484375 0.021875
1 0.39140625 0.34140625 0.0234375 0.03203125
1 0.521875 0.36171875 0.02578125 0.0359375
1 0.48359375 0.37265625 0.03046875 0.04140625
1 0.51171875 0.340625 0.025 0.034375
1 0.47265625 0.3421875 0.02421875 0.03515625
3 0.56875 0.41796875 0.04375 0.0765625
3 0.3578125 0.28984375 0.01640625 0.0296875
1 0.62890625 0.37578125 0.040625 0.04453125
3 0.8296875 0.80390625 0.340625 0.39140625
3 0.0765625 0.553125 0.1234375 0.1546875
3 0.26484375 0.41953125 0.0984375 0.15078125
3 0.32421875 0.346875 0.0609375 0.0890625
3 0.63203125 0.50234375 0.09375 0.15703125
3 0.5828125 0.35546875 0.03828125 0.0609375
3 0.54609375 0.33046875 0.03125 0.05234375
3 0.50234375 0.28359375 0.01953125 0.03515625
3 0.48515625 0.271875 0.015625 0.02109375
0 0.46484375 0.30625 0.0390625 0.0578125