1 0.609375 0.87421875 0.140625 0.23671875
1 0.57421875 0.73515625 0.1015625 0.15703125
3 0.6109375 0.51484375 0.0765625 0.146875
3 0.54921875 0.390625 0.05625 0.09921875
1 0.53046875 0.521875 0.0578125 0.06875
3 0.53671875 0.61640625 0.0859375 0.14296875
3 0.615625 0.36328125 0.07265625 0.1171875
1 0.509375 0.4859375 0.0546875 0.0859375
3 0.6640625 0.5515625 0.109375 0.1953125
3 0.86171875 0.5421875 0.14765625 0.128125
1 0.559375 0.575 0.07578125 0.11015625
3 0.37578125 0.27109375 0.01875 0.02578125
3 0.91953125 0.84296875 0.153125 0.30546875
3 0.7515625 0.49453125 0.0953125 0.1453125
1 0.3828125 0.2953125 0.01484375 0.01953125
1 0.37734375 0.35859375 0.03203125 0.0359375
1 0.59140625 0.446875 0.05 0.0640625
1 0.4828125 0.37109375 0.03984375 0.03515625
1 0.4015625 0.30390625 0.0140625 0.02109375
1 0.34765625 0.3015625 0.0171875 0.02421875
1 0.49375 0.43984375 0.03984375 0.0578125
3 0.53046875 0.36015625 0.05234375 0.09453125
1 0.32421875 0.5703125 0.07734375 0.09375
3 0.65 0.40859375 0.06640625 0.09375
3 0.50625 0.309375 0.040625 0.0640625
1 0.40546875 0.290625 0.01328125 0.01953125
3 0.55859375 0.325 0.0421875 0.0625
1 0.3546875 0.4453125 0.05390625 0.0609375
1 0.47578125 0.38515625 0.0296875 0.034375
3 0.3875 0.278125 0.0140625 0.021875
3 0.39296875 0.26015625 0.015625 0.02421875
3 0.1171875 0.65390625 0.234375 0.34453125
3 0.165625 0.446875 0.08515625 0.0890625
1 0.5703125 0.425 0.0375 0.04921875
3 0.73671875 0.63515625 0.0609375 0.1484375
3 0.85546875 0.7046875 0.23359375 0.34375