1 0.66328125 0.96484375 0.1453125 0.0703125
1 0.53984375 0.5984375 0.08125 0.11953125
1 0.525 0.4953125 0.06171875 0.08203125
1 0.496875 0.428125 0.0453125 0.05703125
1 0.57734375 0.4578125 0.03828125 0.0671875
1 0.4796875 0.36875 0.03671875 0.04375
1 0.37109375 0.3828125 0.03671875 0.04140625
1 0.47109375 0.3375 0.02265625 0.03046875
3 0.31640625 0.41328125 0.040625 0.06328125
3 0.23984375 0.490625 0.084375 0.11484375
3 0.2015625 0.44140625 0.05859375 0.08125
3 0.55390625 0.384375 0.04453125 0.065625
3 0.63046875 0.4890625 0.08203125 0.153125
3 0.721875 0.4828125 0.08203125 0.12734375
3 0.525 0.35390625 0.0359375 0.04765625
3 0.56015625 0.34140625 0.03515625 0.03984375
3 0.38671875 0.27265625 0.021875 0.04375
3 0.3625 0.2703125 0.01875 0.03515625
1 0.52734375 0.3171875 0.01953125 0.03359375
1 0.625 0.39921875 0.04453125 0.03046875
1 0.39140625 0.32890625 0.02265625 0.0359375
1 0.51796875 0.3046875 0.0234375 0.03046875
1 0.2359375 0.46328125 0.00078125 0.0109375