3 0.8265625 0.578125 0.215625 0.2109375
3 0.6625 0.50859375 0.13046875 0.24609375
1 0.5359375 0.56796875 0.071875 0.10625
1 0.4921875 0.41953125 0.03984375 0.05234375
1 0.59140625 0.434375 0.0296875 0.06484375
3 0.57578125 0.33984375 0.053125 0.08515625
3 0.51875 0.33984375 0.040625 0.0765625
3 0.49140625 0.29921875 0.03359375 0.05
3 0.30390625 0.3359375 0.0390625 0.0515625
1 0.3671875 0.384375 0.03671875 0.046875
1 0.3828125 0.34296875 0.028125 0.03203125
3 0.39140625 0.26875 0.0234375 0.03828125
1 0.6953125 0.91640625 0.171875 0.1671875