1 0.48125 0.5796875 0.0609375 0.1140625
1 0.265625 0.88125 0.18125 0.2375
1 0.43515625 0.73046875 0.10703125 0.16875
3 0.14375 0.71796875 0.23359375 0.359375
1 0.55078125 0.271875 0.01484375 0.02890625
3 0.384375 0.51171875 0.0703125 0.1359375
3 0.5359375 0.33515625 0.02578125 0.0453125
1 0.51328125 0.2953125 0.0265625 0.0328125
1 0.32265625 0.4015625 0.04375 0.0578125
3 0.31171875 0.46328125 0.065625 0.0734375
1 0.4484375 0.62265625 0.08515625 0.1171875
3 0.4578125 0.375 0.04453125 0.0796875
3 0.2078125 0.50234375 0.12578125 0.12109375
1 0.54609375 0.3015625 0.01953125 0.03984375
1 0.53828125 0.25703125 0.01875 0.03671875
1 0.50078125 0.4359375 0.03984375 0.028125
3 0.96015625 0.76796875 0.0796875 0.275
3 0.0828125 0.84296875 0.16015625 0.3140625
1 0.41171875 0.440625 0.04921875 0.06171875
3 0.8609375 0.57421875 0.12109375 0.1953125
3 0.396875 0.365625 0.0546875 0.07265625
1 0.54609375 0.2453125 0.01875 0.03203125
1 0.60078125 0.32265625 0.021875 0.03359375
3 0.04453125 0.6109375 0.0859375 0.1578125
3 0.74140625 0.37890625 0.05078125 0.08984375
3 0.36484375 0.39453125 0.0640625 0.10390625
1 0.53359375 0.27421875 0.015625 0.03359375
1 0.11640625 0.55625 0.0703125 0.06796875
3 0.67578125 0.3359375 0.0296875 0.05625
4 0.63671875 0.4109375 0.0359375 0.05546875
1 0.49765625 0.44609375 0.040625 0.034375
3 0.48515625 0.3390625 0.04375 0.07890625
1 0.6109375 0.35390625 0.02265625 0.0328125
3 0.61796875 0.28671875 0.02578125 0.040625
3 0.271875 0.6375 0.04453125 0.153125
3 0.434375 0.33671875 0.0375 0.06640625
3 0.7109375 0.40546875 0.08046875 0.1109375
4 0.6953125 0.590625 0.084375 0.1171875
1 0.5984375 0.30390625 0.01640625 0.0203125
1 0.434375 0.415625 0.0375 0.05078125
3 0.45546875 0.303125 0.0359375 0.05703125
3 0.49140625 0.5 0.06171875 0.090625
1 0.525 0.365625 0.03046875 0.0421875