1 0.28984375 0.63046875 0.11796875 0.1453125
1 0.41796875 0.72265625 0.1296875 0.20546875
3 0.10078125 0.83984375 0.2015625 0.31640625
3 0.41640625 0.4375 0.0640625 0.09765625
3 0.375 0.4078125 0.06796875 0.08671875
1 0.76875 0.909375 0.178125 0.18125
3 0.909375 0.70078125 0.178125 0.459375
3 0.875 0.44296875 0.14453125 0.115625
1 0.7609375 0.48671875 0.0609375 0.10234375
1 0.64765625 0.425 0.0453125 0.05625
3 0.70625 0.32890625 0.0640625 0.1015625
1 0.628125 0.346875 0.04296875 0.04609375
1 0.48359375 0.50625 0.075 0.08828125
1 0.47109375 0.3640625 0.034375 0.040625
3 0.44453125 0.328125 0.0453125 0.06875
3 0.6015625 0.31328125 0.0375 0.03515625