3 0.0703125 0.571875 0.128125 0.165625
3 0.84765625 0.76953125 0.3046875 0.4609375
3 0.7078125 0.52265625 0.11796875 0.1796875
3 0.709375 0.4421875 0.10234375 0.090625
3 0.54140625 0.359375 0.0625 0.1171875
3 0.3140625 0.384375 0.05 0.06484375
3 0.55625 0.31875 0.046875 0.08359375
0 0.6515625 0.384375 0.071875 0.1015625
1 0.5375 0.596875 0.07734375 0.11640625
1 0.50859375 0.4796875 0.05703125 0.07265625
1 0.61484375 0.44921875 0.04609375 0.0546875
1 0.5984375 0.38828125 0.03828125 0.04609375
1 0.49609375 0.4265625 0.0484375 0.04765625
1 0.36328125 0.41953125 0.04375 0.040625
1 0.48046875 0.3890625 0.0328125 0.03671875
3 0.50234375 0.3296875 0.0265625 0.05703125
4 0.625 0.83984375 0.140625 0.2578125
3 0.3828125 0.2578125 0.0171875 0.03515625
1 0.390625 0.33125 0.01875 0.0328125
1 0.471875 0.3671875 0.02890625 0.03046875