1 0.253125 0.7734375 0.12890625 0.18828125
1 0.63359375 0.83359375 0.13984375 0.215625
1 0.915625 0.921875 0.16875 0.14765625
1 0.5125 0.46796875 0.0515625 0.0765625
1 0.3640625 0.39296875 0.0359375 0.04609375
1 0.928125 0.71015625 0.12890625 0.1453125
1 0.03203125 0.890625 0.0640625 0.18671875
1 0.4890625 0.3984375 0.03359375 0.0515625
1 0.39296875 0.340625 0.021875 0.03203125
1 0.54296875 0.334375 0.025 0.0328125
1 0.58125 0.3703125 0.03359375 0.040625
1 0.64921875 0.44296875 0.05703125 0.07890625
1 0.3375 0.309375 0.01875 0.03125
1 0.478125 0.3625 0.025 0.0421875
1 0.54609375 0.38671875 0.03125 0.053125
1 0.66171875 0.5484375 0.09453125 0.12421875
1 0.4625 0.33203125 0.01875 0.03359375
1 0.35546875 0.29609375 0.01640625 0.02421875
1 0.40546875 0.2921875 0.01640625 0.02890625
1 0.5859375 0.44765625 0.06171875 0.0890625