1 0.45546875 0.5671875 0.06875 0.0890625
3 0.18671875 0.5578125 0.12890625 0.17890625
3 0.31640625 0.53125 0.18125 0.22265625
1 0.6671875 0.5140625 0.0578125 0.07265625
1 0.35625 0.41015625 0.04375 0.0390625
3 0.62890625 0.3015625 0.02421875 0.05
1 0.603125 0.328125 0.02109375 0.02890625
1 0.5109375 0.3046875 0.01875 0.02734375
1 0.6578125 0.3484375 0.025 0.02890625
1 0.5421875 0.3 0.01796875 0.0265625
1 0.5984375 0.3109375 0.01640625 0.02265625
1 0.52109375 0.365625 0.0296875 0.03828125
3 0.6546875 0.2953125 0.02890625 0.04609375
1 0.49375 0.3390625 0.0203125 0.025
1 0.5453125 0.28203125 0.0140625 0.01640625