3 0.57265625 0.42578125 0.06953125 0.1171875
3 0.55078125 0.3828125 0.05625 0.103125
3 0.3328125 0.34609375 0.03671875 0.065625
3 0.6046875 0.37109375 0.0546875 0.08828125
0 0.51953125 0.33359375 0.0390625 0.07421875
3 0.69375 0.48671875 0.128125 0.13125
3 0.93203125 0.77109375 0.13515625 0.26953125
4 0.55546875 0.61484375 0.090625 0.18125
1 0.3609375 0.4109375 0.0375 0.0453125
1 0.55703125 0.5078125 0.0609375 0.0796875
1 0.509375 0.46640625 0.0484375 0.07265625
1 0.46796875 0.3390625 0.0234375 0.03515625
4 0.23203125 0.49375 0.0796875 0.11171875
1 0.4828125 0.3921875 0.03984375 0.0640625
1 0.28046875 0.37265625 0.03203125 0.04453125
1 0.65703125 0.87421875 0.1515625 0.23828125
3 0.86328125 0.83125 0.2328125 0.3375