3 0.90390625 0.846875 0.1921875 0.30625
3 0.678125 0.52578125 0.11328125 0.17734375
3 0.659375 0.421875 0.0765625 0.0796875
3 0.5296875 0.30625 0.03671875 0.0484375
3 0.5 0.2765625 0.02109375 0.04140625
1 0.56015625 0.52578125 0.0625 0.0921875
1 0.3484375 0.45390625 0.05078125 0.06484375
1 0.3890625 0.36328125 0.0296875 0.0375
1 0.49296875 0.39765625 0.03828125 0.0453125
1 0.52734375 0.36015625 0.03125 0.03828125
1 0.50234375 0.32109375 0.02265625 0.02890625
3 0.3421875 0.34453125 0.0265625 0.03671875
4 0.48125 0.35390625 0.0328125 0.04140625
1 0.46015625 0.309375 0.021875 0.02109375
0 0.3875 0.28203125 0.01875 0.03671875
1 0.38828125 0.3375 0.028125 0.01796875