1 0.75 0.58125 0.13359375 0.1875
1 0.63203125 0.43359375 0.07421875 0.121875
1 0.5421875 0.58984375 0.08828125 0.16796875
1 0.60390625 0.27890625 0.05234375 0.096875
1 0.5484375 0.21796875 0.04453125 0.06953125
1 0.6375 0.1953125 0.03515625 0.0609375
1 0.81015625 0.10234375 0.0265625 0.04453125
1 0.61640625 0.1203125 0.0328125 0.05234375
4 0.6609375 0.1203125 0.034375 0.07265625
1 0.97421875 0.92734375 0.0484375 0.1453125
2 0.7515625 0.1921875 0.0203125 0.0390625
1 0.9515625 0.2515625 0.046875 0.06953125
1 0.6796875 0.0671875 0.028125 0.04140625