1 0.42109375 0.140625 0.0390625 0.05625
1 0.46484375 0.28828125 0.04921875 0.08828125
1 0.3890625 0.33359375 0.05234375 0.109375
1 0.41953125 0.20078125 0.0390625 0.06640625
1 0.0515625 0.80546875 0.09921875 0.22109375
1 0.3453125 0.13671875 0.03046875 0.0484375
1 0.27734375 0.5953125 0.10703125 0.16796875
1 0.375 0.2046875 0.0453125 0.07578125
1 0.190625 0.10390625 0.02890625 0.04765625
1 0.36171875 0.03125 0.0203125 0.0296875
1 0.44453125 0.47421875 0.08828125 0.165625
1 0.39921875 0.07421875 0.0265625 0.0453125