1 0.56796875 0.6484375 0.1171875 0.209375
1 0.70625 0.55546875 0.10859375 0.15546875
1 0.91484375 0.7765625 0.16953125 0.23125
1 0.54140625 0.2984375 0.05390625 0.08671875
1 0.5890625 0.34375 0.05390625 0.128125
1 0.6296875 0.23046875 0.040625 0.0671875
1 0.64765625 0.16015625 0.03359375 0.053125
1 0.596875 0.18125 0.0421875 0.06328125
1 0.809375 0.1015625 0.02578125 0.04296875
1 0.6609375 0.02890625 0.02265625 0.03828125
1 0.5984375 0.07421875 0.02890625 0.0421875
1 0.61953125 0.1 0.0265625 0.05703125
1 0.63984375 0.07265625 0.0234375 0.040625
1 0.67890625 0.06171875 0.02421875 0.046875
1 0.63671875 0.05234375 0.0234375 0.0390625
1 0.9578125 0.096875 0.0296875 0.03515625
1 0.6421875 0.0171875 0.0203125 0.03046875