1 0.24921875 0.71015625 0.165625 0.209375
1 0.33984375 0.52109375 0.096875 0.1734375
1 0.390625 0.38515625 0.07421875 0.12421875
1 0.1890625 0.10625 0.028125 0.0453125
1 0.39609375 0.284375 0.04921875 0.08203125
1 0.4296875 0.21484375 0.0390625 0.0734375
1 0.35234375 0.1828125 0.04296875 0.07265625
1 0.33046875 0.1015625 0.02578125 0.0375
1 0.31953125 0.0625 0.01875 0.040625
1 0.3578125 0.06875 0.028125 0.03984375
1 0.3375 0.02109375 0.02109375 0.04140625
1 0.3796875 0.1171875 0.03125 0.04453125