1 0.725 0.87578125 0.1484375 0.24765625
1 0.6671875 0.57109375 0.1015625 0.1640625
1 0.50078125 0.5234375 0.07109375 0.146875
1 0.56796875 0.35859375 0.053125 0.1078125
1 0.4671875 0.31328125 0.0546875 0.08828125
1 0.57890625 0.2640625 0.04921875 0.08671875
1 0.53671875 0.203125 0.0390625 0.06640625
1 0.64375 0.1578125 0.034375 0.06015625
1 0.6046875 0.1515625 0.0359375 0.05703125
1 0.5796875 0.1234375 0.03671875 0.05546875
1 0.63828125 0.084375 0.0265625 0.0421875
1 0.6703125 0.08125 0.02421875 0.03828125
1 0.653125 0.04921875 0.02578125 0.025
1 0.8109375 0.096875 0.028125 0.0328125
4 0.65859375 0.02109375 0.03125 0.0375