2 0.66796875 0.71875 0.065625 0.1515625
1 0.6875 0.57265625 0.09609375 0.1640625
1 0.54296875 0.478125 0.06484375 0.14765625
1 0.47109375 0.315625 0.06640625 0.0953125
1 0.6109375 0.35 0.05390625 0.1078125
1 0.5546875 0.2859375 0.059375 0.1
2 0.66484375 0.303125 0.0453125 0.08046875
1 0.62890625 0.2171875 0.04296875 0.08828125
1 0.5359375 0.19296875 0.04296875 0.06796875
1 0.584375 0.21171875 0.04765625 0.071875
1 0.60859375 0.15234375 0.0359375 0.04765625
1 0.62890625 0.10703125 0.0296875 0.04453125