1 0.75703125 0.5609375 0.12734375 0.15546875
1 0.5265625 0.50078125 0.06796875 0.134375
1 0.52578125 0.38125 0.05234375 0.10703125
1 0.49296875 0.28203125 0.05234375 0.0859375
1 0.571875 0.22578125 0.04453125 0.06796875
1 0.61015625 0.259375 0.04765625 0.07734375
1 0.6671875 0.1078125 0.03671875 0.053125
1 0.60078125 0.15859375 0.0328125 0.05703125
2 0.63359375 0.43671875 0.03515625 0.0703125
1 0.63359375 0.0859375 0.0359375 0.0421875
1 0.809375 0.0953125 0.03046875 0.0359375
3 0.6359375 0.184375 0.053125 0.084375
1 0.58984375 0.1078125 0.03203125 0.05078125