1 0.33203125 0.60546875 0.09921875 0.178125
1 0.44453125 0.275 0.05078125 0.078125
1 0.4390625 0.159375 0.0359375 0.0578125
1 0.415625 0.21171875 0.03984375 0.05859375
1 0.365625 0.19921875 0.0421875 0.06640625
1 0.37890625 0.38125 0.059375 0.11328125
1 0.39609375 0.1578125 0.03671875 0.05234375
1 0.19140625 0.10546875 0.02890625 0.04765625
1 0.37109375 0.10859375 0.03125 0.0453125
1 0.54765625 0.33671875 0.065625 0.1015625
1 0.3296875 0.10078125 0.03046875 0.046875
1 0.1140625 0.884375 0.2015625 0.2234375
1 0.31875 0.05546875 0.0234375 0.03515625
1 0.353125 0.071875 0.025 0.034375
1 0.3296875 0.01640625 0.025 0.02578125