1 0.6078125 0.32109375 0.053125 0.12421875
1 0.6421875 0.17265625 0.03671875 0.053125
1 0.52109375 0.21953125 0.040625 0.0640625
1 0.6828125 0.06015625 0.025 0.0359375
1 0.55078125 0.1640625 0.0375 0.05625
1 0.81015625 0.10234375 0.02890625 0.0453125
1 0.66953125 0.1078125 0.034375 0.05
1 0.64140625 0.08359375 0.028125 0.03828125
3 0.6 0.1390625 0.05390625 0.07734375
1 0.54375 0.36015625 0.05390625 0.10390625
1 0.48359375 0.2921875 0.0515625 0.09140625
1 0.62109375 0.234375 0.04453125 0.07421875