1 0.284375 0.8328125 0.1578125 0.27421875
1 0.0734375 0.71015625 0.146875 0.20078125
0 0.33984375 0.4140625 0.09375 0.1703125
1 0.428125 0.51328125 0.07890625 0.159375
2 0.434375 0.36484375 0.025 0.09140625
1 0.64296875 0.4078125 0.13828125 0.1359375
1 0.51484375 0.303125 0.06015625 0.0890625
1 0.44296875 0.26640625 0.0546875 0.09140625
1 0.371875 0.22109375 0.0453125 0.0890625
1 0.41328125 0.18046875 0.040625 0.0671875
1 0.38359375 0.12734375 0.03828125 0.05703125
1 0.340625 0.14453125 0.0296875 0.05625
1 0.3640625 0.0796875 0.02734375 0.046875