3 0.4671875 0.31875 0.05859375 0.1734375
3 0.45 0.17109375 0.06484375 0.1328125
1 0.35 0.0484375 0.0265625 0.0359375
1 0.18828125 0.103125 0.02890625 0.04296875
1 0.31796875 0.0609375 0.021875 0.03984375
1 0.3171875 0.54765625 0.1 0.15625
1 0.42421875 0.55625 0.08515625 0.15703125
1 0.36640625 0.20703125 0.03828125 0.06640625
1 0.38984375 0.30625 0.0453125 0.09375
1 0.34921875 0.14609375 0.03125 0.04609375
1 0.04453125 0.0921875 0.034375 0.040625
1 0.33359375 0.103125 0.03125 0.04296875
1 0.95 0.4484375 0.09453125 0.075
1 0.05703125 0.7859375 0.11171875 0.22734375