3 0.35390625 0.64375 0.16796875 0.35078125
1 0.20625 0.6359375 0.121875 0.19140625
1 0.50546875 0.5640625 0.09296875 0.1546875
1 0.5546875 0.4265625 0.0625 0.128125
1 0.45703125 0.4078125 0.065625 0.13046875
1 0.3453125 0.42578125 0.0703125 0.10234375
2 0.38125 0.34140625 0.028125 0.0609375
1 0.190625 0.10234375 0.02734375 0.04296875
1 0.353125 0.17421875 0.0359375 0.06640625
4 0.3859375 0.2640625 0.04453125 0.084375
1 0.43046875 0.23125 0.04765625 0.0734375
1 0.38515625 0.12890625 0.034375 0.0546875
1 0.334375 0.11796875 0.02890625 0.0453125
1 0.41953125 0.1109375 0.03046875 0.04609375
1 0.3265625 0.07265625 0.0265625 0.0375
1 0.375 0.0921875 0.03125 0.03984375
1 0.36015625 0.0703125 0.0203125 0.034375