1 0.496875 0.453125 0.09765625 0.146875
1 0.62421875 0.725 0.1515625 0.221875
1 0.6359375 0.41875 0.090625 0.11328125
1 0.5234375 0.3140625 0.05625 0.07578125
1 0.60625 0.290625 0.0625 0.08828125
1 0.63359375 0.2265625 0.0625 0.0765625
1 0.50390625 0.24609375 0.05859375 0.08125
1 0.56640625 0.2484375 0.0640625 0.06328125
2 0.68359375 0.30234375 0.05078125 0.07890625
2 0.7453125 0.36328125 0.0546875 0.0734375
2 0.54765625 0.20859375 0.0328125 0.05
2 0.60703125 0.184375 0.03046875 0.05546875
1 0.6109375 0.14296875 0.04453125 0.05859375
1 0.6578125 0.14765625 0.04375 0.06171875
1 0.63515625 0.0890625 0.03671875 0.04140625
3 0.81953125 0.65703125 0.3609375 0.4828125