1 0.325 0.56015625 0.12734375 0.18046875
1 0.48515625 0.5703125 0.13203125 0.19453125
1 0.284375 0.95 0.14375 0.1
1 0.36171875 0.40703125 0.08203125 0.11796875
1 0.4640625 0.3609375 0.065625 0.09296875
1 0.5109375 0.2796875 0.05859375 0.10390625
2 0.5015625 0.321875 0.0328125 0.07109375
1 0.43671875 0.24921875 0.05625 0.08203125
1 0.36640625 0.23046875 0.06328125 0.08203125
1 0.40546875 0.178125 0.06875 0.065625
1 0.384375 0.1203125 0.04765625 0.0546875
1 0.34375 0.11796875 0.05078125 0.07109375