1 0.11640625 0.88359375 0.2078125 0.2328125
1 0.33203125 0.61015625 0.10625 0.19140625
1 0.3796875 0.378125 0.05703125 0.10625
1 0.54765625 0.33359375 0.0703125 0.0984375
1 0.4453125 0.27578125 0.05234375 0.08046875
1 0.36640625 0.19921875 0.03515625 0.06953125
1 0.4171875 0.20703125 0.04140625 0.0578125
1 0.39375 0.1578125 0.034375 0.04765625
1 0.440625 0.15625 0.03359375 0.05234375
1 0.3734375 0.10703125 0.034375 0.0453125
1 0.35390625 0.07265625 0.02421875 0.03515625
1 0.32890625 0.09609375 0.02890625 0.0546875