1 0.5125 0.25625 0.04921875 0.07421875
1 0.603125 0.2875 0.0484375 0.08671875
1 0.68125 0.06640625 0.021875 0.0421875
1 0.5296875 0.32109375 0.05546875 0.0859375
1 0.628125 0.41953125 0.0671875 0.11328125
1 0.56171875 0.25078125 0.040625 0.065625
1 0.8109375 0.10390625 0.028125 0.0421875
1 0.65546875 0.046875 0.02421875 0.04140625
1 0.63359375 0.09609375 0.0296875 0.04375
1 0.6125 0.14296875 0.0375 0.0609375
3 0.81953125 0.64375 0.30078125 0.5109375
1 0.62421875 0.7140625 0.1453125 0.21640625
1 0.628125 0.22734375 0.0421875 0.07421875
1 0.5 0.459375 0.0625 0.140625
1 0.659375 0.10859375 0.025 0.03046875
1 0.65625 0.14609375 0.02890625 0.0578125
1 0.6625 0.0875 0.021875 0.0328125