1 0.30625 0.8203125 0.16015625 0.30546875
1 0.17734375 0.64609375 0.1328125 0.18046875
1 0.43515625 0.46171875 0.06953125 0.13671875
1 0.39296875 0.3453125 0.053125 0.10078125
1 0.190625 0.103125 0.0265625 0.04453125
1 0.365625 0.08203125 0.03203125 0.05625
1 0.3265625 0.08046875 0.02890625 0.0453125
1 0.3640625 0.15234375 0.0453125 0.0734375
1 0.38515625 0.2484375 0.04296875 0.0796875
1 0.4734375 0.31640625 0.05078125 0.10078125
0 0.95859375 0.8578125 0.08046875 0.265625
4 0.51171875 0.2609375 0.06640625 0.11796875
1 0.4265625 0.2078125 0.053125 0.0828125
2 0.40390625 0.15390625 0.03203125 0.0546875