1 0.5140625 0.321875 0.0515625 0.0921875
1 0.3875 0.13046875 0.03515625 0.05234375
1 0.38359375 0.24609375 0.04609375 0.07734375
1 0.18984375 0.1046875 0.028125 0.0421875
1 0.4484375 0.3265625 0.04765625 0.096875
1 0.42734375 0.43671875 0.0734375 0.1203125
1 0.3515625 0.05625 0.02265625 0.02890625
1 0.35 0.15 0.03515625 0.053125
1 0.41796875 0.203125 0.040625 0.065625
1 0.42578125 0.14296875 0.0328125 0.046875
1 0.365625 0.0796875 0.02265625 0.0375
1 0.396875 0.07890625 0.02578125 0.04375
1 0.42265625 0.171875 0.0375 0.05390625
1 0.42421875 0.11953125 0.028125 0.0375
1 0.34296875 0.021875 0.0203125 0.02421875
1 0.34375 0.09765625 0.0375 0.05234375