1 0.840625 0.9390625 0.1578125 0.121875
1 0.85859375 0.734375 0.15703125 0.2109375
1 0.4875 0.57109375 0.0953125 0.20390625
4 0.72421875 0.74609375 0.15078125 0.246875
3 0.609375 0.53515625 0.11875 0.28828125
1 0.471875 0.38359375 0.06015625 0.10546875
1 0.55546875 0.34765625 0.05390625 0.11171875
1 0.5234375 0.25078125 0.0421875 0.08359375
4 0.609375 0.25078125 0.0515625 0.12265625
1 0.63671875 0.19921875 0.03984375 0.075
3 0.5859375 0.17109375 0.04609375 0.12265625
1 0.6609375 0.13125 0.03359375 0.06640625
1 0.61796875 0.12421875 0.03828125 0.05703125
1 0.64140625 0.0671875 0.03046875 0.04609375