0 0.390625 0.5859375 0.1140625 0.21328125
4 0.38125 0.33046875 0.0671875 0.128125
1 0.17265625 0.75625 0.18046875 0.20078125
1 0.47421875 0.34609375 0.04921875 0.0984375
1 0.3734375 0.228125 0.04765625 0.07265625
1 0.4421875 0.23515625 0.04375 0.0703125
1 0.3328125 0.4828125 0.08125 0.12265625
1 0.31875 0.0578125 0.02109375 0.046875
1 0.340625 0.11484375 0.02890625 0.04765625
1 0.190625 0.1078125 0.02890625 0.0453125
1 0.24140625 0.05390625 0.01953125 0.04375
1 0.35078125 0.0625 0.02265625 0.034375
1 0.04296875 0.09765625 0.03046875 0.0375
1 0.04453125 0.25859375 0.04140625 0.07890625