1 0.628125 0.0953125 0.03046875 0.04609375
1 0.65546875 0.0359375 0.02265625 0.03671875
1 0.62421875 0.3609375 0.04921875 0.0984375
1 0.5484375 0.31875 0.046875 0.07265625
1 0.6078125 0.15 0.03671875 0.053125
1 0.5671875 0.23984375 0.04765625 0.0703125
1 0.659375 0.10859375 0.02734375 0.0453125
1 0.8109375 0.10078125 0.0265625 0.04140625
1 0.6359375 0.18828125 0.03515625 0.05625
1 0.5796875 0.50234375 0.07734375 0.134375
1 0.71875 0.73984375 0.1390625 0.2140625
1 0.9234375 0.72265625 0.153125 0.2265625