1 0.40078125 0.54609375 0.1 0.1609375
1 0.346875 0.1546875 0.0328125 0.05390625
1 0.36640625 0.21328125 0.04453125 0.06875
1 0.43671875 0.2515625 0.04765625 0.0765625
1 0.190625 0.103125 0.03046875 0.046875
1 0.3921875 0.14375 0.03828125 0.059375
1 0.4859375 0.25703125 0.046875 0.0734375
1 0.409375 0.18984375 0.0453125 0.0703125
1 0.3890625 0.3484375 0.05625 0.1078125
1 0.32890625 0.08125 0.028125 0.04140625
1 0.34375 0.11171875 0.025 0.0328125
1 0.3640625 0.10234375 0.02578125 0.04609375
1 0.31953125 0.0546875 0.0265625 0.04921875