1 0.534375 0.2921875 0.05 0.0859375
1 0.596875 0.31953125 0.053125 0.10546875
1 0.58359375 0.1953125 0.0390625 0.065625
1 0.646875 0.17421875 0.0390625 0.0640625
1 0.8109375 0.103125 0.028125 0.04453125
1 0.6203125 0.1203125 0.03203125 0.0546875
1 0.6578125 0.4703125 0.07890625 0.13125
1 0.6390625 0.0734375 0.0265625 0.040625
1 0.67890625 0.0828125 0.02265625 0.0359375
1 0.5578125 0.58828125 0.0859375 0.16484375
1 0.6578125 0.03671875 0.02265625 0.034375
1 0.68359375 0.04921875 0.0234375 0.03671875
1 0.884375 0.81015625 0.19296875 0.2359375
1 0.675 0.01484375 0.021875 0.025