1 0.31953125 0.42421875 0.13203125 0.128125
1 0.63828125 0.19765625 0.04296875 0.06484375
1 0.51484375 0.37578125 0.05546875 0.10078125
1 0.64765625 0.5296875 0.0875 0.1421875
1 0.56328125 0.24375 0.04765625 0.0734375
1 0.6171875 0.37109375 0.059375 0.1078125
1 0.58984375 0.184375 0.03828125 0.05703125
1 0.54296875 0.18125 0.040625 0.06484375
1 0.81015625 0.10234375 0.02890625 0.040625
1 0.60859375 0.27578125 0.04609375 0.075
1 0.57734375 0.12734375 0.0328125 0.04765625
1 0.6125 0.06171875 0.0328125 0.0359375
1 0.61875 0.13671875 0.034375 0.04609375
1 0.64765625 0.0640625 0.028125 0.03671875