1 0.3953125 0.565625 0.10546875 0.17890625
1 0.4078125 0.36875 0.05078125 0.1046875
1 0.44375 0.27578125 0.04609375 0.07421875
1 0.66484375 0.43046875 0.11796875 0.10234375
1 0.3734375 0.221875 0.04296875 0.0671875
1 0.47421875 0.240625 0.03984375 0.065625
1 0.41015625 0.19375 0.03515625 0.0578125
1 0.3515625 0.171875 0.03671875 0.0609375
1 0.38671875 0.13515625 0.034375 0.0515625
1 0.240625 0.08046875 0.028125 0.03515625
1 0.434375 0.14765625 0.0390625 0.059375
1 0.190625 0.1015625 0.028125 0.0421875
1 0.33046875 0.09921875 0.028125 0.0359375
1 0.36484375 0.0984375 0.02890625 0.03515625
1 0.31796875 0.059375 0.021875 0.040625
1 0.35546875 0.06484375 0.025 0.03671875
2 0.459375 0.190625 0.04375 0.05