1 0.384375 0.24140625 0.05 0.08984375
1 0.36015625 0.18984375 0.040625 0.0703125
1 0.43203125 0.23359375 0.04609375 0.07734375
1 0.18984375 0.1078125 0.028125 0.0453125
1 0.3890625 0.14921875 0.03515625 0.0578125
1 0.234375 0.628125 0.11875 0.1734375
1 0.47109375 0.35234375 0.05234375 0.1140625
1 0.52578125 0.53984375 0.0671875 0.15625
1 0.29609375 0.48828125 0.0984375 0.1328125
1 0.3609375 0.6859375 0.1125 0.19921875
1 0.384375 0.33125 0.04765625 0.09453125
3 0.37109375 0.05703125 0.0640625 0.1140625
2 0.2640625 0.3921875 0.0421875 0.04765625