1 0.38515625 0.33359375 0.0484375 0.09296875
1 0.43515625 0.2484375 0.0453125 0.0703125
1 0.37265625 0.21484375 0.04296875 0.08125
1 0.5140625 0.29140625 0.05 0.09765625
1 0.47109375 0.21875 0.040625 0.06484375
1 0.34765625 0.16015625 0.03125 0.05390625
1 0.19140625 0.103125 0.02734375 0.04375
1 0.36328125 0.07734375 0.03125 0.05078125
1 0.290625 0.55546875 0.13046875 0.1828125
0 0.4390625 0.43359375 0.0703125 0.15546875
1 0.33359375 0.1109375 0.03671875 0.05
3 0.3890625 0.13203125 0.04609375 0.09140625
1 0.19765625 0.9734375 0.1046875 0.053125