1 0.8109375 0.1015625 0.02734375 0.040625
1 0.60859375 0.27578125 0.04609375 0.08046875
1 0.5421875 0.1796875 0.03984375 0.0640625
1 0.56328125 0.24453125 0.0484375 0.07421875
1 0.590625 0.184375 0.03828125 0.05859375
1 0.51484375 0.378125 0.05703125 0.1046875
1 0.6390625 0.196875 0.04140625 0.065625
1 0.578125 0.12734375 0.03515625 0.0484375
1 0.61875 0.3734375 0.059375 0.1109375
1 0.628125 0.09609375 0.03125 0.04140625
1 0.68359375 0.05 0.0265625 0.03984375
1 0.61875 0.13671875 0.03515625 0.046875
1 0.646875 0.06328125 0.02890625 0.03671875
1 0.64921875 0.53046875 0.08984375 0.1453125
1 0.6140625 0.06171875 0.0296875 0.0375
1 0.65234375 0.0421875 0.02421875 0.03046875
1 0.6671875 0.09921875 0.03046875 0.053125
1 0.3265625 0.4203125 0.12265625 0.10546875
1 0.6140625 0.334375 0.04765625 0.053125