2 0.57265625 0.5796875 0.05390625 0.1078125
2 0.73671875 0.4921875 0.03984375 0.1140625
2 0.63984375 0.453125 0.034375 0.1078125
2 0.58515625 0.4046875 0.021875 0.09375
2 0.60546875 0.3453125 0.01875 0.10546875
3 0.553125 0.20625 0.0859375 0.21640625
1 0.81015625 0.10703125 0.0265625 0.04453125
1 0.68203125 0.0734375 0.02265625 0.05703125
1 0.65859375 0.12734375 0.03359375 0.04765625
1 0.64375 0.18125 0.04375 0.08515625
1 0.6453125 0.06953125 0.03125 0.053125
1 0.4734375 0.4265625 0.05625 0.1203125
1 0.6109375 0.134375 0.03671875 0.0625
1 0.65546875 0.03203125 0.0265625 0.0234375
1 0.64453125 0.05625 0.021875 0.0203125