1 0.71796875 0.5828125 0.13828125 0.16796875
1 0.55 0.27578125 0.0484375 0.09765625
1 0.61796875 0.12265625 0.0296875 0.046875
0 0.61875 0.36640625 0.0640625 0.1375
1 0.64921875 0.1578125 0.0359375 0.05
1 0.61484375 0.25703125 0.046875 0.07734375
1 0.61015625 0.1984375 0.0359375 0.05078125
1 0.653125 0.04765625 0.02421875 0.03515625
1 0.66875 0.10703125 0.028125 0.04375
1 0.63984375 0.0859375 0.0265625 0.03984375
1 0.684375 0.06171875 0.02421875 0.0453125
2 0.56875 0.8171875 0.05546875 0.1734375
2 0.82109375 0.86640625 0.07890625 0.17734375