1 0.31640625 0.053125 0.02265625 0.03984375
1 0.390625 0.30625 0.04765625 0.0890625
1 0.52890625 0.628125 0.09765625 0.2203125
1 0.3859375 0.6703125 0.115625 0.23125
1 0.35234375 0.04609375 0.025 0.0390625
1 0.48984375 0.41796875 0.0578125 0.12265625
1 0.43359375 0.24453125 0.04296875 0.06953125
1 0.34765625 0.1375 0.03203125 0.0578125
1 0.190625 0.10078125 0.028125 0.0453125
1 0.39921875 0.16640625 0.04140625 0.0625
1 0.37421875 0.096875 0.03203125 0.0484375
1 0.33046875 0.47578125 0.08828125 0.13984375
1 0.23828125 0.94609375 0.13984375 0.10546875
1 0.0421875 0.1 0.040625 0.04609375