3 0.42890625 0.65546875 0.11484375 0.20234375
3 0.41015625 0.3421875 0.053125 0.12578125
1 0.45859375 0.2984375 0.05390625 0.0875
1 0.3703125 0.23125 0.040625 0.0671875
1 0.18984375 0.1015625 0.0234375 0.04140625
1 0.2921875 0.553125 0.10703125 0.1578125
1 0.359375 0.07265625 0.0234375 0.04296875
1 0.084375 0.77734375 0.16875 0.2390625
1 0.3796875 0.115625 0.02578125 0.0453125
1 0.3515625 0.16015625 0.03359375 0.053125
1 0.4015625 0.07421875 0.02734375 0.04296875
1 0.33828125 0.0265625 0.0234375 0.04375
1 0.3625 0.04609375 0.02421875 0.0359375
1 0.40390625 0.178125 0.03828125 0.059375
1 0.04140625 0.0953125 0.02890625 0.0375