3 0.0703125 0.665625 0.140625 0.3828125
4 0.3703125 0.37265625 0.07109375 0.13984375
2 0.0484375 0.39921875 0.05546875 0.059375
1 0.27265625 0.7671875 0.16484375 0.24921875
1 0.47265625 0.45546875 0.07421875 0.1296875
1 0.44375 0.25078125 0.0484375 0.078125
1 0.36953125 0.2125 0.0453125 0.0640625
1 0.34375 0.13125 0.0328125 0.05078125
1 0.33359375 0.0921875 0.028125 0.04140625
1 0.18984375 0.103125 0.02890625 0.03984375
1 0.31796875 0.05703125 0.0265625 0.0390625
1 0.3890625 0.13671875 0.034375 0.04140625
1 0.38203125 0.10625 0.02734375 0.0234375