1 0.18125 0.72109375 0.15703125 0.21875
1 0.32265625 0.51640625 0.09609375 0.16171875
1 0.43828125 0.565625 0.09609375 0.1640625
1 0.81953125 0.44375 0.12109375 0.09921875
1 0.4609375 0.365625 0.0546875 0.0984375
1 0.38984375 0.33046875 0.04921875 0.09609375
3 0.35390625 0.15625 0.0515625 0.0984375
1 0.42421875 0.2296875 0.04765625 0.0765625
1 0.45859375 0.1890625 0.04609375 0.0859375
1 0.36171875 0.0859375 0.0265625 0.046875
1 0.35078125 0.0546875 0.0265625 0.03671875
1 0.32734375 0.08515625 0.025 0.04296875