1 0.7109375 0.75859375 0.1796875 0.228125
2 0.57578125 0.5546875 0.05625 0.15390625
4 0.64609375 0.45078125 0.0921875 0.14140625
4 0.53046875 0.3625 0.059375 0.1453125
1 0.61015625 0.27578125 0.05859375 0.09296875
1 0.59375 0.1765625 0.0421875 0.06875
1 0.6453125 0.18828125 0.0390625 0.06328125
1 0.61796875 0.121875 0.02890625 0.04296875
1 0.6578125 0.13125 0.0296875 0.0390625
1 0.63828125 0.08359375 0.028125 0.03828125
1 0.68515625 0.0578125 0.0234375 0.0421875
1 0.653125 0.04453125 0.02265625 0.0375
1 0.81171875 0.1015625 0.02578125 0.04375