2 0.690625 0.67265625 0.04921875 0.13671875
1 0.8546875 0.665625 0.1359375 0.17890625
1 0.53984375 0.603125 0.084375 0.1828125
1 0.621875 0.37109375 0.0609375 0.1078125
1 0.525 0.3765625 0.0609375 0.134375
1 0.48515625 0.29921875 0.053125 0.09765625
1 0.62890625 0.225 0.04375 0.07265625
1 0.56796875 0.2171875 0.0453125 0.0734375
1 0.5421875 0.184375 0.03984375 0.065625
1 0.64765625 0.15703125 0.0375 0.06015625
1 0.809375 0.10078125 0.02890625 0.0359375
1 0.61875 0.13046875 0.03359375 0.06015625
1 0.634375 0.090625 0.02734375 0.04453125
1 0.625 0.04375 0.0234375 0.0375
1 0.646875 0.05390625 0.02265625 0.03515625