1 0.4046875 0.31796875 0.05703125 0.10390625
1 0.34140625 0.03515625 0.0234375 0.034375
1 0.4640625 0.29296875 0.053125 0.08828125
1 0.34453125 0.47265625 0.0828125 0.1390625
1 0.3609375 0.075 0.028125 0.04140625
1 0.41484375 0.19375 0.0421875 0.0671875
1 0.32109375 0.07890625 0.0234375 0.0390625
1 0.31640625 0.0484375 0.02421875 0.0375
1 0.18984375 0.10625 0.02734375 0.046875
1 0.35234375 0.17421875 0.04140625 0.0671875
1 0.37890625 0.11953125 0.03359375 0.05546875
1 0.4390625 0.60234375 0.0921875 0.190625
1 0.11484375 0.815625 0.1953125 0.25625