3 0.35703125 0.38203125 0.11640625 0.2
1 0.6015625 0.39140625 0.11796875 0.1265625
1 0.4703125 0.321875 0.059375 0.10390625
1 0.51484375 0.28359375 0.059375 0.09375
1 0.428125 0.1328125 0.03359375 0.05390625
1 0.471875 0.21171875 0.0453125 0.06640625
1 0.3859375 0.1546875 0.03515625 0.05078125
1 0.3828125 0.25 0.0453125 0.07109375
1 0.36171875 0.1859375 0.040625 0.0546875
1 0.4140625 0.18515625 0.0421875 0.05390625
1 0.43046875 0.2359375 0.040625 0.0703125
3 0.371875 0.08515625 0.046875 0.0921875
1 0.18984375 0.1046875 0.034375 0.046875