1 0.66015625 0.7125 0.16640625 0.25625
1 0.79375 0.6125 0.12734375 0.15625
1 0.62109375 0.39296875 0.0625 0.13125
1 0.54375 0.48046875 0.06796875 0.13125
1 0.6421875 0.190625 0.03359375 0.05859375
1 0.6671875 0.10078125 0.03046875 0.0421875
1 0.615625 0.15703125 0.03671875 0.06171875
1 0.5578125 0.27578125 0.05 0.0875
1 0.65859375 0.13515625 0.0359375 0.05859375
1 0.6328125 0.09609375 0.028125 0.04140625
1 0.809375 0.1046875 0.028125 0.04453125
1 0.68203125 0.0515625 0.0234375 0.03984375
1 0.659375 0.028125 0.02109375 0.03359375
2 0.6203125 0.26640625 0.02578125 0.06953125