0 0.5640625 0.44375 0.1015625 0.17265625
4 0.6078125 0.13125 0.05703125 0.0828125
1 0.48359375 0.3 0.05859375 0.11015625
1 0.628125 0.2140625 0.04453125 0.0796875
1 0.6125 0.33359375 0.04765625 0.096875
1 0.63671875 0.07578125 0.03125 0.05078125
1 0.5640625 0.2484375 0.04453125 0.06953125
1 0.528125 0.21875 0.0421875 0.065625
1 0.653125 0.159375 0.03125 0.05234375
1 0.709375 0.55390625 0.13203125 0.18203125
1 0.81015625 0.10234375 0.0265625 0.0421875
1 0.6671875 0.1125 0.03515625 0.04765625
1 0.6546875 0.03828125 0.02421875 0.02734375
1 0.68828125 0.05234375 0.021875 0.03046875