1 0.87890625 0.47265625 0.121875 0.10625
1 0.34140625 0.74296875 0.121875 0.2203125
1 0.43125 0.240625 0.04453125 0.075
3 0.10234375 0.8921875 0.18671875 0.209375
1 0.3921875 0.284375 0.04765625 0.08125
1 0.4484375 0.4 0.0578125 0.11953125
1 0.190625 0.103125 0.02734375 0.04453125
1 0.3625 0.19453125 0.0359375 0.06171875
1 0.38984375 0.15390625 0.03515625 0.059375
1 0.36796875 0.096875 0.02890625 0.0421875
1 0.33828125 0.13046875 0.03046875 0.0484375
1 0.325 0.0953125 0.0328125 0.0453125
2 0.32265625 0.5328125 0.03671875 0.10703125
2 0.39140625 0.19765625 0.0171875 0.04453125