3 0.7625 0.6125 0.22578125 0.4078125
1 0.6625 0.82421875 0.12890625 0.2546875
2 0.50703125 0.7296875 0.0328125 0.09453125
2 0.56484375 0.6828125 0.0421875 0.09609375
2 0.5703125 0.578125 0.03671875 0.08125
1 0.52421875 0.4078125 0.05859375 0.11875
1 0.621875 0.3984375 0.0625 0.11328125
1 0.50546875 0.2375 0.0515625 0.075
1 0.540625 0.28515625 0.04609375 0.0890625
1 0.61171875 0.2546875 0.046875 0.1
1 0.5875 0.1921875 0.03828125 0.0640625
1 0.64375 0.15390625 0.034375 0.0640625
1 0.8109375 0.0984375 0.025 0.0359375
1 0.6640625 0.1 0.028125 0.04609375
1 0.63515625 0.08046875 0.021875 0.034375