1 0.6578125 0.5109375 0.08984375 0.146875
1 0.53515625 0.28671875 0.0546875 0.0875
1 0.59609375 0.30703125 0.05390625 0.09296875
1 0.6375 0.18671875 0.040625 0.07890625
1 0.62109375 0.1 0.03125 0.04453125
1 0.66953125 0.07890625 0.03125 0.04609375
1 0.81015625 0.10078125 0.02734375 0.04140625
1 0.65703125 0.13515625 0.03125 0.04921875
1 0.68515625 0.04921875 0.02578125 0.03671875
1 0.95078125 0.253125 0.046875 0.0734375
3 0.71171875 0.81484375 0.2703125 0.3703125
2 0.5109375 0.61875 0.040625 0.0953125
2 0.4546875 0.5328125 0.03359375 0.08359375
2 0.5375 0.46953125 0.0328125 0.0796875
2 0.5078125 0.4125 0.0203125 0.0703125