1 0.7921875 0.6140625 0.140625 0.1640625
3 0.6578125 0.71328125 0.1609375 0.265625
1 0.6421875 0.190625 0.034375 0.05859375
1 0.62109375 0.39453125 0.0625 0.13515625
1 0.54453125 0.48203125 0.06875 0.13359375
1 0.81015625 0.10390625 0.028125 0.0453125
1 0.615625 0.15703125 0.0375 0.0609375
1 0.5578125 0.27578125 0.05 0.0875
1 0.66796875 0.10078125 0.03046875 0.0421875
1 0.68203125 0.05234375 0.0234375 0.03828125
1 0.6328125 0.09609375 0.02890625 0.04140625
1 0.6578125 0.134375 0.03515625 0.05625