1 0.95078125 0.74609375 0.0984375 0.17734375
1 0.52265625 0.49609375 0.0640625 0.13046875
1 0.54296875 0.3359375 0.05 0.10390625
1 0.55625 0.1703125 0.0375 0.06171875
1 0.6203125 0.2453125 0.046875 0.08515625
1 0.64765625 0.153125 0.03828125 0.05859375
4 0.6171875 0.11015625 0.03515625 0.06015625
3 0.65625 0.43671875 0.0828125 0.121875
3 0.6296875 0.7359375 0.16015625 0.3890625
2 0.37421875 0.3890625 0.0421875 0.053125
2 0.60625 0.3109375 0.01875 0.0484375
2 0.79921875 0.6140625 0.059375 0.09609375