1 0.93828125 0.93203125 0.1234375 0.1359375
1 0.69609375 0.59140625 0.1046875 0.16484375
1 0.5296875 0.4703125 0.06484375 0.1265625
1 0.60546875 0.35703125 0.05546875 0.1109375
1 0.5796875 0.20390625 0.04296875 0.06875
1 0.625 0.23671875 0.0453125 0.07109375
1 0.76875 0.10703125 0.034375 0.04375
1 0.81015625 0.09765625 0.0296875 0.0359375
1 0.66015625 0.13515625 0.03203125 0.0515625
1 0.60703125 0.13359375 0.0328125 0.05390625
4 0.64609375 0.05625 0.03046875 0.05859375
1 0.684375 0.04375 0.021875 0.03515625
2 0.653125 0.31953125 0.0453125 0.05078125
3 0.5953125 0.69921875 0.12734375 0.26015625