1 0.60234375 0.3015625 0.05078125 0.08515625
1 0.5765625 0.20234375 0.04375 0.071875
1 0.53984375 0.2828125 0.053125 0.08515625
1 0.634375 0.20234375 0.0375 0.06171875
1 0.6828125 0.0578125 0.02421875 0.04140625
1 0.80859375 0.0984375 0.02890625 0.040625
1 0.6296875 0.4234375 0.0765625 0.11640625
1 0.6484375 0.06484375 0.025 0.0375
1 0.6125 0.10546875 0.03125 0.0390625
1 0.66875 0.8875 0.140625 0.21015625
1 0.7359375 0.634375 0.11875 0.19453125
1 0.2953125 0.4390625 0.1265625 0.10859375
1 0.6 0.075 0.02578125 0.04375
1 0.63671875 0.14765625 0.034375 0.0484375