1 0.10390625 0.8921875 0.14921875 0.215625
1 0.33359375 0.74921875 0.12890625 0.2359375
1 0.375 0.43984375 0.0703125 0.1171875
1 0.47109375 0.3859375 0.0515625 0.10859375
1 0.44375 0.2484375 0.05703125 0.0890625
1 0.39140625 0.2671875 0.05078125 0.08671875
1 0.403125 0.1671875 0.04140625 0.0578125
1 0.36328125 0.1828125 0.040625 0.06640625
1 0.18984375 0.1015625 0.02578125 0.04296875
1 0.3734375 0.10390625 0.03515625 0.0484375
1 0.34453125 0.13125 0.0328125 0.0515625
1 0.3578125 0.0671875 0.02734375 0.0390625
1 0.3234375 0.071875 0.028125 0.0453125
1 0.3125 0.0484375 0.02421875 0.02890625
2 0.5296875 0.38046875 0.0234375 0.059375