2 0.703125 0.490625 0.10390625 0.12890625
2 0.33984375 0.4953125 0.0671875 0.09296875
2 0.37890625 0.4515625 0.05390625 0.08046875
2 0.196875 0.3 0.03203125 0.0671875
2 0.571875 0.5671875 0.071875 0.10703125
2 0.11875 0.4859375 0.09765625 0.0953125
1 0.09375 0.5859375 0.1875 0.11875
2 0.07421875 0.3765625 0.04921875 0.05859375
1 0.36875 0.20703125 0.04375 0.06953125
1 0.459375 0.1921875 0.0375 0.05625
1 0.39765625 0.14765625 0.0328125 0.03828125
1 0.4171875 0.2015625 0.03828125 0.0671875
4 0.35078125 0.15625 0.046875 0.07265625