3 0.58984375 0.71953125 0.14375 0.27109375
1 0.5375 0.5046875 0.0734375 0.15078125
1 0.62890625 0.396875 0.0734375 0.1203125
2 0.5875 0.30703125 0.02265625 0.0734375
2 0.55546875 0.3015625 0.0203125 0.071875
2 0.55859375 0.2453125 0.01875 0.06875
2 0.6359375 0.09296875 0.01796875 0.0484375
1 0.5453125 0.175 0.04375 0.0625
1 0.60078125 0.14453125 0.034375 0.05859375
1 0.64140625 0.16484375 0.0328125 0.0734375
1 0.6109375 0.24765625 0.04140625 0.08515625
1 0.6609375 0.1078125 0.02734375 0.04921875
1 0.8125 0.1015625 0.028125 0.040625