1 0.45859375 0.4296875 0.06328125 0.12109375
1 0.33515625 0.70703125 0.12421875 0.2203125
1 0.109375 0.8890625 0.1578125 0.221875
1 0.365625 0.075 0.02890625 0.05078125
1 0.44453125 0.22578125 0.0375 0.07265625
1 0.240625 0.09921875 0.03203125 0.04375
1 0.33671875 0.09296875 0.02578125 0.04375
1 0.18984375 0.10390625 0.0265625 0.0453125
1 0.31796875 0.05 0.025 0.03828125
1 0.978125 0.1515625 0.04140625 0.05625
3 0.39296875 0.25390625 0.08203125 0.16640625
1 0.36171875 0.17734375 0.02421875 0.04453125
1 0.33515625 0.01640625 0.01953125 0.03203125