2 0.51953125 0.6046875 0.05390625 0.1265625
2 0.61640625 0.67421875 0.04140625 0.1375
2 0.66484375 0.57578125 0.03828125 0.1265625
1 0.653125 0.44140625 0.08515625 0.1265625
1 0.5359375 0.321875 0.05390625 0.10078125
1 0.4984375 0.2453125 0.05078125 0.08203125
4 0.6203125 0.2484375 0.053125 0.10546875
1 0.54453125 0.1796875 0.0453125 0.065625
1 0.578125 0.21171875 0.04140625 0.0734375
1 0.65546875 0.15078125 0.03203125 0.05625
1 0.609375 0.15234375 0.0359375 0.05859375
1 0.57265625 0.134375 0.0328125 0.04609375
1 0.59609375 0.0859375 0.028125 0.04140625
1 0.62578125 0.11015625 0.0328125 0.04453125
1 0.6359375 0.075 0.0265625 0.04375
1 0.66328125 0.1015625 0.0296875 0.0390625