1 0.5578125 0.41953125 0.06171875 0.10859375
1 0.6828125 0.48671875 0.08984375 0.13125
1 0.55625 0.2375 0.04453125 0.075
1 0.60859375 0.2671875 0.046875 0.084375
1 0.65625 0.7421875 0.12578125 0.23828125
1 0.63828125 0.18515625 0.03359375 0.05859375
1 0.6078125 0.15390625 0.03125 0.0515625
1 0.65546875 0.128125 0.028125 0.05
1 0.8109375 0.10546875 0.0265625 0.046875
1 0.6234375 0.103125 0.0265625 0.04375
1 0.6578125 0.0390625 0.0203125 0.03203125
1 0.6453125 0.0640625 0.02421875 0.0421875
1 0.95625 0.084375 0.03359375 0.0453125
2 0.4765625 0.96953125 0.115625 0.05703125
2 0.74921875 0.390625 0.05390625 0.0578125
2 0.68359375 0.3125 0.046875 0.05390625
1 0.6765625 0.0671875 0.03046875 0.046875