2 0.55078125 0.60703125 0.05 0.128125
2 0.659375 0.44609375 0.03515625 0.10703125
2 0.78203125 0.51796875 0.05703125 0.13125
1 0.6015625 0.28671875 0.05234375 0.0953125
1 0.52109375 0.22578125 0.04140625 0.0734375
1 0.5453125 0.28671875 0.05546875 0.08671875
1 0.58515625 0.1984375 0.0421875 0.06875
1 0.634375 0.20390625 0.040625 0.0640625
1 0.60625 0.13984375 0.0375 0.0546875
1 0.65234375 0.12421875 0.03046875 0.05859375
1 0.625 0.10859375 0.021875 0.03828125
1 0.6390625 0.078125 0.03125 0.03828125
1 0.65390625 0.0359375 0.025 0.03984375
1 0.68125 0.05546875 0.025 0.03203125