3 0.51875 0.34609375 0.05546875 0.13046875
3 0.38515625 0.3625 0.05234375 0.10703125
1 0.44296875 0.30625 0.04921875 0.084375
1 0.18984375 0.103125 0.028125 0.0453125
1 0.409375 0.184375 0.04375 0.06796875
1 0.41171875 0.5015625 0.0703125 0.1328125
1 0.3453125 0.140625 0.03984375 0.0640625
1 0.33125 0.1 0.03125 0.0484375
1 0.38203125 0.1203125 0.0296875 0.0453125
1 0.41875 0.74296875 0.13984375 0.27890625
1 0.34765625 0.053125 0.02265625 0.0359375
1 0.4640625 0.19609375 0.04375 0.0703125
1 0.315625 0.06015625 0.021875 0.03828125
1 0.36171875 0.08203125 0.02578125 0.04296875