1 0.74296875 0.540625 0.1140625 0.15546875
1 0.5421875 0.49140625 0.08046875 0.165625
1 0.815625 0.8609375 0.171875 0.24765625
1 0.55625 0.2484375 0.04453125 0.0796875
1 0.61640625 0.2625 0.0578125 0.09375
1 0.6046875 0.1515625 0.03984375 0.05234375
1 0.64453125 0.15859375 0.03671875 0.0546875
1 0.63125 0.0765625 0.0328125 0.0484375
1 0.6609375 0.109375 0.03046875 0.0453125
1 0.8109375 0.1015625 0.0265625 0.04453125
1 0.68046875 0.065625 0.021875 0.0359375
1 0.6625 0.02578125 0.021875 0.03046875
1 0.5390625 0.3359375 0.05625 0.0984375