1 0.278125 0.84765625 0.165625 0.30078125
1 0.21015625 0.60625 0.1390625 0.17265625
1 0.38984375 0.38046875 0.065625 0.13125
1 0.47265625 0.37421875 0.053125 0.11484375
1 0.38125 0.2484375 0.04375 0.0765625
1 0.41640625 0.178125 0.0359375 0.06328125
1 0.36015625 0.19453125 0.03828125 0.0640625
1 0.33671875 0.109375 0.0265625 0.04765625
1 0.1890625 0.09765625 0.025 0.03046875
1 0.2390625 0.09296875 0.02578125 0.0390625
1 0.34296875 0.03984375 0.02421875 0.0328125
3 0.3703125 0.0921875 0.03203125 0.0578125
1 0.36796875 0.0390625 0.021875 0.0359375