3 0.8828125 0.67265625 0.17109375 0.2484375
3 0.57109375 0.465625 0.0765625 0.12578125
1 0.4765625 0.42578125 0.059375 0.11953125
3 0.63984375 0.3375 0.084375 0.1890625
1 0.5484375 0.3265625 0.0546875 0.09609375
1 0.59375 0.2 0.04609375 0.08515625
4 0.54453125 0.16484375 0.03984375 0.065625
1 0.64921875 0.1546875 0.03125 0.0546875
3 0.6078125 0.14140625 0.03671875 0.06875
1 0.5734375 0.134375 0.0265625 0.053125
1 0.63046875 0.09375 0.03359375 0.03984375
3 0.64765625 0.04609375 0.034375 0.05703125