3 0.6375 0.67734375 0.12734375 0.22421875
1 0.66328125 0.49296875 0.0875 0.13671875
1 0.62890625 0.09296875 0.02890625 0.0421875
1 0.5359375 0.3109375 0.05859375 0.0859375
1 0.8109375 0.10078125 0.0265625 0.03984375
1 0.56171875 0.140625 0.034375 0.0515625
1 0.57890625 0.19921875 0.0421875 0.0671875
1 0.54609375 0.45234375 0.06328125 0.1265625
1 0.6078125 0.31171875 0.05078125 0.0921875
1 0.6359375 0.90859375 0.153125 0.178125
1 0.63359375 0.203125 0.03828125 0.0640625
1 0.021875 0.134375 0.03828125 0.0296875
1 0.6515625 0.05546875 0.02578125 0.0375
1 0.47734375 0.29453125 0.05 0.08671875
1 0.67890625 0.08203125 0.02109375 0.03203125
1 0.6671875 0.10859375 0.025 0.0359375
1 0.60859375 0.14609375 0.03203125 0.04921875
1 0.6546875 0.14453125 0.02890625 0.04609375
1 0.66640625 0.02421875 0.01484375 0.0296875