1 0.209375 0.62734375 0.17890625 0.1953125
1 0.46171875 0.4453125 0.0609375 0.1234375
1 0.1625 0.93671875 0.13203125 0.11953125
1 0.40234375 0.33046875 0.0515625 0.096875
1 0.459375 0.28203125 0.05 0.08515625
1 0.3671875 0.2265625 0.040625 0.0640625
1 0.41015625 0.175 0.03828125 0.059375
1 0.37265625 0.09921875 0.034375 0.0515625
1 0.35234375 0.1578125 0.034375 0.0578125
1 0.3453125 0.0484375 0.028125 0.0453125
1 0.31796875 0.06328125 0.02265625 0.03984375
1 0.33359375 0.10859375 0.03125 0.04453125
1 0.190625 0.103125 0.03046875 0.04765625
2 0.34296875 0.30078125 0.0390625 0.07421875
2 0.38125 0.75703125 0.1046875 0.25078125