1 0.56796875 0.57734375 0.090625 0.14296875
1 0.53203125 0.35625 0.053125 0.1
1 0.684375 0.4640625 0.0890625 0.1265625
1 0.4515625 0.35234375 0.06640625 0.10234375
1 0.6125 0.26796875 0.0453125 0.08125
1 0.63984375 0.18203125 0.03359375 0.06328125
1 0.58984375 0.1859375 0.03671875 0.06015625
1 0.521875 0.23125 0.0515625 0.08671875
1 0.5734375 0.234375 0.05 0.07890625
1 0.8109375 0.10078125 0.02890625 0.04375
1 0.6671875 0.11953125 0.028125 0.046875
1 0.6390625 0.08125 0.02890625 0.03671875
1 0.62890625 0.115625 0.03203125 0.04609375
1 0.64609375 0.06328125 0.02890625 0.04296875
1 0.6828125 0.07265625 0.02109375 0.03203125
1 0.959375 0.0984375 0.0296875 0.03671875
1 0.6640625 0.0828125 0.025 0.03984375