1 0.81015625 0.10078125 0.0296875 0.04375
1 0.64375 0.1625 0.04375 0.0703125
1 0.53203125 0.203125 0.04140625 0.0703125
1 0.5125 0.36875 0.0578125 0.103125
1 0.596875 0.12578125 0.0328125 0.05
1 0.603125 0.3734375 0.059375 0.12578125
1 0.61953125 0.2359375 0.0421875 0.07421875
1 0.6140625 0.06640625 0.02734375 0.03828125
1 0.74375 0.54375 0.1078125 0.16015625
1 0.659375 0.09453125 0.02421875 0.04296875
1 0.65625 0.040625 0.02109375 0.0328125
1 0.62578125 0.03984375 0.02109375 0.0328125
1 0.959375 0.09453125 0.03125 0.03515625
1 0.6515625 0.0078125 0.0171875 0.01484375