4 0.41015625 0.29765625 0.06640625 0.12890625
1 0.365625 0.21875 0.04296875 0.065625
1 0.38125 0.1015625 0.028125 0.046875
1 0.34609375 0.1453125 0.03359375 0.05703125
1 0.328125 0.0921875 0.02578125 0.0453125
1 0.18984375 0.1046875 0.0265625 0.04453125
1 0.3171875 0.05390625 0.02265625 0.0359375
1 0.43359375 0.55859375 0.0828125 0.17578125
1 0.35390625 0.053125 0.0265625 0.04375
1 0.22734375 0.0375 0.021875 0.03203125
3 0.28671875 0.87890625 0.16171875 0.23515625
2 0.34375 0.31875 0.034375 0.0453125
1 0.05 0.83828125 0.096875 0.2109375