1 0.4453125 0.5265625 0.0734375 0.13828125
1 0.146875 0.696875 0.1484375 0.196875
1 0.39609375 0.284375 0.04765625 0.0828125
1 0.440625 0.35 0.0484375 0.10859375
1 0.92265625 0.4453125 0.10703125 0.0921875
1 0.4328125 0.18671875 0.03671875 0.05546875
1 0.41484375 0.22890625 0.0421875 0.07265625
1 0.359375 0.190625 0.03984375 0.06328125
1 0.49375 0.25859375 0.05390625 0.08515625
1 0.38984375 0.15234375 0.03515625 0.0515625
1 0.403125 0.08984375 0.03046875 0.06015625
1 0.1890625 0.10546875 0.02890625 0.04375
1 0.3375 0.125 0.028125 0.04921875
1 0.3671875 0.09296875 0.03046875 0.046875
1 0.34921875 0.05234375 0.01953125 0.0328125
1 0.04921875 0.25234375 0.04765625 0.0734375
1 0.34296875 0.03359375 0.025 0.02265625