1 0.71875 0.59453125 0.1078125 0.16328125
1 0.57734375 0.1390625 0.0390625 0.05234375
1 0.534375 0.28671875 0.04921875 0.08515625
1 0.6375 0.0328125 0.01953125 0.02578125
1 0.671875 0.09140625 0.0296875 0.0421875
1 0.6546875 0.13515625 0.03125 0.0484375
1 0.8109375 0.1 0.0265625 0.0421875
1 0.6265625 0.2015625 0.0453125 0.0703125
1 0.61171875 0.33125 0.05 0.0984375
1 0.68671875 0.04765625 0.021875 0.0328125
1 0.55546875 0.4734375 0.0859375 0.15859375
1 0.5796875 0.196875 0.0390625 0.06484375
1 0.659375 0.04140625 0.01953125 0.0328125
1 0.63671875 0.07578125 0.03515625 0.06171875
1 0.6 0.0734375 0.0265625 0.04296875
1 0.94921875 0.803125 0.1015625 0.20625
1 0.76484375 0.95390625 0.13359375 0.09140625
1 0.6375 0.0203125 0.01640625 0.0171875
1 0.67421875 0.07734375 0.0203125 0.01953125