2 0.29609375 0.48828125 0.0875 0.10078125
2 0.428125 0.5703125 0.09453125 0.1203125
2 0.62578125 0.440625 0.06640625 0.07578125
2 0.6625 0.503125 0.0890625 0.1078125
2 0.8875 0.48671875 0.0765625 0.10078125
2 0.80546875 0.296875 0.03828125 0.06015625
2 0.92421875 0.37421875 0.053125 0.06484375
1 0.91875 0.58359375 0.1625 0.12578125
1 0.6328125 0.20703125 0.040625 0.06875
1 0.54140625 0.19375 0.0390625 0.0671875
1 0.58359375 0.1984375 0.04140625 0.0734375
1 0.60078125 0.1546875 0.040625 0.0453125
1 0.64765625 0.15859375 0.03359375 0.059375
1 0.65234375 0.11796875 0.03515625 0.01953125