1 0.18984375 0.0984375 0.02578125 0.0421875
1 0.35859375 0.0734375 0.02578125 0.040625
1 0.17578125 0.8171875 0.14921875 0.25234375
1 0.4390625 0.2171875 0.05 0.08046875
1 0.41171875 0.696875 0.13828125 0.24453125
1 0.33125 0.08828125 0.0265625 0.04140625
1 0.31796875 0.04140625 0.01875 0.025
1 0.3859375 0.34921875 0.053125 0.09375
1 0.34140625 0.01796875 0.021875 0.03515625
1 0.35859375 0.471875 0.0875 0.14296875
1 0.478125 0.33515625 0.0390625 0.040625
3 0.3828125 0.2140625 0.078125 0.16796875
3 0.4078125 0.115625 0.0578125 0.115625
3 0.46484375 0.459375 0.0890625 0.22578125