2 0.16015625 0.65390625 0.0640625 0.10390625
2 0.3046875 0.49140625 0.02734375 0.0671875
2 0.28828125 0.4265625 0.0390625 0.07890625
2 0.46953125 0.8453125 0.0265625 0.0875
1 0.18984375 0.0984375 0.0265625 0.03984375
1 0.51171875 0.378125 0.0609375 0.11953125
1 0.41953125 0.38125 0.065625 0.1078125
1 0.43984375 0.26015625 0.04609375 0.07578125
1 0.3828125 0.25078125 0.05 0.08046875
1 0.359375 0.184375 0.04140625 0.05859375
1 0.4015625 0.1671875 0.040625 0.06328125
1 0.38125 0.1203125 0.034375 0.04375
1 0.36484375 0.08359375 0.028125 0.0453125