3 0.66640625 0.08359375 0.04453125 0.08671875
3 0.58671875 0.1765625 0.0546875 0.1125
1 0.58984375 0.30234375 0.04453125 0.0796875
1 0.59296875 0.6171875 0.09375 0.16953125
1 0.459375 0.40546875 0.0578125 0.10859375
1 0.5453125 0.3875 0.05390625 0.10546875
1 0.809375 0.10078125 0.028125 0.04453125
1 0.63203125 0.21171875 0.0546875 0.08046875
1 0.496875 0.26796875 0.0484375 0.0796875
1 0.634375 0.4328125 0.071875 0.11328125
1 0.65 0.15625 0.03359375 0.04921875
1 0.79375 0.68046875 0.13046875 0.1953125
1 0.61640625 0.12734375 0.03125 0.053125
1 0.034375 0.4390625 0.06796875 0.0921875
1 0.64140625 0.07109375 0.015625 0.03515625