1 0.021875 0.50234375 0.04296875 0.09296875
1 0.8125 0.94375 0.121875 0.11171875
1 0.61640625 0.74453125 0.12890625 0.28515625
1 0.76875 0.63515625 0.13046875 0.175
1 0.63125 0.4203125 0.07578125 0.134375
1 0.38984375 0.38671875 0.08828125 0.09921875
1 0.5375 0.34296875 0.0484375 0.09609375
1 0.53203125 0.20234375 0.03984375 0.0625
3 0.5828125 0.18359375 0.05390625 0.10546875
3 0.6296875 0.20859375 0.04140625 0.0890625
1 0.615625 0.14140625 0.03828125 0.0625
1 0.66171875 0.11484375 0.0328125 0.04296875
1 0.67421875 0.0703125 0.02421875 0.04453125
1 0.8125 0.09375 0.025 0.03515625
4 0.63828125 0.07109375 0.0265625 0.0453125