2 0.221875 0.53828125 0.05234375 0.08203125
2 0.3390625 0.46796875 0.03359375 0.0734375
2 0.45234375 0.6296875 0.0375 0.09296875
1 0.453125 0.2875 0.0484375 0.08359375
1 0.39609375 0.2859375 0.04609375 0.07890625
4 0.475 0.2265625 0.0421875 0.0703125
1 0.41328125 0.1953125 0.04375 0.06328125
1 0.36171875 0.203125 0.03671875 0.06328125
1 0.39609375 0.1421875 0.0328125 0.04296875
1 0.18984375 0.09765625 0.02265625 0.04296875
1 0.371875 0.10625 0.025 0.04453125
1 0.34609375 0.1234375 0.03125 0.04921875