1 0.88828125 0.7390625 0.1953125 0.26875
1 0.6625 0.46484375 0.0859375 0.11953125
1 0.54453125 0.3765625 0.04921875 0.10078125
1 0.6375 0.2015625 0.03984375 0.06171875
1 0.6078125 0.153125 0.034375 0.05
4 0.528125 0.20390625 0.05546875 0.1078125
1 0.81015625 0.10078125 0.028125 0.04609375
1 0.5734375 0.21484375 0.04453125 0.071875
1 0.66328125 0.10859375 0.02890625 0.046875
0 0.6109375 0.2796875 0.046875 0.10859375
1 0.646875 0.06953125 0.02890625 0.03828125
1 0.62578125 0.10234375 0.028125 0.04453125
2 0.778125 0.5921875 0.0484375 0.07578125
2 0.57734375 0.58828125 0.0375 0.090625
2 0.5140625 0.5109375 0.0265625 0.06875
2 0.75 0.38984375 0.0515625 0.05859375
2 0.684375 0.3125 0.04296875 0.05078125