1 0.27109375 0.875 0.1671875 0.25
1 0.43046875 0.58203125 0.08671875 0.175
1 0.4359375 0.2703125 0.05 0.084375
1 0.34296875 0.4234375 0.1015625 0.1609375
1 0.34609375 0.140625 0.02890625 0.0515625
1 0.53671875 0.4421875 0.0609375 0.1421875
1 0.38671875 0.13125 0.03125 0.05
1 0.4390625 0.153125 0.0359375 0.0546875
1 0.34765625 0.059375 0.02578125 0.03828125
1 0.4109375 0.18984375 0.03984375 0.06640625
1 0.190625 0.1046875 0.02734375 0.0421875
1 0.36640625 0.2171875 0.03984375 0.06640625
1 0.0328125 0.7859375 0.06484375 0.15703125
1 0.340625 0.02265625 0.02109375 0.03515625
1 0.31875 0.0828125 0.02109375 0.03828125
3 0.50859375 0.25703125 0.07109375 0.15078125
1 0.315625 0.04140625 0.01953125 0.03046875