1 0.07109375 0.93671875 0.1421875 0.1265625
1 0.36640625 0.79140625 0.1234375 0.25078125
1 0.4578125 0.52265625 0.06953125 0.14609375
1 0.3609375 0.4296875 0.06953125 0.11953125
1 0.43671875 0.259375 0.05 0.07578125
1 0.38359375 0.2609375 0.04375 0.0828125
1 0.3546875 0.1609375 0.0296875 0.0609375
1 0.4921875 0.24140625 0.05078125 0.08125
4 0.39453125 0.115625 0.046875 0.096875
3 0.37734375 0.04375 0.03828125 0.07265625
1 0.1890625 0.10078125 0.028125 0.0375
1 0.3265625 0.084375 0.028125 0.046875
2 0.35 0.08828125 0.01171875 0.028125