1 0.346875 0.7484375 0.1328125 0.24609375
1 0.26328125 0.65625 0.12890625 0.1875
3 0.61875 0.38984375 0.1046875 0.10546875
4 0.35625 0.4765625 0.08203125 0.1375
2 0.45 0.45546875 0.02265625 0.06796875
2 0.1140625 0.35625 0.0453125 0.0578125
1 0.37421875 0.184375 0.05 0.0796875
1 0.4234375 0.18828125 0.03828125 0.059375
1 0.4640625 0.29609375 0.05078125 0.08046875
3 0.3984375 0.34296875 0.05703125 0.09765625
1 0.190625 0.0984375 0.0265625 0.03984375
1 0.33984375 0.10859375 0.0265625 0.05234375
1 0.3640625 0.0875 0.02734375 0.03671875
1 0.31328125 0.0453125 0.02109375 0.0328125