1 0.7609375 0.72578125 0.1359375 0.22734375
1 0.571875 0.5765625 0.0984375 0.17734375
1 0.534375 0.38515625 0.05234375 0.11484375
1 0.6421875 0.43359375 0.0734375 0.12578125
1 0.609375 0.2890625 0.04765625 0.0859375
1 0.55625 0.259375 0.04609375 0.07265625
1 0.64375 0.18203125 0.04140625 0.0609375
1 0.8109375 0.10390625 0.03046875 0.04453125
1 0.61015625 0.06328125 0.02421875 0.034375
2 0.5015625 0.3484375 0.02265625 0.06171875
2 0.625 0.16796875 0.015625 0.02421875
1 0.596875 0.1609375 0.04296875 0.07109375
3 0.63984375 0.06484375 0.0390625 0.09453125
1 0.65625 0.12890625 0.0296875 0.0609375