1 0.20859375 0.68515625 0.13359375 0.2109375
1 0.40625 0.61640625 0.09375 0.16953125
1 0.365625 0.4328125 0.07421875 0.1140625
1 0.45390625 0.38515625 0.05390625 0.1078125
1 0.53984375 0.4046875 0.05703125 0.109375
1 0.5015625 0.26875 0.0484375 0.0796875
1 0.4109375 0.3015625 0.04453125 0.078125
1 0.19140625 0.1015625 0.028125 0.0421875
1 0.3828125 0.12890625 0.03203125 0.05546875
1 0.3671875 0.21328125 0.053125 0.0828125
1 0.35 0.15390625 0.03359375 0.0453125
1 0.41875 0.20078125 0.04140625 0.07265625
1 0.96328125 0.4390625 0.06875 0.0890625
1 0.33671875 0.08671875 0.0515625 0.06640625