1 0.8109375 0.10234375 0.028125 0.0421875
1 0.53203125 0.35078125 0.0546875 0.103125
1 0.55625 0.253125 0.046875 0.07890625
1 0.63203125 0.2203125 0.04609375 0.071875
1 0.65234375 0.05 0.02421875 0.0359375
1 0.5578125 0.49609375 0.07109375 0.14765625
1 0.634375 0.4171875 0.07421875 0.121875
3 0.4875 0.26015625 0.06171875 0.11875
1 0.646875 0.1640625 0.034375 0.0515625
1 0.821875 0.6359375 0.134375 0.1671875
1 0.60625 0.16484375 0.03515625 0.0578125
1 0.6359375 0.0953125 0.02578125 0.046875
3 0.7609375 0.82265625 0.2 0.325