1 0.78828125 0.634375 0.13671875 0.1765625
1 0.23125 0.45546875 0.13984375 0.1375
1 0.49921875 0.26640625 0.0515625 0.08125
1 0.63359375 0.2140625 0.040625 0.06484375
1 0.55546875 0.259375 0.04609375 0.08359375
1 0.528125 0.4 0.06171875 0.1265625
3 0.6234375 0.3609375 0.059375 0.140625
1 0.5734375 0.13046875 0.0328125 0.05234375
1 0.61328125 0.1390625 0.0359375 0.05
1 0.66015625 0.1296875 0.03046875 0.0515625
1 0.671875 0.08515625 0.0296875 0.03515625
1 0.63984375 0.01796875 0.025 0.03359375
1 0.63828125 0.0859375 0.02734375 0.03984375
1 0.65078125 0.05859375 0.02578125 0.03671875
1 0.67265625 0.0140625 0.028125 0.02265625
2 0.721875 0.528125 0.0453125 0.084375
1 0.8109375 0.10078125 0.025 0.0359375