1 0.60234375 0.32578125 0.05078125 0.1015625
1 0.615625 0.24296875 0.04296875 0.07578125
1 0.56015625 0.2375 0.04609375 0.07578125
1 0.55078125 0.38984375 0.05625 0.1078125
1 0.5515625 0.18515625 0.03828125 0.0640625
1 0.6296875 0.09296875 0.02890625 0.04375
4 0.6453125 0.1578125 0.03828125 0.06953125
1 0.6703125 0.0984375 0.028125 0.04609375
1 0.56953125 0.51171875 0.08359375 0.1421875
1 0.63125 0.03828125 0.0234375 0.03203125
1 0.6828125 0.04453125 0.02421875 0.04375
1 0.8109375 0.10390625 0.02734375 0.04609375
1 0.66328125 0.0328125 0.0171875 0.03359375
1 0.78828125 0.63984375 0.146875 0.17578125
1 0.9578125 0.09296875 0.0296875 0.03359375
2 0.68125 0.3140625 0.046875 0.046875
2 0.64765625 0.02265625 0.00859375 0.025
1 0.603125 0.1546875 0.03828125 0.05859375