1 0.8109375 0.10859375 0.02890625 0.04765625
1 0.62578125 0.23046875 0.04765625 0.0765625
1 0.55546875 0.23828125 0.0453125 0.07734375
1 0.659375 0.11875 0.0328125 0.05859375
1 0.5265625 0.3515625 0.053125 0.11171875
3 0.61953125 0.33828125 0.0546875 0.1375
1 0.68046875 0.06015625 0.0203125 0.0453125
1 0.66328125 0.03125 0.01796875 0.0328125
1 0.82578125 0.77265625 0.15234375 0.23671875
1 0.66796875 0.4921875 0.08515625 0.14296875
1 0.6484375 0.065625 0.02421875 0.03359375
4 0.61640625 0.5875 0.10859375 0.2203125
1 0.75703125 0.05234375 0.0234375 0.04453125