1 0.434375 0.2703125 0.05 0.08359375
1 0.34609375 0.1421875 0.02890625 0.05390625
1 0.4390625 0.1546875 0.034375 0.05625
3 0.3859375 0.1328125 0.03046875 0.0515625
1 0.365625 0.2171875 0.03984375 0.06796875
1 0.31875 0.0828125 0.0203125 0.03828125
1 0.4296875 0.584375 0.0859375 0.18359375
1 0.315625 0.04296875 0.0171875 0.03046875
1 0.26875 0.8765625 0.15234375 0.23984375
1 0.0328125 0.79765625 0.0640625 0.17890625
3 0.34375 0.42265625 0.10078125 0.1578125
1 0.346875 0.06015625 0.025 0.03828125
1 0.5375 0.45 0.06328125 0.153125
1 0.18984375 0.10390625 0.028125 0.040625
1 0.5109375 0.2859375 0.04921875 0.090625
1 0.33984375 0.02265625 0.02109375 0.0359375
1 0.4109375 0.1890625 0.0390625 0.06640625