1 0.42109375 0.6265625 0.08984375 0.17734375
1 0.28515625 0.6078125 0.11875 0.1875
1 0.47890625 0.4078125 0.05703125 0.11328125
1 0.3875 0.3875 0.06640625 0.12265625
1 0.42421875 0.21015625 0.040625 0.06484375
1 0.3859375 0.24296875 0.04453125 0.0765625
1 0.46484375 0.27890625 0.046875 0.07890625
1 0.3875 0.14296875 0.03515625 0.05625
1 0.23671875 0.02421875 0.02109375 0.03125
1 0.328125 0.096875 0.028125 0.0421875
1 0.3609375 0.08125 0.02734375 0.0421875
1 0.31796875 0.05234375 0.021875 0.03515625
1 0.1890625 0.0984375 0.02265625 0.03359375