1 0.371875 0.7671875 0.13828125 0.22734375
1 0.325 0.50703125 0.09609375 0.15234375
1 0.471875 0.39453125 0.06328125 0.115625
1 0.5859375 0.3703125 0.08125 0.1046875
1 0.4265625 0.2375 0.053125 0.0890625
1 0.5046875 0.28125 0.05390625 0.08359375
1 0.3609375 0.196875 0.0421875 0.0671875
1 0.46796875 0.1953125 0.04296875 0.0734375
1 0.33671875 0.11875 0.02578125 0.053125
1 0.37734375 0.11875 0.0328125 0.04921875
2 0.38515625 0.41015625 0.03359375 0.05625
4 0.346875 0.05390625 0.02421875 0.04453125