1 0.3890625 0.2796875 0.05 0.084375
1 0.31640625 0.05625 0.02265625 0.04140625
1 0.36171875 0.0734375 0.025 0.0421875
3 0.4265625 0.55546875 0.1328125 0.31015625
1 0.371875 0.40390625 0.06796875 0.1203125
3 0.34453125 0.12421875 0.028125 0.05546875
1 0.4578125 0.18671875 0.0375 0.05546875
1 0.44609375 0.275 0.04765625 0.07578125
3 0.396875 0.1484375 0.040625 0.0609375
1 0.49609375 0.2515625 0.046875 0.07421875
1 0.37109375 0.20546875 0.03671875 0.06171875
1 0.34921875 0.01015625 0.01953125 0.01953125
1 0.18984375 0.1015625 0.028125 0.04140625
1 0.515625 0.3546875 0.04140625 0.096875