1 0.10234375 0.746875 0.16875 0.21015625
2 0.27421875 0.69453125 0.07265625 0.15
1 0.446875 0.58046875 0.11171875 0.1671875
4 0.36015625 0.4296875 0.103125 0.11640625
4 0.3953125 0.27421875 0.04453125 0.09453125
4 0.41953125 0.19296875 0.0421875 0.065625
4 0.36171875 0.18671875 0.0484375 0.06484375
4 0.44375 0.15078125 0.03828125 0.06640625
4 0.38671875 0.11875 0.03828125 0.06015625
4 0.190625 0.10234375 0.03125 0.03984375
4 0.32578125 0.0859375 0.0203125 0.04609375
4 0.36171875 0.07890625 0.02109375 0.03203125