1 0.56953125 0.24296875 0.04765625 0.07265625
1 0.64375 0.06875 0.025 0.03203125
1 0.65 0.17421875 0.0359375 0.06015625
1 0.53203125 0.38203125 0.05546875 0.11328125
1 0.5984375 0.1765625 0.0375 0.05390625
1 0.48671875 0.3078125 0.05078125 0.08515625
1 0.56875 0.5171875 0.075 0.14375
1 0.6625 0.11171875 0.025 0.0421875
1 0.8109375 0.10234375 0.0296875 0.04609375
1 0.62265625 0.12421875 0.03046875 0.0421875
1 0.6796875 0.075 0.02109375 0.0390625
1 0.6421875 0.46796875 0.084375 0.1421875
1 0.66796875 0.0203125 0.015625 0.034375