1 0.83984375 0.64453125 0.146875 0.1796875
1 0.665625 0.7859375 0.13984375 0.23046875
1 0.54375 0.53125 0.078125 0.1421875
1 0.525 0.35390625 0.0546875 0.11640625
1 0.6359375 0.203125 0.0359375 0.06328125
1 0.6 0.403125 0.05859375 0.1109375
1 0.603125 0.29609375 0.04765625 0.0875
1 0.56171875 0.234375 0.05078125 0.08359375
1 0.61796875 0.1171875 0.034375 0.0609375
1 0.64140625 0.065625 0.0265625 0.0375
1 0.67109375 0.07109375 0.0265625 0.040625
1 0.66015625 0.1203125 0.02734375 0.0484375
1 0.8109375 0.103125 0.02734375 0.04375