1 0.39453125 0.1484375 0.03203125 0.05
1 0.34453125 0.125 0.03125 0.05390625
1 0.3890625 0.31796875 0.04375 0.09140625
1 0.45859375 0.28828125 0.05078125 0.0796875
1 0.36484375 0.084375 0.0265625 0.04453125
1 0.4203125 0.21875 0.03828125 0.065625
1 0.46640625 0.415625 0.0546875 0.10859375
1 0.19140625 0.10234375 0.021875 0.04296875
1 0.33515625 0.48125 0.09375 0.13046875
1 0.35859375 0.17890625 0.0328125 0.0578125
1 0.33984375 0.03203125 0.01953125 0.03515625
1 0.4078125 0.60078125 0.10546875 0.190625