1 0.8796875 0.95 0.125 0.1
1 0.91640625 0.8 0.0984375 0.16171875
1 0.646875 0.6640625 0.09765625 0.16640625
1 0.41484375 0.5984375 0.10078125 0.15
1 0.57421875 0.5140625 0.08671875 0.13984375
1 0.49375 0.45390625 0.08125 0.13203125
1 0.63828125 0.36328125 0.071875 0.11171875
1 0.559375 0.3203125 0.07265625 0.125
1 0.6140625 0.2375 0.06640625 0.09140625
1 0.8234375 0.18203125 0.05625 0.08828125
1 0.8453125 0.10234375 0.05625 0.07421875
1 0.85625 0.0578125 0.04453125 0.0359375
0 0.74140625 0.19140625 0.11015625 0.25078125