1 0.26875 0.88984375 0.178125 0.2203125
4 0.42265625 0.6515625 0.1390625 0.225
4 0.4578125 0.50546875 0.1078125 0.14453125
2 0.3046875 0.453125 0.0875 0.14375
2 0.64453125 0.39453125 0.07109375 0.11875
2 0.690625 0.27421875 0.03203125 0.1125
2 0.74609375 0.24609375 0.03671875 0.08984375
1 0.6046875 0.25234375 0.0640625 0.1109375
1 0.7203125 0.18359375 0.06171875 0.0890625
2 0.68515625 0.1015625 0.0265625 0.08984375
2 0.73515625 0.075 0.0265625 0.07265625
1 0.78046875 0.09140625 0.05859375 0.08515625
1 0.7359375 0.040625 0.046875 0.06875
0 0.85078125 0.0734375 0.0890625 0.146875
1 0.91875 0.7890625 0.09921875 0.15078125
1 0.89140625 0.95390625 0.159375 0.09140625