2 0.42421875 0.85546875 0.05390625 0.1734375
1 0.36640625 0.69453125 0.115625 0.16953125
2 0.4828125 0.53515625 0.03828125 0.134375
1 0.534375 0.62734375 0.1015625 0.153125
2 0.53203125 0.371875 0.0359375 0.12265625
1 0.634375 0.40859375 0.075 0.115625
1 0.6234375 0.24765625 0.07265625 0.090625
1 0.7125 0.07265625 0.053125 0.0828125
2 0.7734375 0.08203125 0.02265625 0.0640625
0 0.84921875 0.07890625 0.084375 0.15546875
2 0.31015625 0.446875 0.0890625 0.1296875
1 0.20859375 0.9265625 0.1390625 0.146875