4 0.6796875 0.79375 0.14609375 0.1875
4 0.0921875 0.7921875 0.10078125 0.15390625
4 0.11171875 0.95234375 0.1546875 0.0953125
4 0.52265625 0.503125 0.096875 0.14765625
1 0.38984375 0.50625 0.11171875 0.1484375
1 0.26796875 0.1875 0.06640625 0.11328125
4 0.3875 0.2296875 0.0640625 0.109375
0 0.1484375 0.06171875 0.08046875 0.1234375
2 0.25078125 0.09140625 0.028125 0.07734375
2 0.2109375 0.12890625 0.01953125 0.0515625
2 0.225 0.0265625 0.025 0.05
2 0.27890625 0.05234375 0.03046875 0.0765625
2 0.3234375 0.10859375 0.03203125 0.07265625