2 0.1296875 0.94765625 0.1125 0.1046875
2 0.42734375 0.790625 0.075 0.1546875
2 0.5015625 0.6296875 0.0890625 0.1515625
2 0.66328125 0.58828125 0.09921875 0.15703125
1 0.91484375 0.790625 0.14453125 0.1515625
1 0.87578125 0.953125 0.2046875 0.09296875
1 0.8171875 0.4546875 0.0953125 0.10390625
1 0.6390625 0.3953125 0.0984375 0.11484375
1 0.5546875 0.34921875 0.08125 0.10859375
2 0.728125 0.2875 0.06796875 0.1046875
2 0.659375 0.2859375 0.059375 0.08046875
2 0.62421875 0.31796875 0.0796875 0.09453125
1 0.753125 0.14453125 0.05703125 0.08203125
1 0.67421875 0.11640625 0.05703125 0.0984375
1 0.6109375 0.2046875 0.0765625 0.08046875
1 0.840625 0.1109375 0.05625 0.0859375
1 0.7234375 0.0578125 0.07109375 0.07890625
1 0.43515625 0.55078125 0.12265625 0.1671875