1 0.48125 0.490625 0.11015625 0.1640625
1 0.75 0.3671875 0.07890625 0.1125
1 0.915625 0.79453125 0.08984375 0.14609375
1 0.809375 0.25234375 0.06953125 0.096875
1 0.80546875 0.0390625 0.0453125 0.0703125
1 0.634375 0.38359375 0.07421875 0.11640625
1 0.72890625 0.2296875 0.0625 0.08984375
1 0.878125 0.94921875 0.13046875 0.10078125
1 0.60859375 0.2515625 0.071875 0.0953125
1 0.6921875 0.2765625 0.0734375 0.11171875
1 0.58359375 0.31171875 0.07578125 0.1015625
2 0.78359375 0.178125 0.0234375 0.06796875