1 0.11953125 0.94921875 0.1265625 0.1015625
1 0.08359375 0.7984375 0.1 0.15390625
1 0.54140625 0.4953125 0.09375 0.12734375
1 0.73359375 0.89375 0.1203125 0.196875
1 0.39296875 0.475 0.0828125 0.14765625
1 0.459375 0.37734375 0.07578125 0.12578125
1 0.384375 0.246875 0.06484375 0.1046875
1 0.284375 0.22890625 0.0625 0.090625
1 0.15390625 0.10234375 0.05390625 0.071875
1 0.25703125 0.13828125 0.0546875 0.08046875
1 0.14609375 0.06796875 0.0421875 0.046875
1 0.19609375 0.03984375 0.0578125 0.04140625
1 0.190625 0.01171875 0.040625 0.0234375
1 0.24375 0.01484375 0.05078125 0.02890625
2 0.49921875 0.87890625 0.04375 0.128125
2 0.60234375 0.92109375 0.05 0.1390625
2 0.5 0.6921875 0.0375 0.10703125