1 0.8078125 0.9046875 0.15625 0.190625
2 0.68203125 0.4578125 0.07421875 0.1140625
2 0.58125 0.85546875 0.0671875 0.165625
1 0.6265625 0.68984375 0.1140625 0.146875
1 0.09375 0.7984375 0.11015625 0.1578125
1 0.12265625 0.94140625 0.15546875 0.1140625
1 0.52421875 0.534375 0.06484375 0.1359375
1 0.4703125 0.3875 0.0640625 0.1421875
1 0.28671875 0.071875 0.06484375 0.0890625
1 0.38125 0.2546875 0.09609375 0.1125
0 0.159375 0.08515625 0.07890625 0.15703125
1 0.3640625 0.41875 0.1015625 0.12265625
1 0.4703125 0.628125 0.1140625 0.1609375