1 0.646875 0.7125 0.1234375 0.1546875
1 0.53671875 0.8046875 0.11953125 0.17734375
1 0.42421875 0.53984375 0.0875 0.1328125
1 0.509375 0.4734375 0.07890625 0.128125
1 0.3578125 0.37734375 0.07265625 0.109375
1 0.08046875 0.79609375 0.0953125 0.15234375
1 0.23515625 0.08203125 0.05703125 0.07734375
1 0.12109375 0.94609375 0.13046875 0.09921875
1 0.82265625 0.95390625 0.14375 0.0890625
0 0.1671875 0.1109375 0.0828125 0.221875
2 0.04140625 0.46171875 0.08125 0.11015625
0 0.38671875 0.234375 0.07734375 0.1140625
2 0.45625 0.2046875 0.0546875 0.1078125