1 0.2421875 0.90703125 0.14375 0.1859375
1 0.30859375 0.7890625 0.11484375 0.17421875
1 0.34921875 0.67578125 0.103125 0.16328125
1 0.39296875 0.6109375 0.07421875 0.1359375
1 0.48515625 0.51484375 0.09296875 0.13828125
1 0.5171875 0.4203125 0.0859375 0.11015625
1 0.59609375 0.49921875 0.08515625 0.134375
2 0.56875 0.30234375 0.03125 0.11171875
1 0.73203125 0.4515625 0.0734375 0.11875
1 0.65 0.37109375 0.0765625 0.11953125
1 0.75390625 0.36328125 0.0765625 0.09609375
1 0.68203125 0.29453125 0.0703125 0.09609375
0 0.80546875 0.190625 0.11484375 0.23515625