1 0.87578125 0.94453125 0.1296875 0.1109375
1 0.91640625 0.79296875 0.0984375 0.15703125
1 0.38203125 0.93203125 0.1359375 0.1359375
1 0.4453125 0.82890625 0.11875 0.16953125
3 0.51796875 0.6 0.15078125 0.3234375
3 0.51484375 0.38359375 0.08046875 0.1484375
1 0.85625 0.01484375 0.04375 0.02890625
1 0.84375 0.1015625 0.053125 0.07734375
1 0.75625 0.36328125 0.078125 0.1125
1 0.6421875 0.38828125 0.07578125 0.11640625
1 0.6921875 0.27109375 0.06640625 0.1
1 0.5984375 0.2640625 0.0671875 0.10546875
1 0.59765625 0.5 0.06484375 0.125
1 0.3484375 0.703125 0.12890625 0.2109375
2 0.72109375 0.04296875 0.02265625 0.05
2 0.753125 0.0234375 0.01953125 0.04296875
2 0.78125 0.01328125 0.01875 0.0265625