1 0.1234375 0.94921875 0.12421875 0.10078125
1 0.08203125 0.8015625 0.09765625 0.1546875
1 0.3296875 0.31953125 0.06796875 0.1015625
1 0.4234375 0.2875 0.08046875 0.1203125
1 0.30390625 0.26796875 0.06328125 0.090625
1 0.2890625 0.21171875 0.05859375 0.04921875
1 0.39296875 0.22890625 0.04609375 0.0625
0 0.21484375 0.265625 0.12578125 0.26484375
0 0.16171875 0.096875 0.08671875 0.18125
4 0.26796875 0.13203125 0.07421875 0.12265625
2 0.375 0.5078125 0.034375 0.0921875
2 0.4375 0.45546875 0.03671875 0.0796875
2 0.23359375 0.06015625 0.0171875 0.0328125
2 0.278125 0.0421875 0.0171875 0.0375