1 0.2046875 0.034375 0.0703125 0.06875
1 0.29921875 0.0890625 0.07734375 0.0890625
2 0.2 0.08359375 0.0421875 0.05390625
2 0.225 0.1640625 0.0546875 0.0640625
2 0.23125 0.2796875 0.04765625 0.1203125
2 0.28828125 0.28359375 0.04921875 0.1078125
2 0.29375 0.153125 0.04765625 0.0859375
2 0.415625 0.2921875 0.0578125 0.12578125
2 0.91953125 0.41640625 0.09921875 0.10703125
1 0.3484375 0.33984375 0.0703125 0.12890625
1 0.53828125 0.525 0.11171875 0.16015625
1 0.078125 0.78515625 0.1078125 0.13125
1 0.125 0.95390625 0.1375 0.0921875