1 0.6546875 0.69296875 0.1453125 0.228125
1 0.503125 0.46484375 0.08515625 0.128125
1 0.509375 0.7046875 0.10390625 0.1546875
1 0.23125 0.32109375 0.05546875 0.1046875
1 0.084375 0.7984375 0.0921875 0.1515625
1 0.4578125 0.36953125 0.07421875 0.10546875
1 0.2796875 0.06640625 0.05 0.0671875
1 0.1234375 0.95078125 0.13203125 0.0953125
1 0.321875 0.13203125 0.05234375 0.06640625
1 0.271875 0.18359375 0.05390625 0.08515625
1 0.14609375 0.02578125 0.03984375 0.04296875
1 0.15 0.10390625 0.04296875 0.06328125
1 0.24921875 0.01640625 0.0390625 0.0328125
0 0.34375 0.40546875 0.1796875 0.33984375
2 0.934375 0.9015625 0.13125 0.196875