1 0.12734375 0.94921875 0.1390625 0.1015625
1 0.08203125 0.79765625 0.1 0.15234375
1 0.1921875 0.1015625 0.04765625 0.07109375
1 0.22890625 0.33359375 0.07421875 0.11640625
1 0.415625 0.5046875 0.0875 0.1359375
1 0.27421875 0.05390625 0.04765625 0.06796875
1 0.2984375 0.2625 0.05703125 0.0890625
1 0.4484375 0.34453125 0.07734375 0.10859375
1 0.22109375 0.26484375 0.05 0.03671875
1 0.33359375 0.31953125 0.071875 0.10546875
1 0.4015625 0.25703125 0.06640625 0.11015625
2 0.5890625 0.73125 0.03828125 0.1140625
2 0.95703125 0.43515625 0.084375 0.06796875
2 0.59375 0.953125 0.059375 0.09375