1 0.6578125 0.71875 0.1265625 0.19765625
1 0.0828125 0.79765625 0.09453125 0.1546875
1 0.371875 0.4015625 0.075 0.1109375
1 0.6109375 0.95 0.12421875 0.09765625
1 0.31640625 0.27265625 0.07109375 0.10078125
1 0.3828125 0.2296875 0.06640625 0.09765625
1 0.33515625 0.3265625 0.06484375 0.090625
1 0.12421875 0.94609375 0.13671875 0.1
1 0.19609375 0.128125 0.0484375 0.07734375
1 0.309375 0.1 0.046875 0.06953125
0 0.2796875 0.17109375 0.0828125 0.12109375
2 0.4953125 0.521875 0.0515625 0.1609375
0 0.1375 0.046875 0.1 0.09375