1 0.08515625 0.7984375 0.0984375 0.1625
1 0.12421875 0.9484375 0.13671875 0.0984375
1 0.22421875 0.2734375 0.06640625 0.12890625
1 0.35625 0.4 0.05703125 0.1109375
1 0.22265625 0.1578125 0.0515625 0.07734375
1 0.1484375 0.04296875 0.04765625 0.07109375
1 0.4609375 0.59765625 0.09140625 0.14375
1 0.4796875 0.41796875 0.084375 0.11953125
1 0.1671875 0.14296875 0.0578125 0.08125
1 0.3078125 0.09140625 0.05078125 0.0765625
1 0.6734375 0.72578125 0.12265625 0.21015625
0 0.31640625 0.53984375 0.16796875 0.38671875
2 0.23515625 0.06953125 0.0234375 0.05
2 0.32109375 0.240625 0.0234375 0.05625
2 0.5453125 0.8078125 0.05078125 0.1140625