1 0.81015625 0.0140625 0.0453125 0.028125
1 0.7296875 0.03984375 0.06640625 0.0796875
1 0.78046875 0.08671875 0.06484375 0.09765625
1 0.6671875 0.315625 0.08671875 0.09375
1 0.63671875 0.41875 0.09453125 0.11640625
1 0.546875 0.3671875 0.07890625 0.1078125
1 0.475 0.515625 0.09296875 0.14296875
1 0.4671875 0.7796875 0.1203125 0.1796875
1 0.9171875 0.79921875 0.1078125 0.165625
1 0.88125 0.9453125 0.159375 0.109375
1 0.30703125 0.95078125 0.11171875 0.0953125
2 0.0734375 0.378125 0.08828125 0.15390625