1 0.07890625 0.809375 0.10546875 0.16796875
1 0.1078125 0.9375 0.1890625 0.125
2 0.81171875 0.79140625 0.06171875 0.20703125
2 0.41796875 0.4578125 0.03046875 0.14296875
0 0.215625 0.2484375 0.1234375 0.2703125
1 0.4453125 0.36640625 0.0984375 0.13671875
2 0.33203125 0.26171875 0.02421875 0.11796875
2 0.29609375 0.09765625 0.0421875 0.08515625
2 0.22890625 0.05859375 0.0328125 0.0671875
2 0.18828125 0.0921875 0.03046875 0.04765625
2 0.1546875 0.08515625 0.028125 0.08046875
1 0.24453125 0.125 0.04375 0.07578125