1 0.5109375 0.453125 0.08671875 0.14140625
1 0.5828125 0.61171875 0.0859375 0.16484375
1 0.721875 0.85234375 0.13359375 0.228125
0 0.40390625 0.734375 0.2640625 0.53125
2 0.43828125 0.4421875 0.06328125 0.11328125
1 0.0734375 0.78828125 0.125 0.14921875
1 0.12578125 0.94375 0.1359375 0.1125
1 0.17734375 0.4421875 0.153125 0.1203125
1 0.34453125 0.33359375 0.08359375 0.12578125
1 0.21171875 0.315625 0.08515625 0.10390625
1 0.2015625 0.23828125 0.06796875 0.075
1 0.296875 0.24453125 0.0765625 0.1
0 0.1703125 0.0984375 0.0984375 0.1953125
1 0.2765625 0.0515625 0.06484375 0.0765625
1 0.32890625 0.12890625 0.05703125 0.08125
1 0.2625 0.14453125 0.07265625 0.0875