1 0.459375 0.603125 0.10390625 0.1734375
1 0.3359375 0.7484375 0.11328125 0.1625
1 0.91875 0.79453125 0.08671875 0.146875
1 0.8421875 0.11640625 0.05234375 0.084375
1 0.6984375 0.240625 0.0578125 0.10234375
1 0.7640625 0.1265625 0.05390625 0.075
1 0.81015625 0.03828125 0.0421875 0.065625
1 0.878125 0.94921875 0.134375 0.096875
1 0.7296875 0.03828125 0.05390625 0.0765625
1 0.1703125 0.96484375 0.14296875 0.06953125
3 0.61171875 0.3890625 0.13984375 0.30703125
0 0.76640625 0.278125 0.14296875 0.271875