1 0.1203125 0.94921875 0.13125 0.10078125
1 0.08359375 0.7984375 0.09921875 0.15078125
1 0.5125 0.48125 0.0890625 0.1296875
1 0.2484375 0.37890625 0.075 0.1109375
1 0.2125 0.25078125 0.0578125 0.10390625
1 0.40390625 0.33671875 0.0734375 0.11171875
1 0.26015625 0.14765625 0.0546875 0.07421875
1 0.3140625 0.10234375 0.0484375 0.071875
1 0.26953125 0.05078125 0.05 0.0734375
1 0.3671875 0.21640625 0.06328125 0.07421875
2 0.93828125 0.40859375 0.0765625 0.0734375
2 0.3171875 0.29921875 0.0265625 0.0640625
2 0.20703125 0.0703125 0.0234375 0.0546875
2 0.778125 0.934375 0.05 0.13125