1 0.875 0.94765625 0.1390625 0.10390625
1 0.91796875 0.79453125 0.08828125 0.146875
1 0.8453125 0.103125 0.0484375 0.071875
1 0.25234375 0.88515625 0.12109375 0.18828125
1 0.85390625 0.06875 0.04296875 0.0484375
1 0.60859375 0.46796875 0.08125 0.12734375
1 0.4984375 0.46015625 0.08828125 0.1265625
1 0.85390625 0.02734375 0.0421875 0.040625
1 0.62421875 0.23828125 0.06171875 0.0875
1 0.76875 0.1046875 0.0515625 0.07265625
1 0.684375 0.12421875 0.0515625 0.078125
1 0.715625 0.0515625 0.04453125 0.0640625
0 0.4359375 0.815625 0.28671875 0.36875
2 0.340625 0.590625 0.02578125 0.0953125
2 0.40390625 0.5078125 0.0359375 0.09921875
2 0.71171875 0.24453125 0.02265625 0.0671875
2 0.759375 0.20703125 0.02265625 0.06875
2 0.79296875 0.1578125 0.021875 0.04375
2 0.7140625 0.17421875 0.02265625 0.06640625
2 0.7296875 0.10625 0.01640625 0.03515625