1 0.2640625 0.88828125 0.15859375 0.196875
1 0.421875 0.6421875 0.1265625 0.209375
2 0.30546875 0.446875 0.075 0.1234375
2 0.64453125 0.38984375 0.0484375 0.11953125
1 0.45546875 0.5046875 0.10078125 0.10859375
2 0.69453125 0.26484375 0.028125 0.109375
2 0.7453125 0.23828125 0.028125 0.103125
1 0.60390625 0.24609375 0.06875 0.09296875
2 0.68515625 0.10078125 0.021875 0.0828125
2 0.7328125 0.08046875 0.021875 0.075
1 0.7171875 0.18515625 0.0578125 0.08359375
1 0.78046875 0.08515625 0.0484375 0.0765625
1 0.73515625 0.0359375 0.0546875 0.0671875
0 0.8484375 0.0765625 0.07890625 0.153125