1 0.91171875 0.78671875 0.103125 0.15703125
1 0.878125 0.9421875 0.1390625 0.1109375
2 0.21796875 0.896875 0.07734375 0.18359375
2 0.06171875 0.40234375 0.0953125 0.103125
2 0.79765625 0.0546875 0.04765625 0.08828125
2 0.69375 0.21328125 0.04765625 0.08046875
2 0.68515625 0.29140625 0.05234375 0.0703125
1 0.73046875 0.0484375 0.05703125 0.078125
1 0.684375 0.11015625 0.0546875 0.08046875
1 0.74140625 0.1421875 0.06796875 0.075
1 0.7921875 0.24921875 0.0765625 0.11171875
1 0.7515625 0.3796875 0.08125 0.11640625
1 0.60234375 0.33046875 0.078125 0.11015625
1 0.49140625 0.4765625 0.0921875 0.1515625
1 0.95078125 0.4609375 0.0875 0.12109375