1 0.44609375 0.3578125 0.07734375 0.10703125
1 0.3421875 0.3484375 0.08359375 0.10859375
1 0.684375 0.7875 0.1 0.15546875
1 0.07890625 0.7984375 0.09375 0.15
1 0.2984375 0.24375 0.07421875 0.0953125
1 0.75703125 0.90703125 0.13515625 0.171875
1 0.28359375 0.16796875 0.05234375 0.059375
1 0.4140625 0.2921875 0.07265625 0.1046875
1 0.21875 0.2875 0.065625 0.10078125
1 0.321875 0.30078125 0.071875 0.0875
1 0.646875 0.67890625 0.1015625 0.16015625
1 0.12109375 0.95 0.13125 0.09609375
1 0.25078125 0.3890625 0.0734375 0.11484375
1 0.60390625 0.61875 0.07734375 0.1390625
0 0.17890625 0.15 0.09609375 0.23203125
1 0.83515625 0.9734375 0.125 0.05234375
2 0.5109375 0.5890625 0.0390625 0.13984375
2 0.5 0.74609375 0.0375 0.16328125