1 0.24765625 0.90078125 0.13046875 0.184375
1 0.3125 0.778125 0.1171875 0.16484375
1 0.34453125 0.6703125 0.10859375 0.15234375
1 0.38984375 0.60703125 0.08046875 0.11953125
2 0.515625 0.35 0.02890625 0.11328125
2 0.61328125 0.378125 0.0296875 0.10546875
2 0.6375 0.28671875 0.03203125 0.0875
1 0.57734375 0.3234375 0.0734375 0.09921875
1 0.665625 0.32421875 0.07734375 0.10703125
1 0.7078125 0.228125 0.0640625 0.07734375
1 0.75234375 0.1140625 0.059375 0.07734375
1 0.7640625 0.3328125 0.0640625 0.10078125
1 0.78671875 0.2828125 0.0734375 0.08359375
0 0.82265625 0.125 0.10078125 0.18671875