1 0.4328125 0.51484375 0.0921875 0.14453125
1 0.38046875 0.4 0.06640625 0.1140625
1 0.30234375 0.2640625 0.06484375 0.0953125
1 0.08125 0.80390625 0.10078125 0.16171875
1 0.40703125 0.275 0.0671875 0.09921875
1 0.21171875 0.26328125 0.06015625 0.10703125
1 0.4609375 0.34296875 0.09375 0.13984375
1 0.121875 0.95078125 0.1328125 0.0984375
1 0.2890625 0.07734375 0.065625 0.08984375
1 0.37890625 0.2328125 0.05546875 0.08984375
4 0.2609375 0.146875 0.08125 0.146875
0 0.1640625 0.103125 0.08671875 0.2015625
0 0.2921875 0.4390625 0.1578125 0.33828125
1 0.24765625 0.01640625 0.0484375 0.0328125