1 0.4328125 0.90078125 0.128125 0.1984375
1 0.91640625 0.7984375 0.09296875 0.14921875
1 0.378125 0.66796875 0.1125 0.16640625
1 0.796875 0.04921875 0.04921875 0.0671875
1 0.7 0.253125 0.06328125 0.0953125
1 0.19140625 0.9578125 0.1203125 0.08359375
1 0.7 0.09296875 0.04921875 0.07109375
1 0.87265625 0.94921875 0.14140625 0.1
1 0.496875 0.4140625 0.0921875 0.16015625
1 0.56796875 0.29921875 0.071875 0.11640625
1 0.6265625 0.22265625 0.0578125 0.07578125
4 0.6 0.43828125 0.11875 0.22890625
1 0.79453125 0.21015625 0.05390625 0.0890625
0 0.72890625 0.4171875 0.16484375 0.3171875
2 0.48046875 0.54609375 0.0375 0.1109375
2 0.31328125 0.94921875 0.05546875 0.0984375
2 0.7421875 0.128125 0.0296875 0.05546875
2 0.85 0.09140625 0.0203125 0.06015625
2 0.74609375 0.025 0.0234375 0.05