1 0.403125 0.80859375 0.06328125 0.10859375
1 0.29296875 0.82421875 0.071875 0.08125
1 0.35546875 0.69375 0.04296875 0.0515625
1 0.42578125 0.71171875 0.04296875 0.0640625
1 0.046875 0.86953125 0.05078125 0.0578125
1 0.3671875 0.65546875 0.03359375 0.0359375
1 0.09296875 0.8375 0.05234375 0.059375
1 0.31796875 0.97109375 0.07890625 0.053125
1 0.0984375 0.77265625 0.03828125 0.0390625
1 0.3609375 0.6109375 0.0234375 0.02890625
1 0.43046875 0.659375 0.0328125 0.04765625
1 0.12421875 0.76015625 0.02734375 0.0359375
1 0.15234375 0.765625 0.028125 0.04296875
1 0.40546875 0.60546875 0.0234375 0.03359375
3 0.91171875 0.74453125 0.17578125 0.30078125
3 0.765625 0.68203125 0.065625 0.07265625