1 0.403125 0.57265625 0.08203125 0.1046875
1 0.2421875 0.52265625 0.07265625 0.0640625
1 0.44453125 0.47421875 0.05859375 0.06171875
1 0.11328125 0.5734375 0.10234375 0.07265625
1 0.10625 0.65546875 0.1265625 0.10703125
1 0.47734375 0.428125 0.0375 0.04375
1 0.31171875 0.4546875 0.05703125 0.05859375
1 0.2359375 0.41015625 0.0484375 0.046875
1 0.390625 0.43671875 0.04140625 0.05
1 0.49921875 0.38515625 0.034375 0.0390625
1 0.071875 0.534375 0.09765625 0.071875
1 0.325 0.525 0.07578125 0.096875
1 0.07578125 0.86484375 0.14453125 0.17109375
1 0.2921875 0.409375 0.04609375 0.04609375
1 0.31015625 0.36796875 0.0375 0.034375
1 0.3578125 0.4 0.03828125 0.046875
1 0.51953125 0.32890625 0.02890625 0.0328125
1 0.35390625 0.36015625 0.034375 0.03671875
1 0.16484375 0.33046875 0.02734375 0.02265625
1 0.40390625 0.353125 0.040625 0.03984375
1 0.43359375 0.37578125 0.03359375 0.0421875
1 0.06796875 0.36171875 0.0546875 0.0390625
1 0.34765625 0.3328125 0.03125 0.03125
1 0.2984375 0.29921875 0.03125 0.02578125
1 0.47734375 0.34453125 0.03125 0.03359375
1 0.26015625 0.29375 0.02578125 0.0203125
1 0.2421875 0.759375 0.178125 0.15078125
1 0.946875 0.428125 0.0375 0.03671875
1 0.38828125 0.30234375 0.03359375 0.03046875
1 0.43828125 0.315625 0.028125 0.0328125
1 0.48515625 0.3109375 0.02734375 0.03203125
1 0.52265625 0.3109375 0.02421875 0.02734375
1 0.3 0.32109375 0.028125 0.02578125
1 0.31328125 0.2328125 0.015625 0.02109375
1 0.40859375 0.29140625 0.0234375 0.02578125
1 0.3265625 0.27265625 0.02265625 0.03046875