1 0.096875 0.80546875 0.19375 0.3859375
1 0.06171875 0.65703125 0.1234375 0.234375
1 0.92109375 0.6234375 0.1375 0.13828125
1 0.41328125 0.72578125 0.296875 0.35078125
1 0.59609375 0.62109375 0.1734375 0.22265625
1 0.7046875 0.56484375 0.10703125 0.121875
1 0.69765625 0.43203125 0.05703125 0.06015625
1 0.9078125 0.4 0.04375 0.05859375
3 0.915625 0.3203125 0.05703125 0.12421875
3 0.4421875 0.3296875 0.0578125 0.12265625
3 0.5 0.31875 0.0546875 0.10078125
4 0.14140625 0.45703125 0.08046875 0.096875
1 0.2734375 0.60703125 0.1265625 0.15078125
1 0.484375 0.54296875 0.0921875 0.06953125
1 0.815625 0.41171875 0.053125 0.06328125
1 0.53359375 0.39296875 0.0453125 0.05
1 0.48515625 0.4078125 0.0453125 0.06328125
1 0.2796875 0.49609375 0.06875 0.06640625
4 0.290625 0.44140625 0.06328125 0.07734375
3 0.575 0.3015625 0.04609375 0.08203125
1 0.5875 0.37109375 0.040625 0.04765625
3 0.34609375 0.35546875 0.04140625 0.1375