1 0.90546875 0.7390625 0.07734375 0.1109375
1 0.89609375 0.6578125 0.0453125 0.06171875
1 0.8140625 0.66875 0.04921875 0.084375
1 0.1609375 0.690625 0.06015625 0.06953125
1 0.36484375 0.9328125 0.14765625 0.12890625
1 0.87421875 0.62421875 0.05703125 0.0484375
1 0.3359375 0.525 0.02265625 0.02578125
1 0.34609375 0.78359375 0.1546875 0.1109375
1 0.23359375 0.6015625 0.0421875 0.0453125
1 0.39453125 0.5421875 0.02734375 0.03359375
1 0.75703125 0.575 0.03671875 0.03515625
1 0.140625 0.60625 0.06953125 0.04609375
1 0.271875 0.53203125 0.02265625 0.02890625
1 0.903125 0.5734375 0.0390625 0.034375
1 0.9265625 0.57421875 0.0390625 0.03125
1 0.22578125 0.525 0.0234375 0.02890625
1 0.84296875 0.5734375 0.03828125 0.034375
1 0.87578125 0.5734375 0.0375 0.034375
1 0.94453125 0.6234375 0.01875 0.0421875
0 0.04609375 0.67109375 0.071875 0.22890625