1 0.7859375 0.80546875 0.075 0.11953125
1 0.20390625 0.72578125 0.065625 0.09140625
1 0.7453125 0.62734375 0.046875 0.0546875
1 0.31640625 0.8265625 0.15078125 0.12734375
1 0.634375 0.5265625 0.025 0.028125
1 0.16171875 0.63046875 0.05859375 0.05390625
1 0.865625 0.603125 0.07421875 0.04765625
1 0.15625 0.5734375 0.03828125 0.034375
1 0.72421875 0.5390625 0.0234375 0.02890625
1 0.69375 0.496875 0.02109375 0.02578125
1 0.24375 0.57421875 0.03671875 0.0375
1 0.0984375 0.571875 0.03828125 0.0359375
1 0.07109375 0.5734375 0.03125 0.03203125
1 0.12734375 0.57265625 0.0421875 0.0359375
1 0.77578125 0.52421875 0.02109375 0.03125
1 0.93828125 0.528125 0.03125 0.03203125
0 0.95234375 0.6453125 0.09375 0.18359375
1 0.7796875 0.49609375 0.009375 0.01875