1 0.76171875 0.69765625 0.05703125 0.07109375
1 0.71875 0.56328125 0.028125 0.03125
1 0.86875 0.603125 0.07109375 0.04296875
1 0.203125 0.6734375 0.05078125 0.065625
1 0.07421875 0.75390625 0.075 0.10390625
1 0.125 0.62265625 0.0609375 0.046875
1 0.8765625 0.63984375 0.059375 0.053125
1 0.2421875 0.57578125 0.03515625 0.0359375
1 0.75703125 0.51171875 0.01875 0.025
1 0.725 0.4875 0.01875 0.0203125
1 0.125 0.57421875 0.0375 0.03359375
1 0.9375 0.5296875 0.03203125 0.03046875
1 0.07265625 0.57421875 0.0359375 0.03203125
1 0.1546875 0.5734375 0.034375 0.034375
1 0.775 0.525 0.02109375 0.0296875
1 0.09765625 0.57421875 0.03671875 0.03359375
1 0.665625 0.51328125 0.02109375 0.0234375
1 0.7640625 0.55234375 0.02578125 0.015625
0 0.95390625 0.64609375 0.0921875 0.1796875