1 0.73125 0.7890625 0.1390625 0.10859375
1 0.24765625 0.76171875 0.10234375 0.115625
1 0.1140625 0.66640625 0.05234375 0.0609375
1 0.8265625 0.6703125 0.04453125 0.06015625
1 0.07265625 0.6328125 0.05703125 0.05546875
1 0.16640625 0.628125 0.0578125 0.06640625
1 0.240625 0.5765625 0.0359375 0.0375
1 0.0953125 0.5734375 0.03359375 0.0375
1 0.71640625 0.49921875 0.0171875 0.02109375
1 0.56015625 0.98203125 0.1421875 0.0359375
1 0.15390625 0.575 0.0359375 0.034375
1 0.1671875 0.575 0.015625 0.03515625
1 0.12421875 0.575 0.03671875 0.03515625
1 0.078125 0.61328125 0.0578125 0.03828125
1 0.875 0.6078125 0.0640625 0.04453125
1 0.66640625 0.5140625 0.021875 0.02578125
1 0.7203125 0.55546875 0.025 0.03515625
1 0.77265625 0.525 0.01875 0.0296875
1 0.9359375 0.53125 0.03125 0.03203125
1 0.85625 0.5328125 0.03203125 0.02734375
0 0.95 0.65 0.1 0.18125
1 0.0671875 0.575 0.02578125 0.03125