1 0.61484375 0.76015625 0.128125 0.09921875
1 0.596875 0.91875 0.1171875 0.1578125
1 0.7375 0.5953125 0.04140625 0.04765625
1 0.20234375 0.684375 0.053125 0.07109375
1 0.8640625 0.59609375 0.06953125 0.0484375
1 0.8375 0.70546875 0.0609375 0.08046875
1 0.634375 0.51875 0.025 0.03203125
1 0.09921875 0.56640625 0.034375 0.0375
1 0.171875 0.5671875 0.0140625 0.03359375
1 0.24453125 0.56875 0.03515625 0.03671875
1 0.12109375 0.565625 0.02109375 0.03515625
1 0.93515625 0.52421875 0.02265625 0.0296875
1 0.15625 0.565625 0.03203125 0.03359375
0 0.95078125 0.640625 0.0984375 0.18671875
1 0.071875 0.5671875 0.02734375 0.03359375
1 0.4875 0.57578125 0.0484375 0.03046875
1 0.77578125 0.51875 0.02578125 0.028125
1 0.76796875 0.50078125 0.02265625 0.02421875