1 0.675 0.909375 0.13984375 0.1453125
1 0.12265625 0.7828125 0.103125 0.1046875
1 0.74296875 0.7703125 0.12890625 0.10859375
1 0.178125 0.68984375 0.0546875 0.096875
1 0.08984375 0.6796875 0.053125 0.06796875
1 0.840625 0.67421875 0.05234375 0.06015625
1 0.1390625 0.63515625 0.053125 0.0515625
1 0.240625 0.57890625 0.0359375 0.03671875
1 0.8578125 0.609375 0.0703125 0.0453125
1 0.74140625 0.5890625 0.03515625 0.0390625
1 0.07421875 0.57734375 0.04140625 0.03203125
1 0.73359375 0.53046875 0.021875 0.02734375
1 0.096875 0.57734375 0.040625 0.0359375
1 0.1234375 0.57734375 0.0390625 0.03515625
1 0.1671875 0.5796875 0.01328125 0.034375
1 0.65234375 0.53671875 0.02109375 0.0265625
1 0.771875 0.52890625 0.01875 0.02890625
1 0.93515625 0.53359375 0.03046875 0.03125
0 0.95078125 0.65 0.0984375 0.1875
1 0.1515625 0.57890625 0.03203125 0.03203125