1 0.75625 0.83515625 0.1125 0.121875
1 0.8203125 0.72265625 0.07578125 0.08671875
1 0.25625 0.834375 0.1578125 0.1203125
1 0.16328125 0.74296875 0.06796875 0.11484375
1 0.053125 0.72578125 0.06875 0.0859375
1 0.0796875 0.6359375 0.06640625 0.05078125
1 0.1625 0.653125 0.05 0.0546875
1 0.85859375 0.64921875 0.0578125 0.0546875
1 0.83828125 0.60625 0.0671875 0.040625
1 0.7234375 0.5671875 0.025 0.0296875
1 0.2421875 0.5796875 0.0359375 0.0359375
1 0.071875 0.57890625 0.0359375 0.03203125
1 0.74765625 0.5203125 0.01953125 0.025
1 0.1546875 0.57890625 0.03828125 0.034375
1 0.09921875 0.578125 0.04296875 0.03515625
1 0.1234375 0.57890625 0.0375 0.03359375
1 0.7734375 0.5296875 0.01875 0.02890625
1 0.9359375 0.53515625 0.03046875 0.03203125
0 0.9515625 0.6515625 0.096875 0.1875
1 0.078125 0.6140625 0.06015625 0.03125
1 0.16796875 0.5796875 0.0140625 0.034375
1 0.6296875 0.55078125 0.03125 0.03203125