1 0.15078125 0.72578125 0.07890625 0.0921875
1 0.1578125 0.62421875 0.06171875 0.0484375
1 0.3140625 0.63359375 0.06015625 0.05625
1 0.809375 0.7453125 0.075 0.08359375
1 0.80625 0.65546875 0.0515625 0.0578125
1 0.11796875 0.63984375 0.05546875 0.05234375
1 0.7265625 0.55390625 0.025 0.03046875
1 0.15703125 0.57578125 0.0359375 0.034375
1 0.24375 0.57734375 0.03515625 0.0359375
1 0.8828125 0.634375 0.053125 0.05859375
1 0.73984375 0.48671875 0.01640625 0.01640625
1 0.07421875 0.575 0.03671875 0.0328125
1 0.1 0.575 0.03984375 0.0359375
1 0.125 0.575 0.0359375 0.034375
1 0.05703125 0.61875 0.01796875 0.0328125
1 0.7578125 0.5140625 0.01796875 0.02734375
1 0.93828125 0.53203125 0.03203125 0.03046875
1 0.7875 0.47421875 0.009375 0.0125
1 0.775 0.52734375 0.02109375 0.028125
1 0.8578125 0.53359375 0.0359375 0.028125
0 0.953125 0.65 0.09375 0.18359375