1 0.58515625 0.8359375 0.171875 0.11640625
1 0.82734375 0.734375 0.06484375 0.08515625
0 0.95078125 0.6546875 0.09765625 0.1890625
1 0.1203125 0.8453125 0.0921875 0.18359375
1 0.12109375 0.7109375 0.06796875 0.0765625
1 0.103125 0.6375 0.06328125 0.05703125
1 0.13125 0.625 0.0578125 0.04453125
1 0.15390625 0.57890625 0.0359375 0.03359375
1 0.34609375 0.62109375 0.05625 0.05
1 0.8453125 0.66875 0.04921875 0.06953125
1 0.7546875 0.58828125 0.0515625 0.04296875
1 0.2421875 0.58046875 0.03671875 0.03671875
1 0.7296875 0.54140625 0.0203125 0.02421875
1 0.77265625 0.53125 0.02265625 0.02421875
1 0.77578125 0.5046875 0.0171875 0.02578125
1 0.06796875 0.57890625 0.02578125 0.0328125
1 0.096875 0.57890625 0.0359375 0.0359375
1 0.11953125 0.57890625 0.0234375 0.034375