1 0.18359375 0.78046875 0.0734375 0.10703125
1 0.1546875 0.64140625 0.05234375 0.06484375
1 0.721875 0.64375 0.06953125 0.0703125
1 0.2359375 0.5875 0.04375 0.04921875
1 0.7046875 0.7921875 0.13203125 0.109375
1 0.8890625 0.6328125 0.06640625 0.05234375
1 0.871875 0.6109375 0.06015625 0.05546875
1 0.75625 0.56875 0.0359375 0.0359375
1 0.84140625 0.56796875 0.03515625 0.03359375
1 0.22265625 0.51640625 0.021875 0.0265625
1 0.9015625 0.56640625 0.0390625 0.0328125
1 0.93046875 0.60703125 0.0421875 0.04453125
1 0.9234375 0.5671875 0.040625 0.03125
1 0.2703125 0.48203125 0.0171875 0.01875
1 0.06328125 0.5234375 0.0296875 0.0296875
1 0.87890625 0.57265625 0.04921875 0.028125
1 0.109375 0.60859375 0.03828125 0.03125
1 0.23046875 0.471875 0.0125 0.01640625
1 0.82890625 0.5703125 0.0140625 0.0296875
0 0.04765625 0.63984375 0.0953125 0.1828125
1 0.24765625 0.496875 0.01796875 0.0203125
2 0.1859375 0.69453125 0.01875 0.05
2 0.8203125 0.67265625 0.0296875 0.04375
1 0.94140625 0.621875 0.02421875 0.04765625