1 0.678125 0.8015625 0.1546875 0.11171875
1 0.22109375 0.740625 0.0890625 0.11796875
1 0.11953125 0.65859375 0.05078125 0.06328125
4 0.159375 0.625 0.0671875 0.06875
1 0.06953125 0.63828125 0.04921875 0.0609375
1 0.06640625 0.571875 0.0265625 0.03203125
1 0.07265625 0.6125 0.059375 0.034375
1 0.090625 0.571875 0.02421875 0.0390625
1 0.115625 0.5734375 0.01953125 0.03203125
1 0.14765625 0.571875 0.03046875 0.03203125
1 0.83125 0.68515625 0.05390625 0.0671875
2 0.8578125 0.6359375 0.02109375 0.05390625
0 0.953125 0.65 0.0890625 0.190625
1 0.7234375 0.55859375 0.03046875 0.040625
1 0.67890625 0.50703125 0.02578125 0.02265625
1 0.725 0.49609375 0.02109375 0.0265625