1 0.7984375 0.796875 0.0953125 0.09609375
1 0.8375 0.6484375 0.0515625 0.0640625
1 0.240625 0.778125 0.115625 0.1078125
1 0.77734375 0.596875 0.04375 0.04921875
1 0.1265625 0.609375 0.05859375 0.05859375
1 0.30546875 0.63203125 0.0671875 0.065625
1 0.06875 0.61796875 0.04296875 0.059375
1 0.109375 0.63359375 0.0671875 0.05234375
1 0.24296875 0.56875 0.0359375 0.03671875
1 0.746875 0.50078125 0.01953125 0.01953125
1 0.10234375 0.5671875 0.0453125 0.03359375
1 0.1515625 0.575 0.0515625 0.04375
1 0.07109375 0.5671875 0.03125 0.03125
1 0.7375 0.4796875 0.0171875 0.0171875
1 0.77734375 0.4703125 0.01484375 0.0171875
0 0.9421875 0.6328125 0.115625 0.196875