1 0.65234375 0.784375 0.15234375 0.11484375
1 0.6359375 0.93125 0.14921875 0.13125
1 0.0890625 0.74453125 0.0671875 0.09140625
1 0.8390625 0.69140625 0.06171875 0.06796875
1 0.1046875 0.65859375 0.0453125 0.0609375
1 0.1265625 0.62421875 0.05546875 0.046875
1 0.76640625 0.6015625 0.04140625 0.04453125
1 0.1859375 0.66796875 0.0515625 0.0859375
1 0.24140625 0.57578125 0.0359375 0.03515625
1 0.66484375 0.52578125 0.021875 0.02421875
1 0.859375 0.60390625 0.0703125 0.04609375
1 0.071875 0.57421875 0.034375 0.03125
1 0.0984375 0.5734375 0.040625 0.034375
1 0.1546875 0.5734375 0.0359375 0.034375
1 0.60625 0.5421875 0.0265625 0.034375
1 0.72734375 0.53203125 0.02265625 0.0296875
1 0.1234375 0.57421875 0.0359375 0.0328125
1 0.05546875 0.62421875 0.01875 0.040625
1 0.7734375 0.525 0.02109375 0.0296875
1 0.93671875 0.528125 0.03125 0.02890625
0 0.953125 0.646875 0.09375 0.1859375