1 0.78828125 0.73828125 0.065625 0.084375
1 0.2328125 0.74921875 0.08984375 0.09609375
1 0.71953125 0.61015625 0.0515625 0.046875
1 0.86328125 0.60234375 0.071875 0.0484375
1 0.62421875 0.53203125 0.02578125 0.028125
1 0.68203125 0.50078125 0.0203125 0.025
1 0.72890625 0.5328125 0.02265625 0.02734375
1 0.24375 0.5734375 0.034375 0.034375
1 0.4671875 0.82734375 0.15 0.115625
1 0.1765625 0.63125 0.059375 0.05390625
1 0.15703125 0.571875 0.0359375 0.034375
1 0.0984375 0.57109375 0.03671875 0.034375
1 0.1234375 0.571875 0.03125 0.03359375
1 0.0734375 0.571875 0.03515625 0.0328125
1 0.93828125 0.52734375 0.03046875 0.0296875
1 0.7765625 0.52265625 0.0203125 0.03046875
1 0.85 0.5296875 0.04609375 0.02890625
0 0.95625 0.64375 0.0875 0.1796875