1 0.16640625 0.74453125 0.06796875 0.096875
1 0.09921875 0.646875 0.06640625 0.053125
1 0.82421875 0.68359375 0.0578125 0.07265625
1 0.78203125 0.89140625 0.08984375 0.14140625
1 0.88515625 0.61875 0.0421875 0.03828125
0 0.946875 0.653125 0.09609375 0.184375
4 0.80390625 0.63046875 0.04609375 0.05546875
1 0.725 0.52109375 0.01953125 0.02265625
1 0.75078125 0.4828125 0.01640625 0.02109375
2 0.7234375 0.753125 0.0390625 0.06640625
2 0.2953125 0.625 0.02890625 0.0328125
1 0.234375 0.59140625 0.028125 0.0390625
1 0.36953125 0.61484375 0.0640625 0.05625
1 0.121875 0.621875 0.0609375 0.0578125
1 0.14765625 0.5796875 0.0296875 0.03515625