1 0.68046875 0.5953125 0.05859375 0.04765625
1 0.7828125 0.6921875 0.0578125 0.0765625
1 0.19296875 0.63984375 0.0546875 0.06015625
1 0.8640625 0.6 0.06796875 0.0515625
1 0.2453125 0.571875 0.03671875 0.03828125
1 0.7359375 0.52578125 0.02265625 0.028125
1 0.61328125 0.534375 0.028125 0.0296875
1 0.6703125 0.50546875 0.0234375 0.02734375
1 0.2921875 0.765625 0.115625 0.103125
1 0.6125 0.81484375 0.146875 0.11875
1 0.096875 0.5703125 0.03359375 0.034375
1 0.15625 0.57109375 0.034375 0.0359375
1 0.1703125 0.57109375 0.015625 0.034375
1 0.54375 0.9703125 0.125 0.059375
1 0.77734375 0.521875 0.021875 0.03125
1 0.93828125 0.5265625 0.0296875 0.02734375
1 0.12890625 0.56953125 0.0390625 0.034375
0 0.953125 0.646875 0.09375 0.18984375
1 0.07421875 0.5703125 0.0328125 0.03359375
2 0.4703125 0.584375 0.02578125 0.021875