4 0.8890625 0.51640625 0.028125 0.0515625
1 0.8625 0.55703125 0.034375 0.046875
1 0.79765625 0.6671875 0.05078125 0.0578125
1 0.8421875 0.596875 0.040625 0.0515625
1 0.69921875 0.65390625 0.04921875 0.065625
1 0.64375 0.88203125 0.08203125 0.11328125
1 0.4859375 0.89140625 0.090625 0.1203125
1 0.078125 0.6953125 0.071875 0.06875
4 0.37734375 0.5609375 0.1015625 0.12421875
1 0.20546875 0.54609375 0.05390625 0.06015625
1 0.27734375 0.59765625 0.04609375 0.0421875
3 0.796875 0.53515625 0.05078125 0.0828125
3 0.8484375 0.48046875 0.03828125 0.05390625
1 0.82421875 0.53359375 0.00859375 0.03515625