1 0.6109375 0.42265625 0.0265625 0.0453125
1 0.5328125 0.346875 0.02109375 0.03125
1 0.77265625 0.46796875 0.01953125 0.021875
1 0.4125 0.40703125 0.03125 0.03125
1 0.6890625 0.3984375 0.01640625 0.01875
1 0.4390625 0.42734375 0.05 0.0375
1 0.6734375 0.30703125 0.01484375 0.02109375
1 0.6203125 0.32109375 0.02109375 0.02734375
1 0.17109375 0.5828125 0.0484375 0.04765625
1 0.68359375 0.29921875 0.01171875 0.01796875
1 0.03671875 0.54765625 0.0296875 0.0359375
1 0.64140625 0.33515625 0.01171875 0.0140625
1 0.6625 0.31875 0.01015625 0.01328125
1 0.65078125 0.32734375 0.0109375 0.01328125
1 0.6375 0.30546875 0.0109375 0.0125
1 0.63828125 0.321875 0.01171875 0.0140625