2 0.06171875 0.75703125 0.0265625 0.065625
2 0.040625 0.628125 0.021875 0.0484375
2 0.1390625 0.540625 0.015625 0.03984375
2 0.20546875 0.5578125 0.0234375 0.0390625
2 0.53203125 0.6515625 0.0171875 0.0609375
2 0.58515625 0.61953125 0.01484375 0.0578125
1 0.203125 0.478125 0.034375 0.0390625
1 0.353125 0.48125 0.0453125 0.03828125
1 0.4703125 0.6625 0.05859375 0.075
1 0.546875 0.51171875 0.03359375 0.053125
1 0.97109375 0.534375 0.04765625 0.046875
2 0.95625 0.54375 0.01328125 0.028125
1 0.6296875 0.33828125 0.02109375 0.0203125
1 0.534375 0.3328125 0.03359375 0.02265625
1 0.56171875 0.3453125 0.03203125 0.02578125
1 0.60703125 0.3203125 0.01953125 0.02265625
1 0.66015625 0.31640625 0.0171875 0.0203125
1 0.6328125 0.3203125 0.015625 0.021875
1 0.621875 0.31328125 0.0140625 0.01953125
1 0.65390625 0.30625 0.015625 0.02265625
1 0.6390625 0.30234375 0.0125 0.01640625
1 0.6875 0.296875 0.0125 0.0203125
1 0.678125 0.2890625 0.009375 0.01484375
1 0.70078125 0.2828125 0.01328125 0.01484375
1 0.653125 0.29296875 0.01328125 0.01484375
1 0.6734375 0.278125 0.0109375 0.015625
1 0.71328125 0.2640625 0.01015625 0.01640625
1 0.725 0.259375 0.009375 0.01484375
3 0.68984375 0.23671875 0.0203125 0.0265625
1 0.4875 0.33984375 0.028125 0.028125
3 0.4515625 0.34140625 0.03515625 0.03046875
1 0.4 0.33515625 0.025 0.021875
1 0.3390625 0.3140625 0.0203125 0.02109375
1 0.4375 0.33359375 0.03046875 0.0171875