1 0.1140625 0.54765625 0.03515625 0.04453125
1 0.1734375 0.5453125 0.04296875 0.04375
1 0.19296875 0.50390625 0.03125 0.03359375
3 0.2515625 0.5078125 0.04921875 0.06328125
2 0.5109375 0.746875 0.0234375 0.07734375
2 0.646875 0.4421875 0.01640625 0.0359375
1 0.2171875 0.509375 0.0203125 0.03984375
1 0.30390625 0.478125 0.04375 0.0390625
1 0.278125 0.45078125 0.03203125 0.01796875
1 0.26953125 0.4765625 0.0296875 0.02890625
1 0.31328125 0.4484375 0.0359375 0.0234375
1 0.34375 0.46171875 0.0359375 0.03515625
1 0.3265625 0.4234375 0.03125 0.02734375
1 0.38125 0.43828125 0.03125 0.028125
1 0.353125 0.42890625 0.02890625 0.02421875
1 0.36953125 0.40078125 0.0265625 0.02734375
1 0.3859375 0.41015625 0.0296875 0.028125
2 0.4359375 0.3796875 0.0078125 0.02734375
1 0.41796875 0.4140625 0.03125 0.02890625
2 0.48984375 0.35546875 0.009375 0.02734375
1 0.6421875 0.34609375 0.01484375 0.0234375
1 0.71328125 0.375 0.0140625 0.02265625
1 0.68203125 0.35703125 0.01171875 0.01796875
1 0.70078125 0.3609375 0.01796875 0.028125
1 0.671875 0.3359375 0.01171875 0.015625
1 0.66328125 0.35078125 0.01484375 0.02421875
3 0.71171875 0.33671875 0.02421875 0.03359375
1 0.684375 0.28828125 0.01171875 0.01796875