1 0.24921875 0.87421875 0.0984375 0.13984375
1 0.3078125 0.9109375 0.08671875 0.12109375
1 0.54140625 0.55546875 0.0390625 0.0609375
1 0.659375 0.32265625 0.021875 0.02890625
1 0.425 0.9203125 0.0875 0.13515625
1 0.64296875 0.32890625 0.01796875 0.02734375
1 0.46875 0.7375 0.0625 0.08515625
1 0.6671875 0.3828125 0.01875 0.03359375
1 0.615625 0.32265625 0.01796875 0.0234375
1 0.65 0.415625 0.02265625 0.0390625
1 0.63125 0.403125 0.02265625 0.034375
1 0.6234375 0.48671875 0.025 0.04765625
1 0.60078125 0.540625 0.03203125 0.05390625
1 0.66484375 0.4625 0.021875 0.05234375
1 0.628125 0.3234375 0.0203125 0.0296875
1 0.4484375 0.425 0.0453125 0.0421875
1 0.6046875 0.4515625 0.0265625 0.04453125
1 0.5234375 0.6640625 0.05078125 0.0796875
1 0.684375 0.30078125 0.01953125 0.025
1 0.65390625 0.26875 0.01640625 0.01796875
1 0.596875 0.6234375 0.040625 0.071875
1 0.64921875 0.31953125 0.01640625 0.025
1 0.71328125 0.26328125 0.0109375 0.015625
1 0.6953125 0.25234375 0.0109375 0.01484375
1 0.72421875 0.2359375 0.01015625 0.0140625
1 0.66953125 0.31171875 0.01015625 0.01796875
1 0.6359375 0.25625 0.0109375 0.01640625
1 0.74296875 0.23203125 0.01015625 0.01484375
1 0.52890625 0.3421875 0.02265625 0.03203125
1 0.61875 0.2890625 0.0109375 0.0140625
1 0.728125 0.29140625 0.01171875 0.01953125
1 0.703125 0.32109375 0.00859375 0.01796875
1 0.6953125 0.29140625 0.00703125 0.01484375
2 0.64296875 0.6140625 0.015625 0.06796875