1 0.328125 0.90703125 0.0875 0.1265625
1 0.40078125 0.90390625 0.09140625 0.14609375
1 0.38671875 0.71796875 0.0734375 0.1
1 0.44140625 0.74375 0.07890625 0.11015625
1 0.13515625 0.96171875 0.09375 0.0703125
1 0.01875 0.72890625 0.0375 0.06953125
1 0.521875 0.634375 0.04921875 0.06875
1 0.44375 0.42421875 0.0453125 0.0375
1 0.63046875 0.56328125 0.03359375 0.05859375
1 0.365625 0.35625 0.021875 0.025
1 0.62734375 0.325 0.01796875 0.02734375
1 0.6171875 0.32109375 0.0171875 0.0234375
1 0.66796875 0.2484375 0.01875 0.01875
1 0.68359375 0.3078125 0.03359375 0.04375