2 0.23125 0.8703125 0.0390625 0.084375
1 0.0578125 0.64921875 0.0421875 0.06484375
1 0.35390625 0.88125 0.10078125 0.15546875
1 0.46171875 0.85546875 0.0828125 0.12734375
1 0.50625 0.690625 0.059375 0.09375
1 0.51640625 0.603125 0.04765625 0.071875
1 0.53828125 0.53046875 0.04453125 0.06796875
3 0.59453125 0.46875 0.0328125 0.08515625
1 0.35390625 0.48359375 0.04921875 0.0375
4 0.7015625 0.35859375 0.0203125 0.03671875
2 0.565625 0.34375 0.01640625 0.02578125
2 0.53984375 0.33515625 0.01328125 0.021875
2 0.5265625 0.33046875 0.01171875 0.0203125
1 0.6921875 0.31015625 0.0140625 0.0203125
3 0.63671875 0.328125 0.0203125 0.03671875
1 0.609375 0.3203125 0.0140625 0.01875
1 0.621875 0.328125 0.01328125 0.0203125
1 0.5984375 0.29765625 0.01484375 0.01640625
3 0.66015625 0.31328125 0.01484375 0.03125