1 0.58515625 0.4703125 0.040625 0.07265625
1 0.2484375 0.5171875 0.04296875 0.05625
1 0.1734375 0.57265625 0.03671875 0.0515625
2 0.06015625 0.675 0.02890625 0.0703125
2 0.0296875 0.76171875 0.03359375 0.0671875
1 0.4703125 0.36796875 0.0265625 0.0359375
1 0.56796875 0.32109375 0.01953125 0.02734375
1 0.69453125 0.2921875 0.0125 0.02109375
1 0.67421875 0.3109375 0.01484375 0.02890625
1 0.66171875 0.31875 0.0109375 0.025
1 0.6515625 0.325 0.01171875 0.0234375
1 0.64140625 0.3328125 0.01328125 0.02109375
1 0.62734375 0.32890625 0.01328125 0.021875
1 0.6390625 0.30703125 0.01328125 0.021875
1 0.62890625 0.31015625 0.0140625 0.021875
1 0.61484375 0.31953125 0.0125 0.02578125
1 0.34921875 0.26796875 0.01328125 0.01875