1 0.528125 0.58828125 0.04375 0.05859375
1 0.58125 0.5 0.02734375 0.04140625
1 0.08671875 0.584375 0.04453125 0.046875
1 0.21875 0.49140625 0.0390625 0.0390625
1 0.02265625 0.7046875 0.04453125 0.0625
1 0.35390625 0.484375 0.04140625 0.03984375
1 0.14453125 0.5734375 0.04140625 0.04453125
1 0.7203125 0.54296875 0.04921875 0.04375
1 0.41328125 0.4171875 0.03359375 0.028125
1 0.259375 0.5078125 0.04296875 0.03515625
1 0.3625 0.428125 0.03671875 0.03125
1 0.646875 0.31171875 0.015625 0.021875
1 0.62890625 0.3265625 0.01640625 0.021875
3 0.96796875 0.5359375 0.0453125 0.04296875
1 0.57734375 0.33515625 0.0234375 0.021875
1 0.29296875 0.45 0.03515625 0.034375
1 0.5203125 0.33515625 0.03046875 0.021875
1 0.58984375 0.284375 0.0140625 0.015625
1 0.3390625 0.4203125 0.03359375 0.03203125
1 0.6625 0.303125 0.01328125 0.0171875
1 0.68671875 0.31171875 0.0140625 0.02421875
1 0.35 0.29765625 0.0140625 0.015625
1 0.2703125 0.4796875 0.0390625 0.03203125
1 0.33125 0.36875 0.015625 0.0234375
1 0.62421875 0.26953125 0.0109375 0.01328125
1 0.309375 0.27734375 0.01171875 0.0125
1 0.69375 0.28046875 0.0109375 0.01484375
1 0.375 0.40078125 0.03046875 0.02734375
3 0.146875 0.51875 0.04375 0.0625
1 0.453125 0.3265625 0.02265625 0.0171875
1 0.296875 0.26953125 0.01015625 0.01171875
3 0.60390625 0.3296875 0.0265625 0.0375
0 0.434375 0.834375 0.1953125 0.3109375
1 0.03828125 0.546875 0.03359375 0.03125
1 0.35703125 0.44921875 0.03515625 0.03125
1 0.39375 0.4109375 0.03203125 0.03046875
1 0.37578125 0.3140625 0.015625 0.0171875
2 0.57890625 0.42578125 0.01640625 0.0234375
2 0.67109375 0.36015625 0.00546875 0.01328125
2 0.75078125 0.47734375 0.01484375 0.02265625
2 0.95546875 0.55 0.01953125 0.01875
1 0.32421875 0.3578125 0.0171875 0.0203125
2 0.21953125 0.453125 0.0109375 0.02109375
2 0.29296875 0.3796875 0.00703125 0.015625
1 0.39609375 0.3078125 0.01484375 0.01875
1 0.6359375 0.2625 0.01015625 0.01484375
1 0.6578125 0.24765625 0.00859375 0.0125