3 0.11640625 0.56484375 0.06953125 0.09296875
3 0.059375 0.6703125 0.06484375 0.07578125
3 0.34921875 0.4265625 0.03984375 0.0421875
4 0.59296875 0.3875 0.03515625 0.03515625
3 0.67265625 0.41953125 0.046875 0.0328125
1 0.384375 0.428125 0.03515625 0.03046875
0 0.1515625 0.49375 0.096875 0.08828125
1 0.35625 0.453125 0.0359375 0.03359375
1 0.24609375 0.5203125 0.0421875 0.0421875
1 0.3 0.4546875 0.04296875 0.034375
1 0.26796875 0.48359375 0.02890625 0.03515625
1 0.57578125 0.30546875 0.015625 0.01953125
1 0.62265625 0.284375 0.01328125 0.01484375
1 0.1984375 0.546875 0.04921875 0.04453125
1 0.065625 0.63046875 0.0453125 0.0296875
1 0.1703125 0.534375 0.03984375 0.0390625
1 0.2203125 0.4984375 0.03359375 0.03046875
1 0.2421875 0.475 0.0375 0.034375
1 0.2875 0.446875 0.03046875 0.028125
1 0.3515625 0.26953125 0.009375 0.01171875
1 0.6953125 0.365625 0.015625 0.02578125
4 0.640625 0.34609375 0.01875 0.03515625
1 0.62109375 0.31171875 0.01640625 0.0203125
4 0.71640625 0.3296875 0.015625 0.02734375
1 0.71015625 0.34609375 0.01328125 0.0171875
1 0.65546875 0.3359375 0.0140625 0.01953125
2 0.6296875 0.48203125 0.00703125 0.02109375
2 0.7171875 0.38984375 0.00546875 0.02265625
2 0.71171875 0.384375 0.00546875 0.01875
1 0.6046875 0.409375 0.0359375 0.034375
1 0.38203125 0.28046875 0.01484375 0.01484375
1 0.3234375 0.271875 0.01484375 0.0171875
1 0.53125 0.37734375 0.028125 0.025
1 0.390625 0.4046875 0.03359375 0.0234375
1 0.309375 0.36953125 0.02421875 0.02265625
4 0.44609375 0.3515625 0.02734375 0.0296875
3 0.5578125 0.31953125 0.02421875 0.028125
1 0.2953125 0.48359375 0.03359375 0.034375
1 0.0546875 0.61015625 0.04296875 0.0453125