1 0.26640625 0.87265625 0.1046875 0.13515625
1 0.35 0.71796875 0.08828125 0.10546875
1 0.57109375 0.59140625 0.0453125 0.06796875
1 0.509375 0.57578125 0.040625 0.05859375
1 0.1765625 0.571875 0.04296875 0.04921875
1 0.0828125 0.615625 0.04765625 0.06015625
1 0.18359375 0.50234375 0.03203125 0.040625
1 0.21953125 0.50234375 0.03671875 0.03984375
1 0.240625 0.471875 0.0359375 0.0328125
1 0.26640625 0.48125 0.02890625 0.03828125
1 0.29375 0.48515625 0.03671875 0.03515625
1 0.30234375 0.453125 0.040625 0.02890625
1 0.35390625 0.4515625 0.0375 0.03203125
1 0.384375 0.428125 0.03515625 0.028125
1 0.346875 0.425 0.0390625 0.04375
1 0.38984375 0.403125 0.0375 0.02265625
1 0.42265625 0.40703125 0.034375 0.03828125
0 0.546875 0.48984375 0.03671875 0.0609375
0 0.55859375 0.40625 0.04609375 0.040625
4 0.640625 0.34609375 0.021875 0.03828125
1 0.6703125 0.34296875 0.01640625 0.0234375
1 0.6625 0.290625 0.01484375 0.0171875
1 0.68359375 0.35546875 0.0140625 0.01875
1 0.6953125 0.36640625 0.015625 0.0265625
1 0.69140625 0.321875 0.0125 0.01640625
1 0.69609375 0.2671875 0.01015625 0.01171875
1 0.26640625 0.55625 0.06640625 0.0421875
0 0.4 0.85703125 0.215625 0.28515625