1 0.525 0.8015625 0.07734375 0.13203125
1 0.5015625 0.67421875 0.06328125 0.0921875
1 0.5328125 0.63203125 0.0546875 0.084375
1 0.60234375 0.8109375 0.07734375 0.1
1 0.72265625 0.8390625 0.09375 0.11875
1 0.7359375 0.959375 0.09296875 0.07890625
1 0.43515625 0.57734375 0.03828125 0.06328125
1 0.3515625 0.51875 0.02578125 0.05
1 0.55703125 0.42734375 0.0453125 0.0375
1 0.33515625 0.26484375 0.01328125 0.021875
1 0.35859375 0.33359375 0.015625 0.0265625
1 0.3234375 0.31875 0.01171875 0.0125
1 0.3375 0.31796875 0.01015625 0.01328125
1 0.3234375 0.30390625 0.0109375 0.01015625
1 0.33828125 0.29140625 0.0125 0.0109375
1 0.38515625 0.321875 0.01328125 0.0171875
1 0.3171875 0.25625 0.00859375 0.01015625
1 0.35078125 0.309375 0.01171875 0.01328125
1 0.37109375 0.31171875 0.01171875 0.0140625
1 0.375 0.3296875 0.01171875 0.0171875
0 0.403125 0.61015625 0.0875 0.165625