4 0.4734375 0.653125 0.0734375 0.11484375
1 0.18828125 0.5578125 0.04921875 0.05078125
1 0.16953125 0.53359375 0.0453125 0.0390625
1 0.21796875 0.45625 0.0328125 0.0453125
1 0.2203125 0.49765625 0.034375 0.0359375
1 0.246875 0.5234375 0.0421875 0.04296875
1 0.2953125 0.48515625 0.0375 0.0359375
1 0.2671875 0.48125 0.03046875 0.0328125
1 0.30234375 0.4546875 0.04140625 0.03046875
1 0.3546875 0.45390625 0.0359375 0.02890625
1 0.34921875 0.425 0.03671875 0.0421875
1 0.38359375 0.42890625 0.034375 0.02890625
1 0.42421875 0.40703125 0.03359375 0.0375
1 0.38671875 0.4046875 0.03203125 0.02578125
4 0.63984375 0.3453125 0.0171875 0.03671875
1 0.659375 0.35859375 0.01484375 0.0203125
1 0.6953125 0.365625 0.01640625 0.0265625
1 0.7171875 0.38671875 0.00859375 0.03046875
1 0.678125 0.36484375 0.01484375 0.0203125
1 0.5578125 0.3375 0.03359375 0.015625
1 0.62109375 0.31875 0.0140625 0.0203125
1 0.678125 0.33359375 0.0171875 0.0203125
1 0.67578125 0.29140625 0.01328125 0.0109375
3 0.6515625 0.3140625 0.01640625 0.03125