1 0.3265625 0.3078125 0.015625 0.025
1 0.3734375 0.328125 0.01796875 0.02578125
1 0.38046875 0.31875 0.021875 0.02578125
1 0.34453125 0.32109375 0.02109375 0.0265625
1 0.63125 0.35078125 0.0171875 0.01484375
1 0.55859375 0.42578125 0.0421875 0.0390625
1 0.6390625 0.26875 0.01875 0.0234375
1 0.3578125 0.33203125 0.0171875 0.0234375
1 0.65234375 0.26875 0.0140625 0.0171875
1 0.3296875 0.24296875 0.021875 0.02265625
1 0.3625 0.37109375 0.01875 0.028125
1 0.36875 0.31328125 0.01875 0.02265625
1 0.653125 0.35625 0.021875 0.02265625
1 0.25703125 0.22421875 0.0109375 0.015625
1 0.67109375 0.2546875 0.01875 0.0203125
1 0.74375 0.50703125 0.046875 0.04140625
3 0.64921875 0.85859375 0.115625 0.20546875
1 0.746875 0.28828125 0.0328125 0.040625
1 0.97734375 0.7578125 0.0453125 0.078125
1 0.6234375 0.4640625 0.02109375 0.02578125
1 0.975 0.49921875 0.0484375 0.05234375
1 0.75390625 0.22734375 0.00859375 0.01328125
1 0.60703125 0.27734375 0.015625 0.0265625
1 0.8015625 0.3140625 0.02265625 0.02265625
1 0.57265625 0.28984375 0.03203125 0.0375
1 0.7359375 0.28125 0.00859375 0.01796875
1 0.9625 0.5484375 0.03125 0.034375
1 0.48984375 0.24609375 0.0171875 0.028125