1 0.50078125 0.61015625 0.0515625 0.05703125
1 0.328125 0.30859375 0.0140625 0.02265625
1 0.36953125 0.3265625 0.025 0.0296875
1 0.56328125 0.4328125 0.04609375 0.04296875
1 0.38203125 0.31953125 0.01953125 0.02421875
1 0.0265625 0.528125 0.03984375 0.034375
1 0.2296875 0.4671875 0.0234375 0.02734375
1 0.31640625 0.303125 0.01015625 0.01640625
1 0.67421875 0.45859375 0.0265625 0.0375
1 0.440625 0.31953125 0.0203125 0.01953125
1 0.309375 0.29296875 0.009375 0.01640625
1 0.3578125 0.3328125 0.0140625 0.0203125
1 0.265625 0.32890625 0.0109375 0.021875
1 0.37265625 0.2921875 0.0125 0.0171875
1 0.7203125 0.26015625 0.01015625 0.01328125
1 0.36484375 0.2578125 0.0109375 0.01796875
1 0.61796875 0.43125 0.03203125 0.034375
1 0.5515625 0.42109375 0.03125 0.02578125
1 0.35859375 0.2484375 0.0140625 0.01875
1 0.2125 0.203125 0.01015625 0.01953125
1 0.9625 0.54765625 0.02578125 0.03515625
1 0.3046875 0.290625 0.00703125 0.0140625
1 0.80859375 0.14609375 0.0453125 0.03515625
1 0.74375 0.1625 0.0078125 0.01484375