2 0.07578125 0.609375 0.02890625 0.0703125
2 0.04296875 0.67109375 0.025 0.05078125
2 0.51953125 0.64140625 0.03125 0.0828125
2 0.6875 0.42734375 0.0078125 0.04296875
2 0.65859375 0.41953125 0.0109375 0.02734375
2 0.509375 0.33671875 0.01640625 0.0265625
2 0.40859375 0.33515625 0.0109375 0.02578125
2 0.428125 0.3203125 0.009375 0.02421875
2 0.43671875 0.3390625 0.009375 0.034375
1 0.71171875 0.28984375 0.015625 0.02109375
1 0.70625 0.3109375 0.01484375 0.0234375
1 0.6765625 0.34296875 0.015625 0.03046875
1 0.6484375 0.38671875 0.015625 0.03671875
1 0.62109375 0.390625 0.01328125 0.0359375
1 0.65234375 0.265625 0.0140625 0.02421875
1 0.715625 0.2625 0.00546875 0.01015625
1 0.64765625 0.32734375 0.00546875 0.02265625
1 0.60546875 0.321875 0.01171875 0.0203125
1 0.61875 0.3265625 0.01015625 0.02578125
1 0.64765625 0.3234375 0.00546875 0.0171875
3 0.6328125 0.32734375 0.0171875 0.040625
4 0.64921875 0.478125 0.0515625 0.084375
1 0.41796875 0.45859375 0.0328125 0.04296875
1 0.35703125 0.48203125 0.04296875 0.05703125
1 0.4046875 0.678125 0.0609375 0.07890625
3 0.32734375 0.79765625 0.09921875 0.196875
1 0.196875 0.878125 0.09609375 0.1515625
1 0.2421875 0.4515625 0.025 0.0484375