1 0.28203125 0.559375 0.0375 0.1359375
0 0.7859375 0.53203125 0.03984375 0.1828125
4 0.62578125 0.8890625 0.03359375 0.1328125
1 0.23515625 0.5390625 0.0328125 0.11953125
1 0.11328125 0.57734375 0.03125 0.0984375
1 0.1875 0.396875 0.03203125 0.11875
1 0.303125 0.8875 0.03046875 0.11484375
1 0.0734375 0.86875 0.03515625 0.10859375
1 0.2265625 0.871875 0.0328125 0.12734375
1 0.3109375 0.42421875 0.028125 0.10546875
1 0.0328125 0.5625 0.03828125 0.12421875
1 0.37890625 0.55546875 0.03046875 0.12578125
1 0.11640625 0.4046875 0.0328125 0.11484375
1 0.3390625 0.8703125 0.0296875 0.12265625
1 0.1875 0.86640625 0.0328125 0.1265625
1 0.546875 0.559375 0.03046875 0.1125
1 0.1515625 0.5421875 0.0328125 0.115625
1 0.07421875 0.55078125 0.03125 0.1234375
1 0.19375 0.54453125 0.0296875 0.1046875
1 0.11875 0.08984375 0.0328125 0.12578125
1 0.2640625 0.86484375 0.0296875 0.121875
1 0.2359375 0.11875 0.03046875 0.12578125
1 0.271875 0.3953125 0.03203125 0.11640625
1 0.1109375 0.85859375 0.03046875 0.12578125
1 0.45 0.11015625 0.0296875 0.13125
1 0.0296875 0.3859375 0.0421875 0.1203125
1 0.22734375 0.40234375 0.02890625 0.1125
1 0.4890625 0.54765625 0.03046875 0.11875
1 0.45390625 0.40546875 0.02890625 0.11875
1 0.36640625 0.4046875 0.0296875 0.11484375
1 0.034375 0.86015625 0.03359375 0.1171875
1 0.4171875 0.86640625 0.028125 0.12578125
1 0.52265625 0.403125 0.03046875 0.12109375
0 0.60625 0.075 0.03359375 0.1484375
1 0.078125 0.4015625 0.03203125 0.1046875
1 0.196875 0.11015625 0.03125 0.12109375
1 0.0359375 0.0953125 0.03828125 0.11953125
1 0.27578125 0.11328125 0.0328125 0.125
1 0.5640625 0.41171875 0.03046875 0.115625
1 0.16015625 0.0921875 0.03125 0.13046875
1 0.3265625 0.10625 0.03515625 0.12890625
1 0.5328125 0.871875 0.03125 0.1296875
1 0.2296875 0.71171875 0.06328125 0.05859375
1 0.7171875 0.11015625 0.03515625 0.12734375
1 0.58046875 0.86796875 0.0359375 0.128125
1 0.378125 0.86640625 0.0296875 0.1234375
1 0.7125 0.53984375 0.0296875 0.11484375
1 0.38046875 0.090625 0.028125 0.12109375
4 0.7453125 0.87265625 0.0328125 0.115625
1 0.63671875 0.5546875 0.03359375 0.128125
1 0.5265625 0.10625 0.028125 0.12265625
1 0.15 0.859375 0.03125 0.11953125
1 0.91171875 0.39921875 0.034375 0.1234375
1 0.4609375 0.86796875 0.02734375 0.12265625
0 0.5953125 0.5359375 0.034375 0.16640625
1 0.8109375 0.303125 0.0640625 0.0515625
0 0.8 0.090625 0.05625 0.1796875
1 0.00703125 0.86171875 0.0140625 0.1171875
1 0.409375 0.9953125 0.0265625 0.009375
1 0.115625 0.99453125 0.03125 0.01015625