1 0.98828125 0.0671875 0.02265625 0.065625
1 0.8140625 0.14296875 0.08515625 0.07578125
1 0.79765625 0.01328125 0.0671875 0.0265625
1 0.5921875 0.0296875 0.071875 0.059375
1 0.5765625 0.18203125 0.0734375 0.06796875
1 0.93125 0.3921875 0.065625 0.096875
1 0.7953125 0.3546875 0.06640625 0.09375
1 0.7578125 0.53203125 0.0625 0.11015625
1 0.7328125 0.8921875 0.0359375 0.134375
1 0.6953125 0.98125 0.03125 0.0375
1 0.590625 0.82734375 0.0359375 0.15234375
1 0.42265625 0.85703125 0.04140625 0.13046875
1 0.45 0.74609375 0.03984375 0.13203125
1 0.3828125 0.73203125 0.03359375 0.1265625
0 0.5171875 0.78359375 0.0921875 0.384375