1 0.9671875 0.54609375 0.06484375 0.1203125
1 0.63515625 0.64453125 0.096875 0.071875
1 0.5328125 0.640625 0.090625 0.06796875
1 0.40625 0.640625 0.09296875 0.07265625
1 0.2890625 0.63515625 0.090625 0.06875
1 0.1828125 0.6375 0.084375 0.07421875
1 0.08984375 0.63203125 0.08828125 0.0703125
1 0.01640625 0.4234375 0.0328125 0.0609375
1 0.09453125 0.42421875 0.09140625 0.071875
1 0.2671875 0.42265625 0.07890625 0.071875
1 0.36015625 0.42578125 0.08203125 0.06796875
1 0.46796875 0.43203125 0.08125 0.06796875
2 0.35 0.36640625 0.0375 0.0234375
2 0.10390625 0.50703125 0.034375 0.0234375
2 0.51640625 0.49765625 0.0390625 0.0125
2 0.67578125 0.30546875 0.0359375 0.02734375
2 0.71875 0.37578125 0.03671875 0.02578125
2 0.79609375 0.3765625 0.03203125 0.025
2 0.58359375 0.703125 0.03828125 0.02890625
2 0.70234375 0.66640625 0.0203125 0.0609375
2 0.7859375 0.67890625 0.01875 0.06640625
2 0.80234375 0.66015625 0.021875 0.0578125
2 0.66875 0.70078125 0.0375 0.03203125
2 0.75546875 0.675 0.015625 0.08046875