3 0.23046875 0.72734375 0.0609375 0.25390625
3 0.2984375 0.53046875 0.06484375 0.34921875
1 0.240625 0.29453125 0.0390625 0.15703125
1 0.77265625 0.04765625 0.04453125 0.09453125
1 0.70859375 0.2484375 0.04296875 0.15078125
1 0.759375 0.48125 0.03828125 0.16171875
1 0.68828125 0.540625 0.04609375 0.1671875
1 0.5859375 0.634375 0.03984375 0.1578125
1 0.75703125 0.9265625 0.03828125 0.146875
1 0.415625 0.71484375 0.0390625 0.1609375
1 0.3640625 0.4671875 0.03671875 0.1484375
1 0.6375 0.72578125 0.040625 0.15234375