3 0.30703125 0.559375 0.06015625 0.23984375
3 0.228125 0.3078125 0.0640625 0.5609375
3 0.7515625 0.290625 0.0609375 0.2484375
3 0.6890625 0.0609375 0.05859375 0.121875
3 0.340625 0.92734375 0.05625 0.1453125
3 0.95625 0.9 0.028125 0.13359375
3 0.9890625 0.825 0.021875 0.1296875
4 0.56015625 0.2390625 0.040625 0.17421875
1 0.62109375 0.38046875 0.0375 0.14453125
1 0.68515625 0.44453125 0.0375 0.1359375
1 0.74453125 0.9015625 0.0421875 0.14609375
1 0.6265625 0.94140625 0.0421875 0.1171875
1 0.56640625 0.7890625 0.0390625 0.15390625
1 0.68515625 0.696875 0.03828125 0.14296875
1 0.4046875 0.3578125 0.034375 0.11953125
1 0.2828125 0.21171875 0.03828125 0.15
1 0.075 0.4640625 0.0328125 0.10703125
1 0.2859375 0.89609375 0.03515625 0.13359375