4 0.3984375 0.76015625 0.06328125 0.10390625
1 0.87578125 0.02265625 0.0515625 0.0453125
1 0.8875 0.06640625 0.05234375 0.05625
1 0.8953125 0.10625 0.046875 0.0453125
1 0.9140625 0.159375 0.02734375 0.04296875
1 0.91953125 0.2625 0.04609375 0.05703125
1 0.9890625 0.02109375 0.02109375 0.04140625
1 0.39453125 0.6734375 0.04609375 0.0640625
1 0.39765625 0.60234375 0.046875 0.0671875
1 0.40078125 0.42421875 0.04765625 0.075
1 0.4046875 0.3609375 0.04375 0.075
1 0.403125 0.18515625 0.034375 0.06640625