2 0.53359375 0.56796875 0.021875 0.0734375
2 0.53203125 0.4640625 0.0140625 0.059375
2 0.47421875 0.478125 0.01484375 0.065625
2 0.53515625 0.1359375 0.01484375 0.05078125
2 0.5109375 0.32265625 0.01484375 0.071875
2 0.50078125 0.08203125 0.0140625 0.05859375
2 0.58046875 0.57109375 0.01640625 0.05234375
2 0.5484375 0.80234375 0.01875 0.07734375
2 0.5234375 0.68671875 0.0171875 0.06484375
2 0.6015625 0.78203125 0.0359375 0.02890625
2 0.5796875 0.46171875 0.0265625 0.046875
2 0.48125 0.56328125 0.01640625 0.06015625
2 0.43203125 0.64765625 0.01484375 0.065625
2 0.48515625 0.228125 0.0171875 0.0390625
2 0.4203125 0.63828125 0.015625 0.059375
2 0.45625 0.56796875 0.0171875 0.0609375
2 0.58828125 0.39921875 0.01875 0.0671875
2 0.6046875 0.81953125 0.0328125 0.03359375
2 0.5453125 0.9765625 0.025 0.02890625
2 0.25 0.84140625 0.05078125 0.0375
2 0.596875 0.95546875 0.04140625 0.0515625
2 0.4421875 0.4890625 0.01484375 0.03828125
2 0.45703125 0.134375 0.01640625 0.0484375
2 0.584375 0.97109375 0.0265625 0.028125
2 0.4953125 0.98515625 0.01640625 0.0296875
2 0.43125 0.38984375 0.01015625 0.0390625
1 0.05859375 0.98515625 0.1015625 0.0296875
2 0.62265625 0.50625 0.0109375 0.03671875
2 0.57109375 0.9796875 0.025 0.02421875
2 0.58125 0.52578125 0.01875 0.0328125
2 0.45390625 0.1984375 0.01171875 0.03046875
2 0.41171875 0.7640625 0.02109375 0.0734375
2 0.615625 0.3734375 0.02265625 0.040625
2 0.43671875 0.2125 0.02109375 0.03515625
2 0.56328125 0.87578125 0.021875 0.03125
1 0.0453125 0.8296875 0.08984375 0.06484375
2 0.34296875 0.521875 0.0171875 0.021875
2 0.4515625 0.4859375 0.015625 0.04375
2 0.23984375 0.9875 0.015625 0.02421875
2 0.48828125 0.66953125 0.0140625 0.01953125
2 0.415625 0.503125 0.0109375 0.0328125
2 0.1609375 0.83359375 0.01953125 0.04765625
2 0.2546875 0.80234375 0.02890625 0.03046875
2 0.36875 0.90390625 0.01171875 0.0234375