1 0.359375 0.38671875 0.0359375 0.1421875
1 0.4234375 0.3421875 0.0375 0.146875
1 0.30078125 0.59140625 0.03515625 0.1421875
1 0.2421875 0.8390625 0.034375 0.14453125
1 0.24140625 0.31953125 0.0359375 0.14375
1 0.70234375 0.2171875 0.034375 0.13125
1 0.41953125 0.8640625 0.03359375 0.14375
1 0.67265625 0.40625 0.04296875 0.1484375
1 0.70625 0.69765625 0.03515625 0.15078125
4 0.02265625 0.45703125 0.03203125 0.16328125
1 0.646875 0.6671875 0.03359375 0.1390625
1 0.0171875 0.74375 0.03359375 0.04765625
1 0.01640625 0.60625 0.0328125 0.040625
1 0.0171875 0.665625 0.03359375 0.0375
3 0.0171875 0.81484375 0.03359375 0.0453125
1 0.8859375 0.31875 0.0234375 0.03984375
3 0.58984375 0.5828125 0.0453125 0.2984375
1 0.9921875 0.20078125 0.0140625 0.0390625
1 0.75625 0.98046875 0.03515625 0.03828125
3 0.76171875 0.46796875 0.05703125 0.46484375
4 0.88984375 0.14921875 0.0296875 0.0546875
1 0.70625 0.9859375 0.034375 0.02734375
1 0.88671875 0.4265625 0.02734375 0.05078125
3 0.02578125 0.26875 0.02109375 0.13125