0 0.85625 0.4796875 0.196875 0.09765625
0 0.8234375 0.60859375 0.1390625 0.08359375
0 0.38515625 0.29765625 0.11953125 0.0796875
0 0.73125 0.33125 0.1703125 0.1484375
0 0.05546875 0.696875 0.1109375 0.103125
0 0.74375 0.13671875 0.0703125 0.265625
0 0.05390625 0.09921875 0.06953125 0.190625
0 0.675 0.10703125 0.05 0.20390625
0 0.9640625 0.3390625 0.07109375 0.08828125
0 0.3890625 0.8734375 0.15234375 0.10078125
0 0.11640625 0.10078125 0.05703125 0.1953125
0 0.6171875 0.109375 0.04765625 0.2125
0 0.8546875 0.121875 0.0703125 0.2328125
0 0.8015625 0.11796875 0.07421875 0.2296875
0 0.38671875 0.1140625 0.046875 0.22109375
0 0.178125 0.11484375 0.06484375 0.2234375
0 0.5 0.10703125 0.0453125 0.2078125
0 0.946875 0.09375 0.06015625 0.18046875
0 0.41875 0.69453125 0.1421875 0.1984375
0 0.55 0.0859375 0.03984375 0.17109375
0 0.3328125 0.10859375 0.0484375 0.21484375
0 0.26640625 0.1265625 0.05625 0.24921875
0 0.59140625 0.8046875 0.14140625 0.0921875
0 0.61953125 0.68515625 0.203125 0.13984375
0 0.8953125 0.09921875 0.0609375 0.1828125
0 0.196875 0.79453125 0.2546875 0.19609375
1 0.73203125 0.890625 0.05625 0.1828125
0 0.44921875 0.0875 0.03828125 0.15625
1 0.83671875 0.8796875 0.05703125 0.16640625
1 0.96953125 0.8890625 0.0546875 0.178125
1 0.91015625 0.884375 0.0546875 0.1671875
0 0.984375 0.053125 0.03046875 0.10625
0 0.00546875 0.0515625 0.01015625 0.10234375