1 0.6421875 0.490625 0.0640625 0.1125
1 0.83203125 0.93046875 0.05234375 0.09375
1 0.5609375 0.61484375 0.053125 0.09765625
1 0.91875 0.83203125 0.05 0.0875
1 0.81640625 0.88359375 0.0484375 0.071875
1 0.8546875 0.63046875 0.05625 0.11015625
1 0.5078125 0.72421875 0.04296875 0.0796875
1 0.89921875 0.70859375 0.0546875 0.04921875
1 0.775 0.45234375 0.05 0.0984375
1 0.61015625 0.0328125 0.0328125 0.065625
1 0.8609375 0.8109375 0.04453125 0.06796875
1 0.6 0.10703125 0.04296875 0.09453125
1 0.8140625 0.5453125 0.0515625 0.0984375
1 0.36484375 0.21328125 0.05078125 0.0890625
1 0.79375 0.8296875 0.0421875 0.08203125
1 0.92109375 0.0078125 0.021875 0.01484375
1 0.37890625 0.18984375 0.025 0.04609375
1 0.8765625 0.91484375 0.0359375 0.06328125
1 0.77265625 0.8609375 0.0296875 0.0578125