0 0.0984375 0.525 0.09453125 0.19375
0 0.21015625 0.46015625 0.03984375 0.1703125
0 0.25390625 0.453125 0.04296875 0.18984375
0 0.475 0.58359375 0.09609375 0.0515625
0 0.6046875 0.4453125 0.0421875 0.1515625
0 0.6390625 0.46015625 0.0421875 0.1671875
0 0.71953125 0.440625 0.034375 0.15234375
0 0.6796875 0.4390625 0.0328125 0.13515625
0 0.8625 0.4453125 0.03828125 0.16796875
0 0.93515625 0.4453125 0.0484375 0.2125
0 0.98203125 0.4421875 0.03515625 0.17109375
4 0.8203125 0.43671875 0.02578125 0.09921875
4 0.759375 0.4296875 0.03046875 0.115625
4 0.78984375 0.440625 0.028125 0.146875
4 0.54375 0.4359375 0.025 0.1125
4 0.5125 0.42890625 0.025 0.1171875
4 0.4828125 0.4 0.0203125 0.08046875
4 0.45078125 0.4109375 0.02421875 0.11171875
4 0.41640625 0.43203125 0.025 0.1171875
0 0.38125 0.44453125 0.0265625 0.1296875
4 0.34765625 0.45 0.028125 0.128125
0 0.57265625 0.45078125 0.0390625 0.15078125
0 0.8625 0.571875 0.078125 0.05
1 0.83046875 0.65625 0.0578125 0.04609375
1 0.653125 0.92734375 0.021875 0.08984375
1 0.61640625 0.9234375 0.02265625 0.0953125
1 0.55078125 0.928125 0.02421875 0.10234375
1 0.465625 0.9109375 0.021875 0.1
1 0.3578125 0.87578125 0.04375 0.084375
1 0.28984375 0.92734375 0.03359375 0.09296875
1 0.2546875 0.9296875 0.0234375 0.08828125
1 0.190625 0.97734375 0.025 0.0453125
4 0.128125 0.95703125 0.059375 0.08515625
4 0.01953125 0.65859375 0.0390625 0.0421875
4 0.01953125 0.81484375 0.0390625 0.08515625
4 0.3203125 0.96328125 0.02734375 0.0734375
4 0.2203125 0.96953125 0.03046875 0.0609375
4 0.415625 0.925 0.02421875 0.1015625
4 0.3859375 0.92578125 0.025 0.1
4 0.51015625 0.92109375 0.02734375 0.11328125
4 0.5859375 0.91796875 0.03203125 0.10625
0 0.75703125 0.890625 0.09609375 0.06015625
4 0.53203125 0.7828125 0.06328125 0.04375
1 0.3515625 0.7703125 0.05 0.0375