0 0.52578125 0.58671875 0.1125 0.08671875
1 0.6515625 0.77109375 0.05703125 0.0515625
1 0.46875 0.78359375 0.06171875 0.0421875
1 0.45 0.9296875 0.02421875 0.096875
1 0.534375 0.9125 0.021875 0.096875
1 0.584375 0.925 0.02421875 0.1
1 0.61484375 0.925 0.025 0.096875
1 0.16953125 0.6578125 0.05703125 0.0390625
1 0.384375 0.925 0.025 0.09609375
1 0.490625 0.91875 0.02421875 0.109375
0 0.13828125 0.5734375 0.07734375 0.04453125
1 0.41484375 0.9171875 0.03125 0.10546875
1 0.346875 0.9265625 0.02109375 0.08515625
1 0.640625 0.87421875 0.0390625 0.0828125
0 0.8734375 0.9578125 0.05703125 0.084375
1 0.7453125 0.93046875 0.0234375 0.0890625
1 0.7109375 0.92421875 0.03359375 0.0921875
0 0.68046875 0.9609375 0.02421875 0.07578125
1 0.78046875 0.96953125 0.0296875 0.059375
1 0.45625 0.4328125 0.0265625 0.109375
4 0.9796875 0.81484375 0.03984375 0.07734375
1 0.98046875 0.6578125 0.0390625 0.040625
1 0.5171875 0.39921875 0.021875 0.0796875
0 0.42734375 0.44921875 0.0390625 0.1484375
0 0.58515625 0.434375 0.0265625 0.1234375
1 0.4875 0.4265625 0.02578125 0.1140625
1 0.8109375 0.978125 0.021875 0.04375
1 0.55078125 0.41171875 0.02421875 0.109375
0 0.359375 0.4578125 0.03984375 0.16171875
0 0.28046875 0.440625 0.03359375 0.14453125
1 0.1796875 0.4375 0.0265625 0.1015625
0 0.21015625 0.43828125 0.0328125 0.1421875
0 0.24609375 0.890625 0.1015625 0.05703125
1 0.32109375 0.44140625 0.03125 0.13515625
0 0.3953125 0.44453125 0.03828125 0.1421875
1 0.65546875 0.44921875 0.02421875 0.12421875
0 0.9 0.528125 0.0859375 0.17734375
1 0.6203125 0.44375 0.02578125 0.1296875
1 0.24140625 0.42890625 0.0296875 0.11484375
0 0.7921875 0.46640625 0.03828125 0.15625
1 0.01796875 0.93671875 0.0359375 0.0609375
0 0.13828125 0.44375 0.03984375 0.1625
0 0.10234375 0.44453125 0.034375 0.14375
0 0.01640625 0.44765625 0.0328125 0.16796875
0 0.74453125 0.4546875 0.03828125 0.18203125
1 0.0703125 0.99375 0.02734375 0.0125
0 0.065625 0.44453125 0.04921875 0.2046875
0 0.13125 0.2796875 0.02734375 0.1515625