1 0.12578125 0.3890625 0.12421875 0.10234375
1 0.01796875 0.38359375 0.03515625 0.09375
1 0.02109375 0.6765625 0.0421875 0.09453125
1 0.11796875 0.68671875 0.1234375 0.09765625
1 0.24921875 0.68359375 0.11953125 0.09765625
1 0.3953125 0.6765625 0.1171875 0.09921875
1 0.653125 0.671875 0.12890625 0.10546875
1 0.9296875 0.66640625 0.140625 0.1046875
4 0.89453125 0.36796875 0.15546875 0.10546875
1 0.7375 0.37265625 0.13359375 0.0984375
1 0.59453125 0.37109375 0.12890625 0.103125
1 0.44921875 0.37421875 0.11484375 0.09609375
2 0.51796875 0.4875 0.05 0.01796875
2 0.70234375 0.4734375 0.0515625 0.015625