1 0.40078125 0.60703125 0.03828125 0.15234375
1 0.284375 0.7890625 0.034375 0.13203125
1 0.62265625 0.47578125 0.0328125 0.1390625
1 0.0734375 0.27890625 0.0296875 0.10703125
1 0.74375 0.92890625 0.03671875 0.13515625
1 0.6828125 0.6421875 0.03359375 0.14140625
1 0.56015625 0.4875 0.03671875 0.16015625
1 0.28828125 0.4890625 0.03203125 0.12578125
1 0.684375 0.3484375 0.034375 0.134375
1 0.56484375 0.9265625 0.03671875 0.1375
1 0.68359375 0.98046875 0.0328125 0.0390625
1 0.6265625 0.96640625 0.0359375 0.06484375
1 0.62421875 0.06796875 0.03515625 0.13515625
1 0.34453125 0.971875 0.03203125 0.0515625
1 0.28125 0.98515625 0.034375 0.0296875
1 0.96171875 0.9109375 0.03046875 0.16171875
1 0.40234375 0.9546875 0.0484375 0.0859375
1 0.10546875 0.78359375 0.0203125 0.04609375
1 0.68515625 0.01796875 0.04296875 0.03515625
1 0.959375 0.72421875 0.02265625 0.1140625
1 0.990625 0.64140625 0.01875 0.11640625
1 0.10625 0.88203125 0.0234375 0.04765625
1 0.10234375 0.61953125 0.025 0.05
1 0.00390625 0.66875 0.00703125 0.03828125
3 0.3421875 0.58046875 0.06015625 0.35546875
3 0.30234375 0.1640625 0.05859375 0.24375
3 0.74765625 0.346875 0.0546875 0.24609375