1 0.8640625 0.81796875 0.03515625 0.12734375
1 0.82421875 0.83046875 0.034375 0.125
1 0.78671875 0.8015625 0.0328125 0.10703125
1 0.81875 0.959375 0.03125 0.08046875
1 0.7796875 0.9546875 0.034375 0.090625
1 0.746875 0.83515625 0.03359375 0.11875
1 0.70703125 0.834375 0.03125 0.10625
1 0.665625 0.83828125 0.034375 0.12109375
1 0.6703125 0.95546875 0.028125 0.0890625
1 0.62109375 0.81484375 0.03203125 0.11953125
1 0.6296875 0.959375 0.03359375 0.08125
1 0.59765625 0.946875 0.0390625 0.10546875
1 0.5328125 0.9546875 0.03125 0.090625
1 0.44921875 0.95078125 0.028125 0.0984375
1 0.525 0.82265625 0.0328125 0.12734375
1 0.58359375 0.8109375 0.0421875 0.11796875
1 0.3796875 0.95546875 0.03125 0.08828125
1 0.33671875 0.9515625 0.0359375 0.096875
1 0.4859375 0.8328125 0.03203125 0.125
1 0.26796875 0.82265625 0.0375 0.13671875
1 0.19375 0.8375 0.03515625 0.1171875
1 0.2171875 0.63984375 0.06796875 0.05625
1 0.125 0.6203125 0.06640625 0.065625
1 0.1125 0.690625 0.0765625 0.0703125
4 0.1203125 0.84921875 0.04609375 0.203125
4 0.27734375 0.49375 0.03984375 0.128125
4 0.68046875 0.31875 0.03828125 0.153125
4 0.82734375 0.3265625 0.04375 0.1265625
4 0.79375 0.04609375 0.0421875 0.09140625
1 0.16484375 0.30078125 0.0359375 0.11953125
1 0.34453125 0.31953125 0.03203125 0.121875
1 0.41484375 0.33125 0.03125 0.11953125
1 0.4515625 0.31484375 0.0265625 0.12109375
1 0.53046875 0.33046875 0.03203125 0.11875
1 0.49140625 0.3328125 0.0328125 0.12578125
1 0.56328125 0.3234375 0.0265625 0.11640625
1 0.7875 0.3296875 0.034375 0.11796875
1 0.72421875 0.32421875 0.0296875 0.125
1 0.86796875 0.32265625 0.0328125 0.125
1 0.9484375 0.57890625 0.03828125 0.1078125
1 0.8640625 0.52109375 0.03359375 0.11875
1 0.82578125 0.51015625 0.03515625 0.11171875
1 0.78828125 0.521875 0.03359375 0.13203125
1 0.74921875 0.5265625 0.034375 0.13671875
1 0.71328125 0.51484375 0.03125 0.134375
1 0.675 0.5078125 0.03515625 0.13125
1 0.6375 0.5125 0.0296875 0.12578125
1 0.5984375 0.49453125 0.0328125 0.11171875
1 0.5625 0.509375 0.03125 0.125
1 0.52421875 0.5140625 0.03125 0.12109375
1 0.4859375 0.515625 0.03046875 0.12578125
4 0.44296875 0.5109375 0.03046875 0.11328125
4 0.6015625 0.3140625 0.0296875 0.128125
2 0.63828125 0.321875 0.0125 0.0671875
1 0.9078125 0.51875 0.04609375 0.13046875
1 0.70859375 0.96015625 0.0421875 0.0796875
3 0.3078125 0.8453125 0.04296875 0.178125
1 0.30703125 0.65546875 0.0609375 0.09921875
1 0.1625 0.5046875 0.0375 0.10859375
1 0.325 0.51015625 0.03828125 0.1265625
1 0.36953125 0.509375 0.0359375 0.1234375
1 0.28359375 0.028125 0.0390625 0.05625
1 0.346875 0.0296875 0.034375 0.05859375
1 0.4140625 0.03046875 0.03515625 0.0609375
1 0.459375 0.0375 0.03125 0.07421875
1 0.565625 0.028125 0.0328125 0.05625
1 0.60078125 0.04140625 0.03125 0.0828125
1 0.90625 0.0359375 0.040625 0.071875
4 0.8640625 0.03984375 0.0375 0.0796875
1 0.7109375 0.0328125 0.03125 0.065625
1 0.74765625 0.02734375 0.03125 0.05390625