1 0.28203125 0.8375 0.0375 0.15859375
4 0.10390625 0.38359375 0.04609375 0.178125
4 0.73671875 0.55625 0.03984375 0.14375
1 0.390625 0.84296875 0.02890625 0.12421875
1 0.40234375 0.54609375 0.03125 0.1140625
1 0.35390625 0.85859375 0.028125 0.11953125
1 0.4671875 0.86171875 0.028125 0.12265625
1 0.10078125 0.821875 0.03203125 0.115625
1 0.43046875 0.8640625 0.02890625 0.12421875
1 0.6890625 0.53515625 0.03046875 0.11953125
1 0.43984375 0.54375 0.03125 0.115625
1 0.80625 0.55546875 0.034375 0.12265625
1 0.8078125 0.40390625 0.034375 0.12421875
1 0.225 0.51171875 0.034375 0.13203125
1 0.35546875 0.52890625 0.03046875 0.11796875
1 0.765625 0.87265625 0.0359375 0.12578125
1 0.540625 0.8515625 0.02734375 0.1296875
1 0.18125 0.36953125 0.03515625 0.1109375
1 0.696875 0.0984375 0.03203125 0.11953125
1 0.2875 0.525 0.03046875 0.1140625
1 0.725 0.87265625 0.03203125 0.125
1 0.5765625 0.5515625 0.02890625 0.12421875
1 0.50625 0.52890625 0.03046875 0.11953125
1 0.80625 0.86640625 0.03125 0.12578125
1 0.6140625 0.5484375 0.02890625 0.12109375
1 0.65859375 0.40234375 0.03046875 0.12265625
1 0.653125 0.5484375 0.028125 0.1078125
1 0.85078125 0.5578125 0.03515625 0.11484375
1 0.81953125 0.10234375 0.0328125 0.125
1 0.26015625 0.07421875 0.0328125 0.12578125
1 0.7375 0.39609375 0.03125 0.125
1 0.584375 0.3921875 0.028125 0.1203125
1 0.6984375 0.40078125 0.0296875 0.1203125
4 0.61640625 0.86484375 0.03125 0.16015625
1 0.503125 0.85703125 0.0265625 0.1203125
1 0.5484375 0.09765625 0.03046875 0.1203125
1 0.74140625 0.08671875 0.03046875 0.1265625
1 0.6625 0.86328125 0.028125 0.12578125
1 0.77890625 0.103125 0.03125 0.12265625
1 0.421875 0.22890625 0.0625 0.10390625
4 0.9078125 0.83671875 0.04921875 0.14453125
1 0.53671875 0.98671875 0.02578125 0.02578125
1 0.30703125 0.98671875 0.03125 0.0265625
1 0.42265625 0.98984375 0.02578125 0.0203125
1 0.2640625 0.98515625 0.03046875 0.02890625
1 0.6234375 0.0984375 0.03046875 0.1171875
1 0.48984375 0.13359375 0.03203125 0.08125
1 0.378125 0.9890625 0.02421875 0.02109375
1 0.0984375 0.9828125 0.0328125 0.034375
1 0.49921875 0.99140625 0.0265625 0.0171875
4 0.2140625 0.97734375 0.03671875 0.04296875
1 0.65625 0.99453125 0.02109375 0.0109375
1 0.5390625 0.55390625 0.028125 0.11796875
1 0.84375 0.9546875 0.0125 0.021875
1 0.57734375 0.8640625 0.01015625 0.05390625