3 0.23828125 0.46953125 0.0609375 0.4609375
3 0.409375 0.58046875 0.05078125 0.2953125
3 0.98203125 0.81875 0.0359375 0.04765625
1 0.2953125 0.6984375 0.03984375 0.153125
1 0.35234375 0.66796875 0.0359375 0.14765625
1 0.58046875 0.8640625 0.0359375 0.15
1 0.759375 0.8390625 0.0390625 0.15234375
1 0.70234375 0.58984375 0.0375 0.14765625
1 0.6421875 0.38828125 0.04140625 0.15234375
1 0.5765625 0.33984375 0.040625 0.15546875
1 0.759375 0.31796875 0.04140625 0.15234375
1 0.98203125 0.60625 0.0359375 0.04609375
1 0.98125 0.74453125 0.0375 0.05078125
1 0.98046875 0.6671875 0.0390625 0.04921875
4 0.978125 0.459375 0.0359375 0.165625
3 0.97265625 0.26875 0.0328125 0.1296875
1 0.29765625 0.2171875 0.0375 0.1375
1 0.32734375 0.4078125 0.046875 0.15859375