4 0.89921875 0.47734375 0.059375 0.09296875
1 0.74609375 0.70546875 0.05546875 0.0515625
1 0.67734375 0.9296875 0.04765625 0.096875
1 0.66171875 0.88046875 0.04921875 0.0734375
1 0.6375 0.8265625 0.03984375 0.08125
1 0.70546875 0.80390625 0.04765625 0.078125
1 0.765625 0.82890625 0.04921875 0.0921875
4 0.89375 0.24140625 0.05390625 0.09140625
1 0.35546875 0.721875 0.0453125 0.08203125
3 0.20703125 0.2109375 0.04765625 0.0796875
3 0.41015625 0.61328125 0.0546875 0.096875
1 0.48828125 0.48828125 0.04453125 0.08515625
1 0.446875 0.103125 0.04453125 0.1
1 0.4578125 0.03046875 0.03671875 0.06015625
3 0.6203125 0.4515625 0.0515625 0.1015625
3 0.6609375 0.54140625 0.053125 0.096875
4 0.7015625 0.628125 0.0578125 0.1140625