3 0.921875 0.24453125 0.06328125 0.2734375
3 0.5875 0.4515625 0.03828125 0.17578125
3 0.78828125 0.04765625 0.0515625 0.0953125
1 0.02421875 0.9578125 0.034375 0.084375
1 0.10546875 0.95546875 0.03515625 0.0890625
1 0.16640625 0.9578125 0.0328125 0.084375
1 0.290625 0.959375 0.03203125 0.08046875
1 0.32890625 0.959375 0.028125 0.08125
1 0.36328125 0.9546875 0.03125 0.090625
1 0.403125 0.953125 0.03203125 0.09296875
1 0.44296875 0.9625 0.028125 0.075
1 0.48046875 0.95390625 0.0296875 0.0921875
1 0.553125 0.95859375 0.0296875 0.08203125
1 0.7359375 0.96875 0.03203125 0.06171875
1 0.86015625 0.89921875 0.03984375 0.125
1 0.73828125 0.7890625 0.03359375 0.1140625
1 0.5234375 0.78828125 0.03125 0.13046875
1 0.571875 0.78203125 0.03828125 0.12890625
1 0.45234375 0.78671875 0.02890625 0.1203125
1 0.40859375 0.7828125 0.02890625 0.12890625
1 0.36875 0.78359375 0.034375 0.128125
1 0.32890625 0.78828125 0.034375 0.12734375
1 0.290625 0.80390625 0.03203125 0.11171875
1 0.25390625 0.7828125 0.03359375 0.1265625
1 0.2171875 0.78984375 0.034375 0.13203125
1 0.17890625 0.784375 0.0359375 0.13125
1 0.13984375 0.778125 0.03359375 0.12578125
1 0.103125 0.77734375 0.03515625 0.13203125
1 0.06484375 0.78828125 0.0375 0.10625
1 0.02421875 0.7796875 0.03828125 0.11953125
1 0.21015625 0.62421875 0.06328125 0.05546875
1 0.02265625 0.48125 0.03828125 0.128125
1 0.06640625 0.46640625 0.03359375 0.12265625
1 0.10390625 0.49453125 0.03203125 0.1
1 0.14375 0.4625 0.0375 0.115625
1 0.18359375 0.46015625 0.03125 0.10625
1 0.225 0.45703125 0.0359375 0.12109375
1 0.2703125 0.4796875 0.03515625 0.12109375
1 0.36875 0.4703125 0.03359375 0.1234375
1 0.48125 0.4640625 0.03046875 0.11328125
1 0.5375 0.4796875 0.03203125 0.10859375
1 0.62734375 0.47109375 0.03359375 0.13359375
1 0.70625 0.45390625 0.0328125 0.1140625
1 0.78984375 0.221875 0.06640625 0.05546875
1 0.709375 0.04375 0.03359375 0.0875
1 0.59609375 0.03125 0.03828125 0.06171875
1 0.5171875 0.03984375 0.03359375 0.0796875
1 0.43984375 0.04609375 0.0296875 0.0921875
1 0.36953125 0.03125 0.0296875 0.0625
4 0.315625 0.04296875 0.03828125 0.0859375
1 0.2640625 0.04609375 0.0375 0.0921875
1 0.22421875 0.0515625 0.0359375 0.103125
1 0.18515625 0.0453125 0.0359375 0.090625
1 0.1484375 0.0375 0.03828125 0.075
1 0.02578125 0.03984375 0.0375 0.0796875
1 0.11015625 0.03671875 0.034375 0.0734375
1 0.025 0.28515625 0.04140625 0.1296875
1 0.06953125 0.31953125 0.03359375 0.11015625
1 0.11015625 0.32421875 0.03515625 0.11953125
1 0.17734375 0.3125 0.03671875 0.121875
1 0.2203125 0.31953125 0.0328125 0.115625
1 0.26171875 0.3125 0.034375 0.11875
1 0.55859375 0.32734375 0.03046875 0.11796875
1 0.5140625 0.31953125 0.03359375 0.121875
1 0.4453125 0.32265625 0.03046875 0.12578125
1 0.3578125 0.31953125 0.03359375 0.11796875
1 0.30078125 0.34140625 0.03046875 0.10625
4 0.77890625 0.446875 0.04609375 0.19296875
2 0.25078125 0.9703125 0.0171875 0.059375
4 0.0640625 0.95625 0.04453125 0.08671875
4 0.61875 0.80703125 0.0328125 0.13359375
4 0.21015625 0.95 0.03828125 0.1
1 0.90390625 0.9890625 0.0328125 0.021875