1 0.20703125 0.76015625 0.16328125 0.153125
1 0.9703125 0.7734375 0.0578125 0.140625
1 0.78125 0.65 0.09140625 0.10859375
1 0.8859375 0.73515625 0.07734375 0.12421875
4 0.3515625 0.43671875 0.04921875 0.1171875
1 0.328125 0.33515625 0.03046875 0.06796875
1 0.2515625 0.4390625 0.03671875 0.06796875
1 0.196875 0.5109375 0.03828125 0.08515625
1 0.3359375 0.37734375 0.0328125 0.05625
1 0.2515625 0.3609375 0.03046875 0.0515625
1 0.82734375 0.51796875 0.04375 0.0671875
1 0.2484375 0.32421875 0.02265625 0.03828125
1 0.24765625 0.27734375 0.02109375 0.03984375
1 0.97734375 0.5140625 0.02734375 0.04921875
1 0.94375 0.47890625 0.03203125 0.0546875
1 0.2453125 0.30078125 0.02109375 0.04375
1 0.3234375 0.29375 0.0171875 0.0203125
3 0.88203125 0.5203125 0.07265625 0.12109375
3 0.7625 0.55234375 0.103125 0.14140625
1 0.31484375 0.30859375 0.0109375 0.028125
1 0.9625 0.9109375 0.0671875 0.17734375