1 0.815625 0.6375 0.059375 0.1203125
1 0.55 0.40546875 0.06171875 0.08203125
1 0.74609375 0.32109375 0.04453125 0.05
1 0.046875 0.490625 0.034375 0.103125
1 0.09765625 0.49453125 0.0328125 0.0734375
1 0.11015625 0.415625 0.03046875 0.06171875
1 0.52421875 0.3046875 0.0546875 0.04375
1 0.07578125 0.3609375 0.02265625 0.06796875
1 0.81171875 0.2515625 0.0203125 0.02734375
1 0.08203125 0.4390625 0.02421875 0.05625
1 0.03671875 0.39609375 0.01796875 0.04140625
1 0.7671875 0.23125 0.01796875 0.021875
1 0.04375 0.36640625 0.01796875 0.03828125
1 0.94765625 0.30625 0.01328125 0.0234375
1 0.6390625 0.19375 0.01796875 0.0203125
1 0.04921875 0.31640625 0.01640625 0.03359375
1 0.71953125 0.2140625 0.0171875 0.0203125
1 0.0296875 0.31875 0.01171875 0.03046875
1 0.73125 0.21875 0.01875 0.02109375
1 0.7453125 0.22734375 0.0234375 0.02109375
1 0.6953125 0.2109375 0.0171875 0.01953125
1 0.67734375 0.22421875 0.01953125 0.02421875
1 0.7078125 0.2140625 0.01875 0.0203125
1 0.89375 0.28125 0.01640625 0.02109375
1 0.0390625 0.34609375 0.01484375 0.02734375
1 0.02421875 0.284375 0.00859375 0.0125