1 0.82890625 0.903125 0.115625 0.19375
1 0.59765625 0.634375 0.06328125 0.146875
1 0.4703125 0.74375 0.090625 0.2
1 0.559375 0.5375 0.05234375 0.1046875
1 0.45234375 0.4046875 0.06796875 0.06328125
1 0.6078125 0.42109375 0.03984375 0.071875
1 0.53046875 0.465625 0.05234375 0.08359375
1 0.53984375 0.36796875 0.0390625 0.05703125
1 0.0453125 0.5328125 0.0453125 0.0796875
1 0.06796875 0.5734375 0.04921875 0.1015625
1 0.66875 0.35 0.02890625 0.05078125
0 0.85625 0.340625 0.04296875 0.07578125
1 0.7 0.36640625 0.028125 0.053125
1 0.63359375 0.35703125 0.03125 0.0640625
1 0.11796875 0.55 0.059375 0.0796875
4 0.68671875 0.48671875 0.040625 0.13046875
1 0.709375 0.30546875 0.02265625 0.05234375
1 0.6890625 0.29765625 0.02734375 0.0515625
1 0.6578125 0.4 0.0359375 0.078125
1 0.09296875 0.4171875 0.03359375 0.03828125
1 0.64765625 0.3078125 0.028125 0.05078125
1 0.84375 0.2578125 0.01328125 0.025
1 0.803125 0.23984375 0.0109375 0.01953125
1 0.17265625 0.48828125 0.06171875 0.08984375
1 0.67109375 0.26328125 0.0203125 0.03515625
1 0.63359375 0.275 0.02890625 0.046875
0 0.43671875 0.5921875 0.121875 0.25859375
1 0.7015625 0.2359375 0.0171875 0.02421875
1 0.68203125 0.24453125 0.01796875 0.02578125
1 0.12109375 0.46171875 0.05078125 0.0640625
1 0.796875 0.209375 0.01328125 0.0171875
0 0.58828125 0.3609375 0.04609375 0.1078125