1 0.68046875 0.640625 0.1359375 0.11796875
1 0.7359375 0.55859375 0.1125 0.09140625
1 0.2765625 0.49375 0.07890625 0.08203125
1 0.834375 0.5 0.046875 0.075
1 0.0328125 0.396875 0.02890625 0.040625
1 0.075 0.521875 0.04453125 0.07890625
1 0.8765625 0.53984375 0.05390625 0.09453125
1 0.70390625 0.315625 0.02265625 0.03046875
1 0.0890625 0.6921875 0.0546875 0.1484375
1 0.165625 0.440625 0.053125 0.07890625
1 0.03359375 0.45625 0.0359375 0.05625
1 0.834375 0.396875 0.02890625 0.0546875
1 0.66875 0.33359375 0.028125 0.04453125
1 0.69375 0.384375 0.03203125 0.0546875
1 0.634375 0.32421875 0.0265625 0.04609375
1 0.6109375 0.36328125 0.03359375 0.053125
1 0.6421875 0.3859375 0.034375 0.05625
1 0.69921875 0.33515625 0.0296875 0.05390625
4 0.8484375 0.3078125 0.0359375 0.05546875
1 0.0640625 0.4109375 0.03203125 0.04296875
1 0.05625 0.34765625 0.02890625 0.03984375