4 0.2515625 0.778125 0.1125 0.225
1 0.1015625 0.65078125 0.06171875 0.13125
1 0.19296875 0.559375 0.05390625 0.10234375
1 0.1578125 0.50390625 0.04375 0.0828125
1 0.12421875 0.4515625 0.03359375 0.0703125
3 0.43125 0.5640625 0.3640625 0.4421875
1 0.95234375 0.6578125 0.0953125 0.103125
3 0.58359375 0.465625 0.09765625 0.115625
3 0.7140625 0.32421875 0.0609375 0.08203125
1 0.7578125 0.3171875 0.028125 0.04765625
1 0.59453125 0.3015625 0.04765625 0.04375
1 0.10703125 0.4125 0.03125 0.0390625
1 0.82421875 0.28203125 0.0234375 0.0296875
1 0.81484375 0.25234375 0.01796875 0.02578125
1 0.74453125 0.2390625 0.02109375 0.02421875
1 0.76796875 0.27265625 0.0234375 0.0375