1 0.9265625 0.29375 0.02578125 0.04375
1 0.934375 0.23671875 0.01796875 0.03671875
1 0.9453125 0.203125 0.0125 0.021875
1 0.23828125 0.2765625 0.0375 0.0484375
1 0.1140625 0.2796875 0.02421875 0.0421875
1 0.4234375 0.4984375 0.121875 0.1171875
1 0.1125 0.22734375 0.02109375 0.02890625
1 0.1 0.3328125 0.0234375 0.0453125
1 0.1046875 0.21953125 0.01640625 0.02421875
4 0.07890625 0.2734375 0.02265625 0.05625
1 0.15625 0.2625 0.034375 0.05078125
1 0.0578125 0.259375 0.01875 0.0453125
1 0.7421875 0.4640625 0.090625 0.13203125
3 0.1640625 0.2359375 0.0296875 0.0359375
4 0.2046875 0.28515625 0.05234375 0.08828125