1 0.18984375 0.76171875 0.125 0.184375
1 0.471875 0.53671875 0.0875 0.11484375
1 0.6265625 0.765625 0.11640625 0.1640625
1 0.87578125 0.45234375 0.034375 0.065625
1 0.0953125 0.4953125 0.0359375 0.075
1 0.05546875 0.51484375 0.03046875 0.07734375
1 0.69375 0.28359375 0.03984375 0.0390625
1 0.07109375 0.4328125 0.034375 0.06484375
1 0.88125 0.3265625 0.02265625 0.03671875
1 0.8125 0.2515625 0.0203125 0.028125
1 0.8140625 0.5046875 0.05625 0.10546875
1 0.13359375 0.4703125 0.03515625 0.07109375
1 0.1140625 0.42890625 0.0375 0.06171875
1 0.81015625 0.3046875 0.0234375 0.0375
1 0.09296875 0.3890625 0.0328125 0.04765625
1 0.36953125 0.30390625 0.046875 0.0453125
1 0.0484375 0.3625 0.02421875 0.053125
1 0.00859375 0.5 0.015625 0.06640625
1 0.90625 0.365625 0.021875 0.0421875
1 0.74296875 0.240625 0.0234375 0.02421875
1 0.93359375 0.284375 0.021875 0.03125
1 0.91015625 0.2984375 0.01640625 0.02890625
1 0.85625 0.384375 0.0265625 0.0453125
1 0.7671875 0.23125 0.01796875 0.02265625
1 0.703125 0.22421875 0.02265625 0.021875
1 0.07421875 0.3609375 0.02421875 0.04140625
1 0.67734375 0.2234375 0.0234375 0.0265625
1 0.02890625 0.3765625 0.01484375 0.04296875
1 0.89609375 0.28671875 0.0203125 0.0234375
1 0.721875 0.2140625 0.01796875 0.02109375
1 0.7328125 0.21796875 0.0203125 0.02109375
1 0.74375 0.22734375 0.025 0.02265625
1 0.984375 0.40625 0.03125 0.05703125