1 0.82578125 0.90625 0.1296875 0.1875
1 0.475 0.7421875 0.09609375 0.20703125
1 0.6015625 0.640625 0.0671875 0.16015625
1 0.06953125 0.56875 0.04375 0.0953125
1 0.17734375 0.4890625 0.05390625 0.09765625
1 0.11640625 0.53984375 0.0484375 0.0796875
1 0.0453125 0.525 0.03125 0.071875
1 0.12578125 0.4671875 0.0375 0.06484375
1 0.559375 0.53671875 0.0546875 0.11640625
1 0.53203125 0.46640625 0.05390625 0.1
4 0.690625 0.484375 0.03984375 0.125
0 0.4359375 0.5953125 0.1171875 0.2609375
1 0.453125 0.40546875 0.07421875 0.05859375
1 0.6078125 0.42109375 0.0421875 0.07109375
1 0.65703125 0.40703125 0.0359375 0.07734375
1 0.7015625 0.36953125 0.025 0.046875
1 0.66875 0.35234375 0.02578125 0.0453125
1 0.63515625 0.359375 0.0296875 0.06953125
1 0.5359375 0.36953125 0.0359375 0.05625
1 0.64765625 0.309375 0.028125 0.05
0 0.58671875 0.36328125 0.046875 0.10625
0 0.63125 0.28671875 0.03125 0.07890625
1 0.71015625 0.309375 0.01953125 0.05859375
1 0.6875 0.30234375 0.0265625 0.04921875
4 0.8515625 0.3421875 0.03203125 0.0734375