2 0.5296875 0.91796875 0.128125 0.1640625
4 0.68828125 0.78828125 0.4203125 0.42109375
1 0.98125 0.8296875 0.03671875 0.1390625
4 0.81015625 0.60703125 0.19296875 0.15234375
1 0.6234375 0.5234375 0.14609375 0.15546875
2 0.46484375 0.475 0.0625 0.07109375
1 0.55625 0.2828125 0.0375 0.0375
4 0.52734375 0.25390625 0.04609375 0.06328125
4 0.01796875 0.4921875 0.0359375 0.140625
1 0.02734375 0.35859375 0.03046875 0.046875
1 0.0296875 0.3078125 0.02421875 0.02578125
1 0.0328125 0.28125 0.01796875 0.021875
1 0.625 0.2109375 0.01171875 0.0140625