1 0.97890625 0.634375 0.04140625 0.0859375
1 0.9171875 0.54609375 0.03828125 0.0671875
1 0.978125 0.503125 0.021875 0.04375
1 0.4453125 0.91640625 0.21640625 0.1671875
1 0.44140625 0.7390625 0.16171875 0.16015625
4 0.8125 0.87578125 0.1875 0.2484375
4 0.61953125 0.59453125 0.1578125 0.18359375
4 0.7484375 0.54375 0.10234375 0.16328125
4 0.08984375 0.81328125 0.1796875 0.2734375
1 0.83046875 0.5203125 0.05625 0.07734375
1 0.25078125 0.3609375 0.0296875 0.0515625
1 0.190625 0.403125 0.065625 0.05546875
1 0.33515625 0.38359375 0.03359375 0.0734375
4 0.3515625 0.4375 0.04921875 0.1265625
4 0.9359375 0.4796875 0.03046875 0.0546875
1 0.9546875 0.47265625 0.02265625 0.04921875
1 0.1953125 0.5125 0.03671875 0.0921875