1 0.43984375 0.603125 0.08359375 0.0984375
1 0.96484375 0.72734375 0.0703125 0.11328125
1 0.91953125 0.61015625 0.0734375 0.08359375
1 0.56953125 0.41953125 0.028125 0.034375
1 0.6265625 0.42734375 0.02890625 0.040625
1 0.56640625 0.37890625 0.0203125 0.02578125
1 0.58515625 0.47421875 0.03203125 0.05
4 0.478125 0.5140625 0.046875 0.0875
0 0.42890625 0.46171875 0.06015625 0.09921875
4 0.5015625 0.42890625 0.04609375 0.07109375
1 0.6015625 0.5015625 0.046875 0.0796875
1 0.5765625 0.4484375 0.03203125 0.0390625
2 0.66328125 0.73046875 0.07578125 0.08515625
2 0.57421875 0.54453125 0.04296875 0.0421875