1 0.91796875 0.83515625 0.11875 0.20390625
1 0.49375 0.52265625 0.08828125 0.1125
1 0.17109375 0.59921875 0.05625 0.10546875
1 0.51484375 0.3015625 0.0453125 0.046875
1 0.35 0.421875 0.05703125 0.07578125
1 0.140625 0.37421875 0.028125 0.04921875
1 0.28828125 0.659375 0.1 0.1546875
1 0.24609375 0.27890625 0.0359375 0.03828125
1 0.18359375 0.4734375 0.040625 0.0765625
1 0.93984375 0.52109375 0.03046875 0.08125
1 0.90234375 0.49453125 0.034375 0.0734375
1 0.921875 0.4390625 0.028125 0.0640625
1 0.10859375 0.4203125 0.02890625 0.0546875
1 0.7640625 0.28828125 0.02734375 0.0328125
1 0.8640625 0.47109375 0.0375 0.06953125
1 0.0984375 0.33203125 0.01875 0.03828125
1 0.18515625 0.2515625 0.01796875 0.0296875
1 0.15 0.2828125 0.01953125 0.03046875
0 0.071875 0.284375 0.02265625 0.0671875
1 0.2296875 0.23203125 0.01328125 0.02734375
1 0.246875 0.2234375 0.01640625 0.02421875
1 0.2640625 0.21796875 0.01640625 0.02421875
1 0.2828125 0.21171875 0.021875 0.02265625
1 0.25625 0.2390625 0.02265625 0.0234375
1 0.2953125 0.225 0.02578125 0.0203125
1 0.88046875 0.43359375 0.03046875 0.0625
1 0.8984375 0.40859375 0.028125 0.053125
2 0.771875 0.6203125 0.0359375 0.07265625
2 0.828125 0.6265625 0.0390625 0.06171875
1 0.9078125 0.38671875 0.02734375 0.0453125