1 0.31875 0.74296875 0.16796875 0.184375
1 0.725 0.4171875 0.090625 0.084375
1 0.8421875 0.43671875 0.08359375 0.08203125
1 0.70625 0.65703125 0.1546875 0.16171875
1 0.46484375 0.28359375 0.06484375 0.05546875
1 0.58515625 0.28828125 0.06953125 0.05859375
1 0.76640625 0.25 0.0359375 0.05546875
1 0.79375 0.2828125 0.03671875 0.05234375
1 0.03828125 0.35078125 0.053125 0.0765625
1 0.24453125 0.190625 0.02734375 0.0296875
1 0.07734375 0.28828125 0.0328125 0.05234375
1 0.14375 0.13671875 0.01328125 0.01875
1 0.04140625 0.303125 0.0375 0.0578125
1 0.12265625 0.30546875 0.034375 0.06171875
1 0.0640625 0.26171875 0.02578125 0.0359375
1 0.0921875 0.24453125 0.0265625 0.040625
1 0.16171875 0.1515625 0.015625 0.02109375
1 0.05859375 0.23671875 0.01875 0.0328125
1 0.10390625 0.26796875 0.034375 0.04453125
1 0.27109375 0.17265625 0.03203125 0.0375
1 0.0515625 0.384375 0.04140625 0.09375
1 0.22578125 0.13984375 0.028125 0.03671875
1 0.1046875 0.35390625 0.05625 0.1015625
3 0.36953125 0.18671875 0.059375 0.05859375