1 0.68125 0.64375 0.1421875 0.12109375
1 0.73671875 0.5578125 0.11171875 0.0921875
1 0.08984375 0.69296875 0.05546875 0.15
1 0.27578125 0.49453125 0.0796875 0.08125
1 0.075 0.5203125 0.04453125 0.07734375
1 0.0328125 0.39765625 0.028125 0.0390625
1 0.03359375 0.45546875 0.03671875 0.05546875
1 0.66875 0.33359375 0.02890625 0.04296875
1 0.87734375 0.53828125 0.053125 0.09296875
1 0.87109375 0.31171875 0.0171875 0.03359375
1 0.6421875 0.3859375 0.03359375 0.05546875
1 0.834375 0.49921875 0.046875 0.07421875
1 0.69375 0.3859375 0.03359375 0.05546875
1 0.634375 0.32265625 0.028125 0.0453125
4 0.84765625 0.30859375 0.03828125 0.05703125
1 0.70390625 0.315625 0.02265625 0.03203125
1 0.6109375 0.36328125 0.034375 0.05234375
1 0.834375 0.3953125 0.02890625 0.05234375
1 0.6984375 0.34140625 0.02734375 0.046875
1 0.16484375 0.44140625 0.053125 0.078125
1 0.0640625 0.41171875 0.03203125 0.04296875