1 0.48203125 0.8828125 0.1703125 0.234375
1 0.17890625 0.8453125 0.09453125 0.2296875
1 0.17265625 0.53125 0.05234375 0.1109375
1 0.4109375 0.3609375 0.04609375 0.0515625
1 0.6296875 0.4578125 0.0796875 0.090625
1 0.67734375 0.3296875 0.0421875 0.06015625
1 0.75546875 0.3171875 0.03203125 0.046875
1 0.28671875 0.31875 0.03203125 0.04140625
1 0.35 0.32109375 0.04296875 0.04296875
1 0.24921875 0.29453125 0.03359375 0.03125
1 0.38984375 0.96875 0.1140625 0.05703125
1 0.22890625 0.31953125 0.03515625 0.0375
1 0.815625 0.2546875 0.021875 0.028125
1 0.8234375 0.56875 0.08828125 0.09765625
1 0.59375 0.3015625 0.04765625 0.03984375
1 0.22421875 0.2953125 0.025 0.02734375
1 0.6390625 0.19296875 0.0171875 0.02265625
1 0.128125 0.25703125 0.01796875 0.021875
1 0.734375 0.21953125 0.01796875 0.02109375
1 0.10625 0.2609375 0.01875 0.021875
1 0.2328125 0.25390625 0.021875 0.0203125
1 0.1859375 0.2875 0.0296875 0.03125
1 0.025 0.28515625 0.015625 0.02890625