4 0.08125 0.83671875 0.121875 0.20234375
2 0.22890625 0.61875 0.03671875 0.13671875
2 0.17109375 0.615625 0.04921875 0.11171875
1 0.05703125 0.521875 0.03671875 0.08515625
1 0.0953125 0.496875 0.03828125 0.08046875
1 0.134375 0.47109375 0.03828125 0.078125
4 0.07734375 0.44453125 0.02890625 0.07421875
1 0.11796875 0.43046875 0.03125 0.0578125
1 0.1046875 0.41015625 0.03125 0.06171875
4 0.065625 0.41953125 0.034375 0.06171875
3 0.19609375 0.35703125 0.11484375 0.14765625
3 0.15546875 0.378125 0.09453125 0.12109375
4 0.50625 0.52421875 0.09296875 0.1390625
1 0.65390625 0.421875 0.06015625 0.09453125
1 0.71171875 0.65703125 0.1046875 0.16640625
1 0.828125 0.60234375 0.06875 0.11171875
1 0.8171875 0.48359375 0.04765625 0.0828125
1 0.89296875 0.42421875 0.03125 0.059375
1 0.85859375 0.375 0.03359375 0.05234375
1 0.90234375 0.33359375 0.0234375 0.03828125
1 0.7515625 0.2796875 0.046875 0.034375
1 0.81484375 0.253125 0.01875 0.03515625
1 0.84765625 0.2859375 0.0203125 0.03046875
0 0.928125 0.2875 0.02734375 0.075
1 0.484375 0.3046875 0.053125 0.0609375