1 0.75 0.771875 0.1140625 0.23046875
1 0.9015625 0.653125 0.05390625 0.1296875
1 0.809375 0.5609375 0.0546875 0.1046875
1 0.840625 0.51015625 0.04375 0.08203125
1 0.046875 0.665625 0.090625 0.11484375
1 0.24375 0.3171875 0.03046875 0.04609375
1 0.921875 0.4671875 0.03828125 0.0921875
1 0.4171875 0.4625 0.096875 0.109375
1 0.284375 0.3265625 0.0578125 0.090625
1 0.8765625 0.45625 0.034375 0.065625
1 0.184375 0.2546875 0.01953125 0.028125
1 0.40546875 0.30234375 0.04609375 0.040625
1 0.94765625 0.38359375 0.0234375 0.04921875
1 0.1734375 0.28515625 0.02265625 0.03203125
1 0.8890625 0.42578125 0.03203125 0.0546875
1 0.95234375 0.36015625 0.01875 0.0375
1 0.93828125 0.415625 0.02421875 0.053125
1 0.92109375 0.3828125 0.0234375 0.03984375
1 0.22890625 0.23359375 0.0171875 0.02421875
1 0.98828125 0.42890625 0.0171875 0.05546875
1 0.5953125 0.971875 0.125 0.05390625
1 0.2546875 0.2421875 0.02109375 0.0234375
1 0.29375 0.22578125 0.02265625 0.02421875
1 0.93359375 0.34921875 0.02109375 0.03359375
1 0.96640625 0.41015625 0.02265625 0.05
1 0.26484375 0.21875 0.01796875 0.02265625
1 0.3578125 0.19375 0.015625 0.01875
1 0.29765625 0.2953125 0.03671875 0.040625
1 0.95 0.328125 0.01328125 0.02734375
1 0.3203125 0.2234375 0.02109375 0.02734375
1 0.3734375 0.1796875 0.0171875 0.02890625
1 0.940625 0.33515625 0.01953125 0.03359375
1 0.27734375 0.215625 0.015625 0.0203125
1 0.2859375 0.21328125 0.01640625 0.01953125
1 0.9265625 0.365625 0.02421875 0.03984375
1 0.00625 0.76484375 0.01171875 0.08671875