1 0.37421875 0.52578125 0.103125 0.0984375
1 0.24296875 0.58046875 0.0859375 0.11171875
1 0.225 0.4703125 0.0640625 0.07578125
1 0.69609375 0.38125 0.03359375 0.059375
1 0.70390625 0.325 0.02734375 0.05078125
1 0.1046875 0.4546875 0.04375 0.0625
1 0.6453125 0.38203125 0.03515625 0.0609375
1 0.81875 0.29296875 0.01796875 0.02734375
1 0.07890625 0.4078125 0.0359375 0.0484375
1 0.61640625 0.35703125 0.03515625 0.05546875
1 0.125 0.42421875 0.0453125 0.046875
1 0.07421875 0.52421875 0.04765625 0.0953125
1 0.81328125 0.24765625 0.01484375 0.01953125
1 0.70390625 0.225 0.01484375 0.01953125
1 0.1515625 0.4890625 0.0578125 0.08828125
1 0.1375 0.5890625 0.0640625 0.1265625
4 0.8890625 0.340625 0.03359375 0.06328125
1 0.05703125 0.38828125 0.03125 0.046875
1 0.03046875 0.46328125 0.0421875 0.07734375
1 0.71484375 0.28984375 0.025 0.034375