1 0.58125 0.91875 0.2578125 0.1625
1 0.20546875 0.70390625 0.15234375 0.15390625
1 0.39609375 0.52109375 0.0453125 0.0796875
1 0.484375 0.425 0.0234375 0.03046875
1 0.4203125 0.46484375 0.03046875 0.0453125
1 0.4296875 0.44375 0.02578125 0.04453125
1 0.40859375 0.4953125 0.03125 0.05390625
1 0.38359375 0.41875 0.02109375 0.0296875
1 0.371875 0.4453125 0.0265625 0.0375
1 0.46796875 0.39375 0.01640625 0.02265625
0 0.54765625 0.6359375 0.15546875 0.2140625
1 0.015625 0.80859375 0.03046875 0.1078125
1 0.48828125 0.384375 0.01484375 0.01953125
1 0.46640625 0.37265625 0.01328125 0.01640625
1 0.503125 0.384375 0.015625 0.0171875
4 0.50625 0.5484375 0.10234375 0.128125
2 0.33984375 0.55 0.025 0.0421875