1 0.53203125 0.69375 0.19375 0.1390625
1 0.2671875 0.45 0.071875 0.1015625
0 0.7921875 0.521875 0.146875 0.125
0 0.33671875 0.34765625 0.04140625 0.07421875
1 0.1921875 0.46953125 0.04453125 0.065625
1 0.19296875 0.38203125 0.07890625 0.0515625
1 0.19453125 0.35625 0.06171875 0.034375
1 0.26796875 0.26953125 0.021875 0.0296875
1 0.2484375 0.3078125 0.0296875 0.03203125
1 0.24375 0.2828125 0.02265625 0.0125
1 0.24375 0.26796875 0.01640625 0.0125
1 0.3265625 0.31328125 0.02578125 0.03359375
1 0.8875 0.4859375 0.071875 0.09921875
0 0.9359375 0.459375 0.04765625 0.06953125
3 0.94375 0.88984375 0.109375 0.2203125