1 0.7390625 0.6703125 0.10625 0.11796875
1 0.96953125 0.675 0.05 0.1015625
1 0.25859375 0.4703125 0.04765625 0.09140625
1 0.8859375 0.5546875 0.0421875 0.0796875
1 0.8421875 0.51796875 0.0328125 0.06328125
4 0.35390625 0.4359375 0.04765625 0.11953125
1 0.1984375 0.51015625 0.03828125 0.084375
1 0.33203125 0.3296875 0.02578125 0.06328125
1 0.2546875 0.3609375 0.02890625 0.05234375
1 0.3375 0.37265625 0.03046875 0.04921875
1 0.9875 0.4984375 0.02109375 0.046875
1 0.2515625 0.2765625 0.0234375 0.0375
1 0.321875 0.3046875 0.02109375 0.040625
1 0.0578125 0.85546875 0.10703125 0.20703125
1 0.9609375 0.471875 0.028125 0.05234375
1 0.31328125 0.27578125 0.02734375 0.04296875
1 0.24921875 0.303125 0.02109375 0.0390625
1 0.25234375 0.265625 0.0171875 0.01640625
3 0.653125 0.5828125 0.1453125 0.171875
1 0.96796875 0.90703125 0.059375 0.1859375
3 0.784375 0.5296875 0.09453125 0.1390625