1 0.815625 0.7109375 0.15078125 0.12578125
1 0.7515625 0.92734375 0.22109375 0.1421875
1 0.6046875 0.4125 0.0234375 0.03046875
1 0.6 0.396875 0.0171875 0.015625
1 0.621875 0.4375 0.02578125 0.040625
1 0.5984375 0.51640625 0.0453125 0.08359375
1 0.5640625 0.4359375 0.02578125 0.0421875
1 0.58203125 0.46328125 0.0421875 0.05078125
4 0.48359375 0.48515625 0.04140625 0.07109375
1 0.56953125 0.36640625 0.0140625 0.0140625
1 0.56875 0.35625 0.0109375 0.015625
4 0.5078125 0.421875 0.03671875 0.06171875
0 0.440625 0.44921875 0.0484375 0.084375
1 0.40703125 0.55 0.0515625 0.07265625
2 0.64296875 0.5546875 0.02734375 0.03359375