1 0.740625 0.3734375 0.1421875 0.1734375
1 0.08515625 0.37578125 0.06171875 0.13671875
1 0.39140625 0.05234375 0.0546875 0.0890625
1 0.27421875 0.10703125 0.03984375 0.0828125
1 0.303125 0.6140625 0.11484375 0.2171875
1 0.18203125 0.503125 0.0546875 0.1765625
1 0.4703125 0.31640625 0.10703125 0.16640625
1 0.340625 0.06875 0.05703125 0.08046875
1 0.35703125 0.12734375 0.06640625 0.08515625
1 0.30234375 0.1515625 0.053125 0.09765625
1 0.22734375 0.13046875 0.03984375 0.0984375
2 0.75859375 0.6640625 0.0671875 0.14921875