1 0.3734375 0.2109375 0.0171875 0.02734375
1 0.44375 0.28125 0.040625 0.04375
4 0.478125 0.25703125 0.05390625 0.0703125
2 0.53046875 0.4515625 0.07109375 0.1234375
2 0.38046875 0.5140625 0.14609375 0.13203125
4 0.18203125 0.62578125 0.2046875 0.20390625
4 0.31171875 0.7859375 0.42421875 0.415625
2 0.46015625 0.89765625 0.140625 0.1640625
1 0.97109375 0.25859375 0.02109375 0.02421875
1 0.96640625 0.275 0.02109375 0.02890625
1 0.971875 0.30546875 0.028125 0.03828125
1 0.9734375 0.36015625 0.03515625 0.04609375
4 0.98046875 0.51171875 0.0390625 0.20234375