1 0.32109375 0.640625 0.146875 0.10859375
1 0.2640625 0.5578125 0.11484375 0.0921875
1 0.7265625 0.4921875 0.07734375 0.0796875
1 0.13046875 0.3109375 0.01875 0.034375
1 0.925 0.521875 0.04296875 0.07421875
1 0.9671875 0.396875 0.02890625 0.0390625
1 0.965625 0.45546875 0.0359375 0.0546875
1 0.91015625 0.69296875 0.05390625 0.14921875
1 0.33046875 0.334375 0.0296875 0.04453125
1 0.12265625 0.5390625 0.0546875 0.09296875
1 0.1734375 0.23515625 0.0140625 0.025
4 0.15234375 0.3078125 0.0359375 0.053125
1 0.1640625 0.4984375 0.04921875 0.075
1 0.30703125 0.38828125 0.0328125 0.05546875
1 0.35859375 0.38671875 0.034375 0.05859375
1 0.38828125 0.36171875 0.03515625 0.05703125
1 0.834375 0.4375 0.0546875 0.0734375
1 0.9375 0.40859375 0.0328125 0.04375
1 0.16640625 0.39296875 0.02890625 0.046875