1 0.1890625 0.7609375 0.1203125 0.184375
1 0.6234375 0.75859375 0.1125 0.1609375
1 0.47265625 0.540625 0.0875 0.11953125
1 0.8109375 0.496875 0.0546875 0.0890625
1 0.87421875 0.4515625 0.0390625 0.0609375
1 0.05546875 0.5140625 0.034375 0.06953125
1 0.09453125 0.4921875 0.03671875 0.07109375
1 0.1328125 0.46796875 0.03515625 0.0609375
1 0.07734375 0.44296875 0.03203125 0.053125
1 0.36875 0.30234375 0.04453125 0.0484375
1 0.6953125 0.2828125 0.0375 0.03203125
1 0.80859375 0.3078125 0.0203125 0.040625
1 0.87890625 0.325 0.0203125 0.03671875
1 0.90859375 0.29921875 0.0140625 0.03046875
2 0.85234375 0.759375 0.0328125 0.090625
2 0.92578125 0.51171875 0.0171875 0.04453125
1 0.81171875 0.2515625 0.01953125 0.0265625
1 0.47734375 0.3078125 0.0625 0.04609375