1 0.37265625 0.5234375 0.1015625 0.09921875
1 0.24296875 0.58125 0.0859375 0.1109375
1 0.225 0.47109375 0.0640625 0.07734375
1 0.615625 0.3578125 0.0359375 0.053125
1 0.69609375 0.37890625 0.0328125 0.05625
1 0.1046875 0.4546875 0.04453125 0.06328125
1 0.07890625 0.4078125 0.03671875 0.04921875
1 0.125 0.42578125 0.04609375 0.04765625
1 0.6453125 0.38125 0.0359375 0.06015625
1 0.05703125 0.3875 0.03203125 0.04921875
1 0.1359375 0.590625 0.0640625 0.12578125
1 0.02734375 0.3875 0.025 0.03515625
1 0.1515625 0.4890625 0.0578125 0.0875
4 0.88828125 0.34140625 0.0328125 0.06328125
1 0.07421875 0.5234375 0.04765625 0.09609375
1 0.70390625 0.325 0.03046875 0.05390625
1 0.03046875 0.4640625 0.0421875 0.07734375
1 0.84921875 0.24765625 0.01171875 0.01875
2 0.1734375 0.7203125 0.03828125 0.07109375