3 0.8875 0.521875 0.05625 0.08046875
1 0.6984375 0.38984375 0.03203125 0.06015625
1 0.646875 0.39140625 0.034375 0.05703125
1 0.81796875 0.43359375 0.0328125 0.0484375
1 0.86640625 0.43671875 0.0359375 0.0578125
1 0.7984375 0.34921875 0.025 0.0421875
1 0.10546875 0.3953125 0.03203125 0.0359375
1 0.8546875 0.34765625 0.0234375 0.03828125
1 0.61640625 0.36796875 0.03359375 0.05390625
1 0.71015625 0.309375 0.02265625 0.0390625
1 0.0296875 0.390625 0.02890625 0.04296875
1 0.82109375 0.31875 0.021875 0.0328125
1 0.7875 0.3015625 0.01953125 0.03515625
1 0.78984375 0.25625 0.0140625 0.02265625
1 0.83515625 0.36171875 0.025 0.040625
1 0.22421875 0.475 0.0640625 0.07265625
1 0.0640625 0.50703125 0.046875 0.084375
1 0.03125 0.4703125 0.0421875 0.0734375
1 0.85 0.259375 0.0125 0.0234375
1 0.16796875 0.51796875 0.0671875 0.08828125
1 0.853125 0.2734375 0.01328125 0.02265625
1 0.86171875 0.29609375 0.0171875 0.02890625
1 0.8703125 0.309375 0.01953125 0.03515625
1 0.79375 0.23828125 0.01328125 0.01640625
1 0.11328125 0.43203125 0.0421875 0.05546875
4 0.8875 0.35625 0.0359375 0.0609375
4 0.809375 0.2765625 0.02265625 0.05078125
1 0.15859375 0.446875 0.0515625 0.06015625
1 0.10546875 0.53671875 0.059375 0.10390625