1 0.26796875 0.4578125 0.059375 0.1421875
4 0.384375 0.38125 0.059375 0.1140625
1 0.96015625 0.36484375 0.02890625 0.06015625
1 0.95703125 0.82109375 0.08359375 0.17109375
1 0.21953125 0.29140625 0.0328125 0.05390625
4 0.16015625 0.775 0.134375 0.30390625
4 0.22421875 0.20625 0.0390625 0.03984375
1 0.01640625 0.334375 0.03203125 0.04609375
1 0.1640625 0.24453125 0.02890625 0.046875
1 0.24765625 0.26640625 0.04140625 0.0515625
1 0.0859375 0.18828125 0.02109375 0.025
1 0.3328125 0.30625 0.0578125 0.07734375