1 0.29765625 0.42265625 0.03359375 0.07109375
4 0.34609375 0.41328125 0.03828125 0.090625
4 0.3890625 0.40859375 0.0359375 0.084375
1 0.42578125 0.4015625 0.04296875 0.06328125
1 0.40546875 0.3578125 0.0328125 0.0421875
1 0.36953125 0.36640625 0.0375 0.06875
1 0.2953125 0.378125 0.0296875 0.040625
1 0.33125 0.36875 0.03203125 0.0390625
1 0.35234375 0.32421875 0.03125 0.0375
1 0.321875 0.33203125 0.0234375 0.04296875
1 0.28828125 0.3421875 0.028125 0.03671875
1 0.309375 0.3078125 0.028125 0.03984375
1 0.76015625 0.525 0.0765625 0.11484375
1 0.859375 0.55859375 0.0609375 0.103125
1 0.91015625 0.603125 0.05546875 0.11328125
1 0.94765625 0.53046875 0.046875 0.07109375
1 0.91015625 0.49921875 0.05 0.06171875
1 0.86796875 0.46484375 0.0546875 0.06640625
1 0.91640625 0.4390625 0.03671875 0.04140625
1 0.978125 0.49296875 0.03125 0.04765625