1 0.4046875 0.62578125 0.11640625 0.1359375
1 0.65 0.5796875 0.09921875 0.109375
1 0.29765625 0.4203125 0.034375 0.07734375
1 0.42578125 0.4046875 0.0390625 0.06484375
4 0.34765625 0.4078125 0.0375 0.078125
4 0.38984375 0.4015625 0.034375 0.07734375
4 0.36796875 0.36953125 0.03203125 0.0734375
1 0.4125 0.31953125 0.02578125 0.0421875
1 0.403125 0.36015625 0.028125 0.0453125
1 0.3703125 0.27421875 0.02265625 0.03203125
1 0.1203125 0.43515625 0.02265625 0.05234375
1 0.1890625 0.5796875 0.08125 0.09921875
1 0.1453125 0.47421875 0.03125 0.06640625
1 0.18203125 0.29296875 0.0140625 0.02734375
1 0.1984375 0.26171875 0.01171875 0.0234375
1 0.17890625 0.26015625 0.01015625 0.02109375
1 0.9734375 0.4890625 0.03046875 0.05078125
4 0.75234375 0.58671875 0.09609375 0.153125
0 0.9109375 0.7140625 0.10703125 0.49453125
3 0.59609375 0.4109375 0.0828125 0.0796875
1 0.91484375 0.4140625 0.03046875 0.0375