1 0.921875 0.61171875 0.084375 0.10078125
2 0.665625 0.71875 0.11484375 0.1234375
2 0.43515625 0.60703125 0.11328125 0.10546875
0 0.42890625 0.4671875 0.0578125 0.10546875
3 0.4984375 0.4296875 0.05703125 0.08125
4 0.47578125 0.5140625 0.05703125 0.0875
1 0.565625 0.37890625 0.02265625 0.03203125
1 0.56796875 0.41796875 0.03359375 0.03203125
1 0.57890625 0.446875 0.04375 0.04609375
1 0.58671875 0.47421875 0.03515625 0.04296875
2 0.57265625 0.534375 0.034375 0.0625
4 0.5984375 0.5046875 0.04609375 0.0828125
1 0.62734375 0.42421875 0.034375 0.0453125