1 0.43359375 0.36875 0.01875 0.0296875
1 0.45234375 0.38203125 0.02109375 0.028125
1 0.44453125 0.41484375 0.0265625 0.03515625
1 0.4046875 0.40625 0.01875 0.0265625
1 0.39375 0.42265625 0.02421875 0.03515625
1 0.38125 0.44921875 0.0203125 0.040625
1 0.428125 0.471875 0.0265625 0.04921875
1 0.40546875 0.51953125 0.04609375 0.08203125
2 0.02578125 0.671875 0.034375 0.0875
1 0.40859375 0.66328125 0.1296875 0.12265625
1 0.121875 0.74140625 0.13359375 0.12578125
1 0.26796875 0.93046875 0.24765625 0.1390625
4 0.02734375 0.84921875 0.0546875 0.1796875