1 0.22734375 0.81640625 0.17265625 0.171875
1 0.66640625 0.70390625 0.11015625 0.1265625
1 0.1984375 0.509375 0.040625 0.08671875
1 0.2515625 0.3578125 0.02890625 0.05078125
1 0.35 0.43125 0.04609375 0.1140625
1 0.83125 0.515625 0.05234375 0.07109375
1 0.24765625 0.278125 0.021875 0.04453125
1 0.33046875 0.3296875 0.02890625 0.06171875
1 0.3359375 0.3703125 0.03046875 0.04921875
1 0.9421875 0.475 0.025 0.05
1 0.54921875 0.61171875 0.175 0.20859375
1 0.9578125 0.46796875 0.021875 0.046875
1 0.24765625 0.3109375 0.021875 0.0421875
1 0.7125 0.54609375 0.11953125 0.1734375
1 0.32578125 0.4 0.00859375 0.0421875
0 0.83828125 0.77265625 0.2828125 0.4546875