1 0.11640625 0.57421875 0.05078125 0.0875
1 0.17109375 0.52421875 0.0546875 0.0640625
1 0.51640625 0.6484375 0.125 0.140625
1 0.7484375 0.446875 0.04296875 0.07421875
1 0.75 0.36484375 0.03125 0.04921875
4 0.05234375 0.534375 0.06328125 0.09453125
4 0.65 0.44140625 0.0484375 0.1203125
4 0.66953125 0.33359375 0.02890625 0.05625
1 0.8046875 0.5140625 0.04375 0.090625
1 0.6640625 0.37578125 0.034375 0.04140625
2 0.51875 0.55078125 0.03515625 0.0515625
2 0.45859375 0.53984375 0.03203125 0.059375
4 0.06484375 0.4703125 0.03515625 0.0390625