0 0.1296875 0.48671875 0.259375 0.3890625
1 0.1796875 0.5671875 0.1296875 0.1703125
1 0.0328125 0.765625 0.065625 0.20625
1 0.55390625 0.2546875 0.03203125 0.03828125
4 0.63359375 0.47109375 0.12578125 0.13828125
1 0.403125 0.2125 0.01953125 0.03828125
1 0.3640625 0.16796875 0.01875 0.02421875
1 0.459375 0.159375 0.0171875 0.02109375
1 0.40625 0.16171875 0.0140625 0.0171875
1 0.4171875 0.1515625 0.01328125 0.01875
1 0.86953125 0.45625 0.0640625 0.06328125
1 0.4203125 0.134375 0.0109375 0.015625
1 0.45703125 0.13984375 0.0125 0.01484375
4 0.60546875 0.3578125 0.1078125 0.1171875
1 0.41015625 0.1171875 0.009375 0.0125
1 0.4234375 0.11796875 0.01015625 0.01875
4 0.2875 0.4015625 0.11015625 0.221875
0 0.33046875 0.26171875 0.13359375 0.16953125