2 0.90625 0.634375 0.0484375 0.10859375
1 0.91640625 0.54765625 0.05625 0.090625
3 0.78515625 0.4515625 0.08984375 0.1140625
2 0.8671875 0.4578125 0.0234375 0.0640625
2 0.83828125 0.45078125 0.02265625 0.065625
2 0.58203125 0.50703125 0.0296875 0.08671875
1 0.18984375 0.30859375 0.0265625 0.02578125
1 0.1859375 0.2796875 0.0203125 0.02734375
1 0.31171875 0.43984375 0.04296875 0.07734375
1 0.3765625 0.45078125 0.04609375 0.08515625
1 0.39921875 0.38984375 0.0328125 0.0640625
4 0.30078125 0.35546875 0.02734375 0.059375
3 0.36953125 0.34296875 0.03359375 0.05703125
1 0.33984375 0.3703125 0.03125 0.05
1 0.32890625 0.3421875 0.0234375 0.02890625
1 0.32734375 0.31640625 0.02109375 0.034375
1 0.31640625 0.30390625 0.0171875 0.03515625
1 0.29453125 0.32734375 0.01953125 0.04375
1 0.19921875 0.23984375 0.0140625 0.0203125
3 0.2953125 0.23671875 0.02421875 0.03828125