1 0.8203125 0.84140625 0.1015625 0.23125
4 0.52578125 0.88671875 0.1484375 0.2265625
1 0.82734375 0.53046875 0.05859375 0.1078125
1 0.59140625 0.3609375 0.04765625 0.0515625
1 0.71484375 0.31796875 0.03203125 0.040625
1 0.77109375 0.31484375 0.02890625 0.02890625
1 0.37265625 0.45625 0.08046875 0.08828125
1 0.178125 0.5609375 0.09140625 0.078125
1 0.24609375 0.3171875 0.028125 0.046875
1 0.325 0.33046875 0.0390625 0.0609375
1 0.4078125 0.30078125 0.0421875 0.04296875
1 0.1859375 0.2546875 0.01796875 0.02734375
4 0.28515625 0.32578125 0.05390625 0.08984375
4 0.846875 0.26875 0.0234375 0.04140625
1 0.83203125 0.29765625 0.0203125 0.02734375
1 0.753125 0.2953125 0.02890625 0.03671875
1 0.65 0.3203125 0.0390625 0.0453125
1 0.89453125 0.2671875 0.0109375 0.01875