1 0.03203125 0.7453125 0.0640625 0.1890625
1 0.171875 0.5609375 0.1296875 0.1734375
1 0.55 0.24921875 0.03203125 0.04296875
1 0.484375 0.21953125 0.0296875 0.04140625
1 0.415625 0.11953125 0.01171875 0.015625
1 0.403125 0.184375 0.015625 0.03515625
4 0.3140625 0.3453125 0.09296875 0.18671875
4 0.55 0.31875 0.05078125 0.07421875
3 0.3890625 0.13203125 0.02109375 0.04609375
0 0.34453125 0.23359375 0.10625 0.14296875
0 0.12890625 0.47890625 0.2578125 0.3890625
2 0.853125 0.6171875 0.04609375 0.06953125
2 0.98046875 0.6984375 0.03359375 0.05859375