1 0.17890625 0.5703125 0.13671875 0.19140625
1 0.03359375 0.753125 0.06640625 0.2
0 0.1359375 0.4671875 0.271875 0.375
4 0.33046875 0.32265625 0.090625 0.1859375
0 0.3953125 0.1890625 0.075 0.11015625
1 0.53203125 0.3015625 0.07578125 0.07421875
1 0.63125 0.45078125 0.13046875 0.115625
2 0.76796875 0.52890625 0.06484375 0.109375
0 0.45859375 0.14921875 0.03203125 0.0484375
1 0.4625 0.21328125 0.0234375 0.0421875
1 0.55390625 0.25078125 0.04921875 0.03984375
3 0.50625 0.16328125 0.0609375 0.05703125