1 0.1703125 0.521875 0.0515625 0.0703125
1 0.7484375 0.446875 0.0375 0.06875
2 0.6453125 0.79375 0.0390625 0.08984375
1 0.80234375 0.51171875 0.04140625 0.08359375
4 0.64921875 0.43671875 0.04921875 0.1140625
1 0.74921875 0.36328125 0.03046875 0.05390625
1 0.6703125 0.33046875 0.02890625 0.0640625
1 0.0703125 0.54140625 0.04453125 0.071875
1 0.6640625 0.3734375 0.03203125 0.04921875
4 0.02421875 0.5265625 0.0453125 0.0875
1 0.46640625 0.6265625 0.12265625 0.12265625
2 0.440625 0.525 0.03671875 0.05859375
1 0.81484375 0.3953125 0.0828125 0.04375
4 0.0640625 0.47890625 0.040625 0.06171875