1 0.2640625 0.67421875 0.1109375 0.13828125
1 0.03203125 0.6765625 0.04921875 0.1015625
1 0.115625 0.553125 0.04296875 0.08203125
1 0.15703125 0.5203125 0.0328125 0.06484375
1 0.740625 0.46484375 0.046875 0.07890625
1 0.8015625 0.5125 0.03671875 0.08515625
1 0.0109375 0.49609375 0.021875 0.0484375
1 0.7453125 0.3609375 0.02734375 0.0515625
4 0.646875 0.43203125 0.0484375 0.11328125
1 0.66875 0.3296875 0.02734375 0.0578125
1 0.6625 0.3734375 0.03125 0.05078125
1 0.74921875 0.278125 0.0234375 0.04140625
1 0.68671875 0.275 0.0265625 0.04296875
1 0.753125 0.30703125 0.0203125 0.04375
1 0.74296875 0.32890625 0.028125 0.05
3 0.3421875 0.5828125 0.15234375 0.1765625
1 0.0390625 0.46875 0.028125 0.053125
3 0.21171875 0.5328125 0.10078125 0.15390625