2 0.66484375 0.7296875 0.07421875 0.08984375
1 0.440625 0.60078125 0.0890625 0.10234375
4 0.478125 0.515625 0.046875 0.08984375
1 0.96328125 0.728125 0.0734375 0.11875
1 0.91640625 0.61171875 0.07421875 0.07265625
1 0.58515625 0.478125 0.0328125 0.05234375
1 0.6265625 0.42578125 0.03125 0.04296875
1 0.56640625 0.378125 0.0234375 0.0296875
1 0.57734375 0.446875 0.034375 0.04609375
0 0.42890625 0.46171875 0.05703125 0.1
4 0.50078125 0.43203125 0.04140625 0.0765625
1 0.596875 0.50625 0.0546875 0.084375