1 0.7484375 0.43984375 0.03671875 0.06953125
1 0.03125 0.77421875 0.059375 0.14609375
1 0.1140625 0.734375 0.078125 0.1265625
1 0.74921875 0.3625 0.03046875 0.0515625
1 0.80390625 0.51171875 0.0375 0.084375
4 0.64921875 0.43515625 0.0484375 0.11953125
1 0.1734375 0.51953125 0.04453125 0.0671875
1 0.671875 0.33125 0.028125 0.06015625
1 0.796875 0.76484375 0.15703125 0.17265625
1 0.6640625 0.36796875 0.03046875 0.04140625
1 0.02265625 0.5140625 0.028125 0.0484375
0 0.1171875 0.521875 0.0734375 0.1234375
1 0.2203125 0.6484375 0.09375 0.11015625
1 0.05625 0.47890625 0.0328125 0.05625
4 0.2328125 0.55078125 0.1109375 0.13984375