1 0.9125 0.684375 0.0546875 0.14375
1 0.925 0.52265625 0.04375 0.07578125
1 0.96640625 0.45546875 0.03671875 0.05390625
1 0.7265625 0.49296875 0.07890625 0.08046875
1 0.9671875 0.39765625 0.02890625 0.040625
1 0.33046875 0.33359375 0.02890625 0.04453125
1 0.1234375 0.540625 0.0546875 0.0921875
1 0.359375 0.38515625 0.034375 0.05703125
1 0.165625 0.4984375 0.04765625 0.07421875
1 0.38828125 0.36328125 0.0359375 0.05546875
1 0.3203125 0.64140625 0.1375 0.10859375
1 0.14453125 0.30625 0.04453125 0.05625
1 0.9359375 0.4109375 0.03203125 0.04296875
1 0.165625 0.39453125 0.02890625 0.05
1 0.26484375 0.5578125 0.11328125 0.0921875
1 0.30234375 0.33984375 0.028125 0.0484375
1 0.36640625 0.32265625 0.0265625 0.04375
1 0.30703125 0.384375 0.03359375 0.05859375
1 0.83515625 0.440625 0.05234375 0.07890625
1 0.29765625 0.31484375 0.02265625 0.0296875
1 0.13125 0.3109375 0.01953125 0.03671875
1 0.14140625 0.28515625 0.01484375 0.01328125
1 0.1546875 0.25546875 0.0109375 0.0140625