1 0.02734375 0.75546875 0.0546875 0.1921875
1 0.1734375 0.5734375 0.12265625 0.18359375
1 0.625 0.4421875 0.0921875 0.09765625
2 0.765625 0.5390625 0.04765625 0.0703125
0 0.1296875 0.4859375 0.259375 0.390625
0 0.3921875 0.1828125 0.0546875 0.0984375
4 0.33203125 0.32734375 0.0765625 0.1671875
1 0.521875 0.3015625 0.046875 0.0625
1 0.553125 0.253125 0.03203125 0.040625
1 0.46484375 0.2109375 0.0234375 0.03984375
1 0.48359375 0.19921875 0.02109375 0.03203125
1 0.45625 0.178125 0.0203125 0.02578125
3 0.4609375 0.146875 0.02421875 0.040625
3 0.39140625 0.12421875 0.01875 0.02578125