4 0.1640625 0.48125 0.040625 0.0859375
1 0.30625 0.45390625 0.03984375 0.0859375
1 0.359375 0.44921875 0.05078125 0.08515625
1 0.4 0.4203125 0.04140625 0.078125
1 0.296875 0.38828125 0.02734375 0.0578125
1 0.33046875 0.38515625 0.03203125 0.0609375
1 0.371875 0.37421875 0.0375 0.07109375
0 0.44453125 0.39765625 0.06640625 0.1375
1 0.384375 0.32734375 0.03046875 0.05
1 0.2921875 0.34765625 0.0234375 0.028125
1 0.39140625 0.29140625 0.021875 0.0359375
1 0.3203125 0.32265625 0.0265625 0.0453125
1 0.9390625 0.54921875 0.0453125 0.08515625
1 0.8828125 0.534375 0.0609375 0.0859375