1 0.275 0.49375 0.08046875 0.08203125
1 0.7359375 0.55859375 0.1125 0.09375
1 0.834375 0.49921875 0.046875 0.075
1 0.64140625 0.3859375 0.0328125 0.05546875
1 0.678125 0.640625 0.13671875 0.11015625
1 0.63359375 0.325 0.02734375 0.04609375
1 0.66875 0.33359375 0.028125 0.04375
1 0.07578125 0.521875 0.04453125 0.078125
1 0.08984375 0.69296875 0.05546875 0.14921875
1 0.834375 0.39609375 0.0296875 0.053125
1 0.6984375 0.340625 0.028125 0.0484375
1 0.69375 0.3859375 0.0328125 0.05625
1 0.878125 0.53828125 0.053125 0.09375
1 0.6109375 0.36328125 0.03359375 0.0515625
1 0.70390625 0.31875 0.025 0.03671875
1 0.03359375 0.45625 0.03671875 0.05546875
1 0.87109375 0.31015625 0.01796875 0.03515625
1 0.0328125 0.396875 0.02890625 0.040625
1 0.16484375 0.43984375 0.053125 0.078125
1 0.0640625 0.40859375 0.0375 0.04765625
4 0.84609375 0.3078125 0.03828125 0.05546875