4 0.284375 0.325 0.053125 0.0890625
4 0.52578125 0.88671875 0.1515625 0.2265625
1 0.821875 0.84296875 0.0953125 0.23125
1 0.8265625 0.5296875 0.0546875 0.11015625
1 0.178125 0.55859375 0.08984375 0.08046875
1 0.59140625 0.3625 0.0453125 0.05234375
1 0.64921875 0.3203125 0.04375 0.04609375
1 0.7125 0.31796875 0.0328125 0.04140625
1 0.771875 0.31171875 0.034375 0.0265625
4 0.84609375 0.26875 0.02421875 0.0421875
1 0.40703125 0.3 0.04765625 0.04140625
1 0.24375 0.315625 0.028125 0.040625
1 0.32578125 0.328125 0.04140625 0.059375
4 0.36953125 0.4578125 0.08046875 0.0890625