1 0.740625 0.6734375 0.12890625 0.11171875
1 0.9703125 0.6734375 0.05078125 0.10234375
1 0.2578125 0.46953125 0.046875 0.090625
4 0.78515625 0.528125 0.11015625 0.1265625
1 0.84375 0.51875 0.03125 0.06328125
1 0.8859375 0.553125 0.04296875 0.07890625
1 0.2 0.5109375 0.03828125 0.08671875
1 0.2546875 0.3609375 0.0296875 0.05390625
1 0.9875 0.4984375 0.0203125 0.046875
1 0.3546875 0.4390625 0.05 0.11875
1 0.05390625 0.85859375 0.103125 0.1984375
1 0.3375 0.3671875 0.0296875 0.03828125
4 0.65859375 0.584375 0.15859375 0.1640625