1 0.1875 0.7125 0.1546875 0.12109375
1 0.24765625 0.925 0.21875 0.14140625
1 0.59140625 0.5484375 0.04609375 0.075
1 0.01875 0.61328125 0.034375 0.0671875
1 0.41328125 0.484375 0.0390625 0.05390625
1 0.37734375 0.4375 0.0265625 0.03828125
1 0.4265625 0.4078125 0.021875 0.02890625
1 0.39375 0.4125 0.02421875 0.03046875
1 0.43515625 0.4421875 0.028125 0.05078125
1 0.43046875 0.365625 0.01484375 0.0140625
3 0.5171875 0.48515625 0.0390625 0.0703125
1 0.403125 0.51484375 0.04609375 0.08125
1 0.4 0.4015625 0.0203125 0.025
3 0.490625 0.421875 0.034375 0.0609375
3 0.5609375 0.45078125 0.046875 0.090625
2 0.5296875 0.6296875 0.04375 0.09375
2 0.35546875 0.53984375 0.02578125 0.07265625