1 0.10859375 0.52734375 0.05546875 0.0859375
1 0.8953125 0.3953125 0.0328125 0.0359375
1 0.84140625 0.4484375 0.0484375 0.059375
1 0.83671875 0.5171875 0.059375 0.08203125
1 0.2015625 0.35 0.028125 0.04375
1 0.35390625 0.39296875 0.03515625 0.06171875
1 0.1796875 0.31875 0.021875 0.0328125
1 0.9703125 0.39140625 0.0296875 0.04375
1 0.30234375 0.3890625 0.0328125 0.0609375
1 0.18984375 0.275 0.01875 0.04375
1 0.7796875 0.47421875 0.06171875 0.071875
1 0.38203125 0.36640625 0.034375 0.05390625
1 0.91875 0.4125 0.03203125 0.03671875
1 0.28984375 0.3046875 0.02265625 0.04296875
1 0.21328125 0.303125 0.01953125 0.03515625
1 0.2109375 0.25625 0.01328125 0.02109375
1 0.88671875 0.43203125 0.04140625 0.05390625
1 0.94375 0.43125 0.034375 0.04921875
1 0.11171875 0.353125 0.03515625 0.06484375
1 0.93671875 0.50703125 0.04375 0.0828125
1 0.90546875 0.45546875 0.04375 0.065625
1 0.8953125 0.5375 0.05625 0.0984375
1 0.14921875 0.25859375 0.0125 0.0265625
1 0.20625 0.2359375 0.01484375 0.01953125
2 0.44921875 0.375 0.01953125 0.059375
1 0.18125 0.43828125 0.0359375 0.0609375
1 0.13203125 0.43671875 0.0359375 0.05859375
1 0.96796875 0.4703125 0.0390625 0.0671875
1 0.14609375 0.275 0.01328125 0.02109375
1 0.14609375 0.346875 0.02578125 0.03828125
1 0.16484375 0.36171875 0.02734375 0.04453125
1 0.20625 0.41328125 0.02578125 0.04140625
1 0.9921875 0.440625 0.01484375 0.0453125
1 0.234375 0.37421875 0.025 0.03984375
1 0.23671875 0.33359375 0.021875 0.03359375
2 0.921875 0.6078125 0.0234375 0.0921875
1 0.234375 0.3109375 0.02265625 0.0265625
1 0.23125 0.40234375 0.03046875 0.028125
1 0.26953125 0.303125 0.0171875 0.025