0 0.83125 0.77265625 0.3 0.4515625
0 0.55546875 0.6078125 0.1875 0.203125
0 0.71796875 0.55234375 0.11875 0.171875
1 0.6734375 0.7078125 0.1125 0.128125
1 0.22265625 0.81796875 0.171875 0.18046875
1 0.1953125 0.509375 0.04375 0.08828125
1 0.18984375 0.3953125 0.071875 0.04921875
1 0.24921875 0.36015625 0.03125 0.0546875
1 0.32734375 0.32734375 0.03046875 0.0609375
1 0.32109375 0.30078125 0.01875 0.0328125
1 0.8296875 0.51640625 0.05234375 0.06328125
4 0.94140625 0.471875 0.02734375 0.04921875
4 0.3515625 0.4328125 0.04453125 0.125