1 0.23828125 0.74453125 0.25078125 0.08515625
1 0.16640625 0.63828125 0.08125 0.0625
1 0.06796875 0.68359375 0.13515625 0.078125
1 0.36171875 0.640625 0.08125 0.06328125
1 0.26015625 0.63984375 0.078125 0.06328125
1 0.4953125 0.58359375 0.0609375 0.04453125
1 0.440625 0.6625 0.0796875 0.06328125
1 0.5640625 0.6765625 0.13828125 0.07109375
1 0.675 0.55625 0.05625 0.04765625
1 0.77578125 0.571875 0.05078125 0.0390625
1 0.80703125 0.56015625 0.0546875 0.040625
1 0.83671875 0.61953125 0.071875 0.05625
1 0.8453125 0.6703125 0.17109375 0.06015625
1 0.64609375 0.9484375 0.1796875 0.103125
1 0.91171875 0.9484375 0.1640625 0.103125
1 0.83984375 0.7875 0.11953125 0.10703125
1 0.534375 0.77421875 0.11328125 0.08671875
1 0.43203125 0.82578125 0.11015625 0.1
1 0.4484375 0.9453125 0.159375 0.109375
1 0.50234375 0.8484375 0.15703125 0.07734375
1 0.67578125 0.79453125 0.11875 0.09453125
2 0.77734375 0.73515625 0.0578125 0.05
2 0.90234375 0.74296875 0.05234375 0.0296875
2 0.240625 0.690625 0.03359375 0.028125
0 0.9640625 0.76015625 0.071875 0.22734375
1 0.10078125 0.95703125 0.2015625 0.0859375
1 0.33515625 0.9671875 0.1921875 0.06484375
1 0.3265625 0.55234375 0.0484375 0.03984375
1 0.215625 0.59140625 0.05859375 0.05078125
1 0.484375 0.54765625 0.0546875 0.0375