1 0.0609375 0.628125 0.12109375 0.19140625
1 0.4859375 0.42109375 0.053125 0.11328125
1 0.2359375 0.7453125 0.27890625 0.34609375
1 0.38828125 0.6515625 0.1171875 0.19609375
1 0.5265625 0.66328125 0.09140625 0.12421875
1 0.6640625 0.64921875 0.05703125 0.14296875
1 0.7296875 0.62578125 0.0625 0.12265625
1 0.65 0.43359375 0.0421875 0.08984375
1 0.75 0.50078125 0.046875 0.06953125
1 0.69140625 0.47578125 0.0375 0.10234375
1 0.30078125 0.47421875 0.03984375 0.0875
1 0.36015625 0.4625 0.04765625 0.075