1 0.3609375 0.79765625 0.1484375 0.12890625
1 0.26796875 0.7828125 0.09765625 0.11640625
1 0.57890625 0.8171875 0.1296875 0.14609375
1 0.6546875 0.78203125 0.075 0.1
1 0.5109375 0.765625 0.0703125 0.08203125
1 0.040625 0.74453125 0.08125 0.05859375
1 0.69375 0.7609375 0.05078125 0.0734375
1 0.12421875 0.734375 0.08046875 0.0640625
1 0.225 0.75078125 0.08203125 0.09453125
1 0.1890625 0.7390625 0.04453125 0.04296875
1 0.765625 0.765625 0.084375 0.10390625
4 0.86640625 0.78984375 0.115625 0.16875
1 0.7171875 0.73671875 0.0359375 0.03671875
1 0.47890625 0.74375 0.034375 0.0484375
1 0.3359375 0.73125 0.06171875 0.025