1 0.56953125 0.95703125 0.09765625 0.08515625
1 0.21796875 0.94296875 0.1109375 0.1140625
1 0.83046875 0.88359375 0.09453125 0.12109375
1 0.2953125 0.96484375 0.10234375 0.0703125
1 0.41796875 0.88828125 0.0890625 0.11328125
1 0.89609375 0.83984375 0.07265625 0.09296875
1 0.65078125 0.80546875 0.06640625 0.08984375
1 0.76015625 0.82890625 0.07421875 0.0921875
1 0.34921875 0.7515625 0.05390625 0.08125
1 0.21171875 0.86953125 0.08359375 0.09453125
1 0.815625 0.7171875 0.05390625 0.0703125
1 0.1609375 0.6890625 0.053125 0.0546875
1 0.2421875 0.64921875 0.040625 0.0421875
1 0.909375 0.79453125 0.06953125 0.08203125
1 0.48515625 0.57109375 0.04140625 0.05234375
4 0.39296875 0.7703125 0.059375 0.1
1 0.0640625 0.70625 0.05859375 0.0578125
1 0.46640625 0.675 0.0484375 0.065625
1 0.69375 0.51953125 0.03515625 0.0421875
1 0.83125 0.6734375 0.05078125 0.06171875
1 0.55234375 0.7546875 0.059375 0.0859375
1 0.1359375 0.67421875 0.04140625 0.0515625
1 0.42890625 0.63828125 0.04453125 0.05625
1 0.64765625 0.60625 0.04453125 0.05078125
1 0.7453125 0.5890625 0.040625 0.05390625
1 0.57578125 0.61640625 0.0453125 0.0515625
1 0.91015625 0.65390625 0.04765625 0.05546875
1 0.98359375 0.50703125 0.03046875 0.03671875
4 0.69609375 0.7 0.05625 0.0796875
1 0.94375 0.62890625 0.0453125 0.0546875
1 0.88515625 0.515625 0.0328125 0.040625
1 0.93671875 0.58046875 0.040625 0.04921875
1 0.52578125 0.5328125 0.03671875 0.04375
1 0.81953125 0.503125 0.03046875 0.040625
1 0.7703125 0.5296875 0.03515625 0.05
1 0.63359375 0.54375 0.0375 0.040625
1 0.56796875 0.55234375 0.03828125 0.0390625
1 0.6453125 0.46640625 0.0265625 0.028125
1 0.60234375 0.465625 0.02890625 0.03359375
1 0.709375 0.44609375 0.02734375 0.025
1 0.55078125 0.4984375 0.02890625 0.028125
1 0.571875 0.46484375 0.028125 0.02578125
1 0.9265625 0.68359375 0.05703125 0.08125
1 0.93046875 0.4953125 0.03359375 0.04609375
0 0.0265625 0.6640625 0.053125 0.1078125
0 0.0484375 0.64140625 0.090625 0.090625
1 0.34375 0.7171875 0.04921875 0.06328125
1 0.984375 0.5484375 0.03125 0.04375