0 0.21953125 0.81484375 0.1078125 0.165625
1 0.2828125 0.940625 0.07109375 0.08515625
1 0.4125 0.865625 0.059375 0.078125
1 0.325 0.85234375 0.065625 0.07734375
1 0.3328125 0.80078125 0.059375 0.03671875
1 0.36875 0.73828125 0.0390625 0.0546875
1 0.43125 0.75390625 0.04375 0.06015625
4 0.86171875 0.9421875 0.10625 0.115625
1 0.6984375 0.90234375 0.06796875 0.07265625
1 0.58515625 0.8875 0.059375 0.065625
0 0.73125 0.75703125 0.0796875 0.1390625
0 0.70546875 0.71171875 0.06640625 0.1171875
1 0.61484375 0.834375 0.05078125 0.053125
1 0.57890625 0.7921875 0.04375 0.04765625
1 0.659375 0.80546875 0.04921875 0.053125
1 0.63828125 0.7765625 0.03828125 0.04765625
1 0.6046875 0.75234375 0.04140625 0.0484375
1 0.55625 0.74296875 0.0390625 0.03984375
1 0.63515625 0.73046875 0.04140625 0.0484375