3 0.81796875 0.675 0.1046875 0.11875
3 0.7046875 0.65078125 0.1 0.14375
3 0.11953125 0.575 0.16171875 0.20078125
3 0.109375 0.7703125 0.21796875 0.29765625
3 0.28203125 0.5203125 0.07578125 0.10078125
3 0.2390625 0.475 0.08828125 0.12265625
3 0.3265625 0.4671875 0.04765625 0.08125
3 0.3640625 0.36875 0.02578125 0.0421875
3 0.38828125 0.37421875 0.02265625 0.03671875
1 0.278125 0.82734375 0.11328125 0.15078125
1 0.0328125 0.75625 0.065625 0.125
1 0.35078125 0.62265625 0.06484375 0.07734375
1 0.35703125 0.55390625 0.059375 0.0640625
1 0.40546875 0.46953125 0.034375 0.04453125
1 0.371875 0.4171875 0.02421875 0.02890625
1 0.33046875 0.38671875 0.01796875 0.02421875
1 0.60625 0.48359375 0.03828125 0.04921875
1 0.51875 0.49375 0.03984375 0.05234375
1 0.49375 0.428125 0.0328125 0.040625
3 0.5203125 0.3625 0.015625 0.021875
3 0.53359375 0.37578125 0.01875 0.02734375
1 0.528125 0.4140625 0.0265625 0.03359375
1 0.4796875 0.390625 0.02421875 0.028125
1 0.51484375 0.39296875 0.0203125 0.025
3 0.503125 0.37578125 0.01796875 0.02890625
1 0.41484375 0.421875 0.028125 0.034375
1 0.40078125 0.43828125 0.02578125 0.02265625
1 0.41796875 0.40078125 0.021875 0.01640625
1 0.41875 0.3828125 0.025 0.01796875
3 0.38046875 0.34453125 0.02421875 0.01875