3 0.096875 0.5859375 0.19375 0.221875
1 0.29453125 0.7609375 0.10234375 0.121875
1 0.35625 0.621875 0.0671875 0.08671875
3 0.221875 0.496875 0.0796875 0.12890625
1 0.2796875 0.55859375 0.05859375 0.06796875
1 0.515625 0.4828125 0.040625 0.0546875
1 0.31328125 0.49765625 0.04609375 0.05234375
4 0.37421875 0.515625 0.04921875 0.06875
3 0.52421875 0.3875 0.03359375 0.06171875
1 0.296875 0.4125 0.02421875 0.02890625
3 0.35 0.43203125 0.03828125 0.0625
3 0.3328125 0.4015625 0.0265625 0.046875
3 0.54765625 0.38046875 0.021875 0.04453125
1 0.27890625 0.4515625 0.03203125 0.040625
1 0.315625 0.425 0.02421875 0.03125
1 0.46484375 0.346875 0.009375 0.01484375
3 0.2203125 0.65859375 0.08515625 0.11328125
3 0.0296875 0.6078125 0.059375 0.078125
3 0.359375 0.3640625 0.02890625 0.03828125
3 0.48203125 0.3390625 0.015625 0.02265625
3 0.3359375 0.45859375 0.03515625 0.04453125
1 0.3828125 0.484375 0.040625 0.03203125
1 0.39140625 0.46796875 0.0359375 0.03984375
1 0.40078125 0.45 0.03203125 0.034375
1 0.39921875 0.42109375 0.02890625 0.021875
1 0.49609375 0.44140625 0.03359375 0.04296875