3 0.8484375 0.6765625 0.1625 0.22578125
3 0.09609375 0.82734375 0.19140625 0.34453125
3 0.04609375 0.6671875 0.0921875 0.203125
3 0.19765625 0.63984375 0.128125 0.159375
3 0.17109375 0.53046875 0.12265625 0.16171875
3 0.271875 0.5375 0.07734375 0.12109375
3 0.6265625 0.50703125 0.0796875 0.1296875
3 0.3453125 0.378125 0.028125 0.0453125
3 0.38125 0.38125 0.02578125 0.04140625
3 0.32265625 0.41953125 0.03359375 0.04765625
1 0.23046875 0.94140625 0.1515625 0.11640625
1 0.290625 0.8109375 0.1015625 0.128125
1 0.31953125 0.66796875 0.0859375 0.09921875
1 0.390625 0.57578125 0.0578125 0.0765625
1 0.3765625 0.5359375 0.04453125 0.05703125
1 0.390625 0.49453125 0.040625 0.04453125
1 0.271875 0.4609375 0.03671875 0.03671875
1 0.66640625 0.634375 0.0734375 0.10546875
1 0.56328125 0.6359375 0.078125 0.11015625
1 0.67109375 0.503125 0.025 0.05078125
1 0.5734375 0.47109375 0.03671875 0.04296875
1 0.50703125 0.45234375 0.034375 0.046875
1 0.575 0.4203125 0.02734375 0.03515625
1 0.409375 0.44140625 0.03125 0.0328125
1 0.3359375 0.4734375 0.0328125 0.0390625
1 0.35859375 0.4328125 0.02890625 0.0359375
1 0.41015625 0.41015625 0.025 0.02890625
1 0.48828125 0.40703125 0.025 0.0296875
1 0.471875 0.378125 0.0171875 0.02421875
3 0.31875 0.503125 0.03828125 0.05703125
3 0.3703125 0.40625 0.02421875 0.028125
3 0.40234375 0.35546875 0.0234375 0.03125
3 0.3703125 0.3609375 0.02265625 0.04765625
1 0.51015625 0.3875 0.01953125 0.02109375
3 0.5015625 0.37109375 0.01484375 0.02734375