1 0.25859375 0.91484375 0.1390625 0.16640625
1 0.3734375 0.553125 0.05078125 0.07109375
1 0.290625 0.75625 0.1109375 0.13515625
3 0.225 0.56640625 0.13984375 0.203125
3 0.40703125 0.3609375 0.0140625 0.0265625
1 0.39765625 0.45390625 0.034375 0.03984375
3 0.46875 0.30703125 0.01484375 0.0140625
3 0.3921875 0.3515625 0.01953125 0.03515625
3 0.48046875 0.3203125 0.009375 0.01484375
1 0.51875 0.50625 0.04296875 0.0609375
1 0.4703125 0.32421875 0.01015625 0.0140625
3 0.1 0.7828125 0.19921875 0.4265625
1 0.47421875 0.36328125 0.0140625 0.01875
1 0.4296875 0.340625 0.0296875 0.06875
1 0.34140625 0.39921875 0.021875 0.02578125
1 0.4078125 0.4296875 0.028125 0.0328125
1 0.9171875 0.7890625 0.13671875 0.17734375
3 0.4125 0.33203125 0.021875 0.025
1 0.3171875 0.49453125 0.04296875 0.0484375
1 0.3765625 0.49453125 0.04375 0.046875
1 0.67578125 0.9078125 0.1546875 0.184375
1 0.32421875 0.65546875 0.07890625 0.08359375
1 0.3484375 0.5984375 0.0609375 0.0578125
3 0.53984375 0.41953125 0.03359375 0.06328125
3 0.575 0.40390625 0.04140625 0.06171875