1 0.29140625 0.8078125 0.1046875 0.12734375
3 0.246875 0.56328125 0.1015625 0.1328125
3 0.196875 0.63828125 0.128125 0.15546875
1 0.3109375 0.69140625 0.0921875 0.1078125
1 0.22578125 0.940625 0.1546875 0.11875
1 0.61328125 0.74765625 0.0984375 0.14453125
1 0.38046875 0.60703125 0.06328125 0.0859375
3 0.11328125 0.57109375 0.15390625 0.1875
1 0.31640625 0.50234375 0.04453125 0.05234375
3 0.32734375 0.40234375 0.03828125 0.06171875
3 0.58671875 0.4875 0.05859375 0.071875
1 0.39921875 0.4828125 0.0375 0.04140625
1 0.37890625 0.528125 0.046875 0.05546875
3 0.3671875 0.40234375 0.03359375 0.0515625
3 0.2875 0.453125 0.04296875 0.05625
3 0.09296875 0.82734375 0.18515625 0.34453125
1 0.50703125 0.4671875 0.0359375 0.0515625
1 0.3328125 0.46640625 0.03828125 0.04453125
1 0.48828125 0.42890625 0.025 0.03359375
1 0.5734375 0.44140625 0.040625 0.0390625
1 0.528125 0.409375 0.02265625 0.0296875
3 0.30625 0.52890625 0.04453125 0.06875
3 0.3859375 0.38828125 0.025 0.034375
3 0.35 0.44375 0.0296875 0.03203125
3 0.04140625 0.67578125 0.0828125 0.18671875
1 0.4796875 0.39765625 0.02265625 0.0265625
3 0.50859375 0.3765625 0.02421875 0.04453125
1 0.228125 0.50078125 0.05 0.03515625
3 0.36640625 0.3640625 0.03359375 0.04609375
1 0.39765625 0.44453125 0.03203125 0.03984375
1 0.52421875 0.36875 0.01171875 0.01484375
1 0.47734375 0.3703125 0.015625 0.0171875
1 0.3734375 0.56015625 0.05 0.0484375
3 0.553125 0.39296875 0.03671875 0.05078125