3 0.275 0.52421875 0.1171875 0.178125
1 0.6984375 0.796875 0.125 0.1421875
3 0.71484375 0.5375 0.06953125 0.11796875
1 0.62109375 0.54296875 0.05078125 0.06171875
3 0.690625 0.42890625 0.03515625 0.04765625
3 0.86875 0.7171875 0.1546875 0.20546875
1 0.60546875 0.48046875 0.0359375 0.04453125
3 0.7796875 0.49765625 0.065625 0.0984375
1 0.6671875 0.48046875 0.03515625 0.04375
3 0.8453125 0.55078125 0.08359375 0.12578125
3 0.66015625 0.40234375 0.02578125 0.04140625
1 0.50625 0.43203125 0.02890625 0.0375
1 0.64453125 0.43125 0.02734375 0.03515625
1 0.59609375 0.44140625 0.02890625 0.03671875
3 0.940625 0.64296875 0.11796875 0.18671875
3 0.45859375 0.42578125 0.04140625 0.04609375
1 0.51953125 0.3921875 0.0234375 0.0296875
1 0.58984375 0.40234375 0.0265625 0.03515625
1 0.61328125 0.3875 0.0234375 0.02578125
3 0.6390625 0.365625 0.040625 0.0578125