3 0.50625 0.37265625 0.028125 0.04140625
3 0.09453125 0.80703125 0.1890625 0.38515625
3 0.096875 0.57421875 0.19375 0.15390625
3 0.2078125 0.4828125 0.11015625 0.14140625
3 0.2859375 0.4390625 0.0453125 0.07578125
3 0.3484375 0.42421875 0.05625 0.0796875
3 0.315625 0.4765625 0.05703125 0.0890625
3 0.39921875 0.35625 0.025 0.0421875
3 0.4828125 0.34296875 0.01796875 0.03046875
4 0.32578125 0.7171875 0.09453125 0.1359375
1 0.228125 0.97890625 0.14375 0.0421875
1 0.2953125 0.8375 0.11484375 0.15625
1 0.3390625 0.63125 0.075 0.07890625
1 0.35625 0.578125 0.06015625 0.0625
1 0.384375 0.5171875 0.0515625 0.05625
1 0.39453125 0.47265625 0.0375 0.03125
1 0.4078125 0.42109375 0.0265625 0.03515625
1 0.4140625 0.39921875 0.021875 0.02890625
1 0.41953125 0.37890625 0.015625 0.0171875
0 0.375 0.39140625 0.034375 0.06171875