1 0.3265625 0.728125 0.09375 0.1234375
3 0.20234375 0.6265625 0.12421875 0.15390625
3 0.09921875 0.61015625 0.11484375 0.1796875
1 0.3859375 0.51640625 0.0484375 0.05546875
3 0.240625 0.48203125 0.06640625 0.0953125
1 0.51953125 0.503125 0.0453125 0.059375
1 0.39921875 0.4640625 0.034375 0.04296875
3 0.18125 0.51875 0.0796875 0.0890625
1 0.48984375 0.4140625 0.0265625 0.03203125
1 0.3453125 0.459375 0.034375 0.040625
1 0.25078125 0.971875 0.16328125 0.0515625
1 0.36484375 0.4171875 0.028125 0.0328125
1 0.5296875 0.371875 0.01484375 0.0203125
3 0.5890625 0.428125 0.0359375 0.0421875
1 0.39140625 0.38203125 0.0203125 0.02421875
3 0.346875 0.39296875 0.025 0.0390625
1 0.34296875 0.44140625 0.02734375 0.03046875
3 0.30234375 0.503125 0.06875 0.09375
1 0.41015625 0.39453125 0.021875 0.0296875
1 0.421875 0.3796875 0.01875 0.02265625
3 0.5703125 0.45859375 0.05 0.06875
3 0.04609375 0.928125 0.0875 0.1421875
3 0.3203125 0.41953125 0.0359375 0.04375
3 0.3984375 0.3625 0.0265625 0.04453125
3 0.36328125 0.36640625 0.0296875 0.04609375
3 0.5015625 0.365625 0.02890625 0.0375
3 0.490625 0.34765625 0.021875 0.0328125
3 0.9390625 0.77109375 0.121875 0.33828125
1 0.46953125 0.3734375 0.01796875 0.01953125
4 0.409375 0.43359375 0.03046875 0.0421875