3 0.04765625 0.875 0.0953125 0.24921875
3 0.11875 0.57734375 0.1765625 0.1953125
3 0.22890625 0.4859375 0.09140625 0.12265625
3 0.52890625 0.39765625 0.0390625 0.078125
3 0.55859375 0.390625 0.0296875 0.04921875
1 0.2359375 0.6375 0.08046875 0.10859375
1 0.30546875 0.72265625 0.09296875 0.1125
1 0.2828125 0.55234375 0.05546875 0.065625
1 0.3609375 0.6046875 0.0640625 0.08359375
1 0.53515625 0.53359375 0.0515625 0.071875
4 0.375 0.5109375 0.0484375 0.0734375
1 0.31640625 0.490625 0.04296875 0.05078125
1 0.28125 0.446875 0.02734375 0.03515625
1 0.50703125 0.4703125 0.0390625 0.04921875
1 0.39140625 0.4703125 0.04140625 0.0390625
1 0.33671875 0.45625 0.0359375 0.0390625
1 0.3984375 0.43125 0.02890625 0.03046875
1 0.3078125 0.39921875 0.02421875 0.0203125
1 0.315625 0.4265625 0.02578125 0.0296875
3 0.3484375 0.428125 0.0390625 0.05703125
1 0.48671875 0.41640625 0.028125 0.0296875