3 0.1203125 0.73828125 0.240625 0.40390625
1 0.2890625 0.75703125 0.11015625 0.1328125
1 0.37265625 0.5546875 0.05078125 0.06796875
1 0.3484375 0.60546875 0.06328125 0.0703125
1 0.26015625 0.91484375 0.1359375 0.16953125
3 0.2390625 0.5484375 0.1375 0.1875
1 0.32734375 0.66953125 0.0859375 0.11171875
1 0.35234375 0.4453125 0.03203125 0.03984375
1 0.4890625 0.403125 0.0203125 0.0265625
1 0.47578125 0.37578125 0.015625 0.0203125
1 0.328125 0.48046875 0.03828125 0.0421875
1 0.475 0.33203125 0.0109375 0.0125
1 0.38046875 0.47890625 0.04140625 0.0421875
3 0.3703125 0.403125 0.03203125 0.04921875
3 0.20703125 0.46640625 0.06328125 0.05390625
1 0.403125 0.4375 0.0296875 0.034375
3 0.60625 0.5015625 0.06328125 0.11640625
3 0.29921875 0.41796875 0.04921875 0.059375
3 0.32109375 0.4078125 0.0421875 0.0625
3 0.659375 0.49921875 0.04765625 0.0859375
3 0.38515625 0.384375 0.025 0.034375