1 0.81484375 0.65625 0.10625 0.140625
1 0.75625 0.73984375 0.10703125 0.1578125
1 0.56484375 0.45859375 0.04140625 0.06796875
1 0.59453125 0.4328125 0.0328125 0.04921875
1 0.63125 0.5359375 0.05625 0.078125
1 0.5484375 0.5828125 0.065625 0.09921875
1 0.1515625 0.60234375 0.06953125 0.07578125
3 0.1765625 0.66328125 0.16484375 0.234375
1 0.34140625 0.60546875 0.065625 0.084375
1 0.3875 0.47265625 0.040625 0.05
1 0.265625 0.9203125 0.12734375 0.15546875
1 0.02890625 0.68359375 0.05703125 0.09765625
1 0.56015625 0.4 0.025 0.03125
1 0.5 0.446875 0.03046875 0.04453125
1 0.0453125 0.871875 0.08828125 0.14296875
1 0.38203125 0.5203125 0.04453125 0.05390625
1 0.3625 0.37890625 0.02265625 0.03046875
1 0.52890625 0.40859375 0.0234375 0.03125
3 0.321875 0.4703125 0.05703125 0.078125
1 0.48359375 0.4203125 0.0234375 0.0359375
1 0.540625 0.38359375 0.0203125 0.02734375
3 0.1921875 0.50078125 0.1109375 0.13203125
1 0.50703125 0.3953125 0.021875 0.02890625
1 0.3671875 0.42265625 0.0203125 0.03515625
1 0.41640625 0.4296875 0.028125 0.034375
1 0.52578125 0.36953125 0.0171875 0.02109375
1 0.38203125 0.39921875 0.02421875 0.0328125
1 0.47890625 0.38359375 0.01875 0.02421875
3 0.26953125 0.44765625 0.06015625 0.103125
3 0.34609375 0.43984375 0.040625 0.07109375