1 0.60078125 0.6828125 0.084375 0.1265625
1 0.26796875 0.89609375 0.13203125 0.16875
1 0.32578125 0.65390625 0.08125 0.1046875
4 0.51875 0.50234375 0.04296875 0.06875
1 0.53671875 0.46328125 0.03671875 0.0515625
1 0.3546875 0.57734375 0.06796875 0.0953125
1 0.39296875 0.4734375 0.0359375 0.04140625
1 0.4046875 0.4421875 0.0265625 0.03984375
3 0.48671875 0.40546875 0.021875 0.034375
1 0.48203125 0.3828125 0.0171875 0.02421875
3 0.5203125 0.39140625 0.025 0.0484375
1 0.50390625 0.37421875 0.01640625 0.02578125
1 0.37421875 0.4078125 0.0203125 0.03125
3 0.084375 0.81015625 0.16796875 0.31796875
3 0.0953125 0.6078125 0.12109375 0.11171875
3 0.24140625 0.54765625 0.1390625 0.20546875
3 0.33671875 0.43203125 0.059375 0.08515625
3 0.58046875 0.40625 0.04765625 0.06640625