1 0.29140625 0.75703125 0.1078125 0.13828125
3 0.153125 0.65625 0.234375 0.3125
1 0.259375 0.9140625 0.140625 0.171875
3 0.25859375 0.52421875 0.11953125 0.1765625
1 0.38125 0.5234375 0.04453125 0.0609375
1 0.35859375 0.57265625 0.05859375 0.0671875
1 0.50859375 0.44609375 0.0296875 0.04140625
1 0.515625 0.40234375 0.02265625 0.03046875
1 0.0421875 0.66875 0.025 0.0890625
1 0.3546875 0.43984375 0.02578125 0.03046875
1 0.39609375 0.43984375 0.02890625 0.02890625
1 0.3953125 0.4578125 0.03046875 0.03125
3 0.3234375 0.40859375 0.040625 0.05625
1 0.40390625 0.4265625 0.02265625 0.028125
1 0.36796875 0.41875 0.02421875 0.028125
3 0.06015625 0.8671875 0.1203125 0.265625
3 0.28359375 0.4171875 0.04453125 0.046875
3 0.50390625 0.3640625 0.01953125 0.034375
3 0.38515625 0.384375 0.028125 0.04140625
3 0.2453125 0.44609375 0.08359375 0.05859375
1 0.32265625 0.49609375 0.0234375 0.05546875
1 0.32890625 0.6625 0.090625 0.1234375
3 0.34296875 0.38671875 0.03359375 0.04375
1 0.41171875 0.4015625 0.02265625 0.0265625
1 0.46953125 0.359375 0.015625 0.01796875