1 0.38203125 0.53671875 0.05546875 0.08203125
1 0.7078125 0.55078125 0.05078125 0.0625
1 0.59921875 0.42421875 0.028125 0.0328125
1 0.65078125 0.6328125 0.06953125 0.08203125
1 0.61875 0.52890625 0.0453125 0.05390625
1 0.6703125 0.471875 0.0375 0.0453125
4 0.60625 0.47578125 0.03359375 0.0484375
3 0.68125 0.4234375 0.03046875 0.05078125
3 0.4390625 0.38984375 0.0359375 0.05234375
1 0.70234375 0.503125 0.04453125 0.034375
1 0.62421875 0.40625 0.02421875 0.02890625
1 0.4921875 0.38125 0.01796875 0.02109375
1 0.6234375 0.50859375 0.0328125 0.02734375
1 0.52578125 0.36875 0.0140625 0.01796875
3 0.6515625 0.3828125 0.0359375 0.0578125
3 0.93984375 0.64765625 0.1203125 0.1609375
3 0.81953125 0.671875 0.1359375 0.17421875
3 0.83515625 0.55 0.08515625 0.11953125
3 0.72421875 0.46328125 0.0453125 0.05703125