3 0.33203125 0.56171875 0.11484375 0.19375
4 0.425 0.66015625 0.07734375 0.13828125
1 0.7578125 0.9421875 0.15625 0.115625
1 0.6671875 0.71171875 0.0859375 0.1109375
1 0.803125 0.69453125 0.0953125 0.11640625
1 0.95234375 0.9359375 0.0953125 0.128125
1 0.45859375 0.54375 0.04375 0.0828125
1 0.490625 0.4765625 0.03828125 0.05625
1 0.6203125 0.51875 0.0453125 0.05703125
1 0.68125 0.49921875 0.0484375 0.0546875
1 0.8265625 0.51484375 0.05 0.04921875
1 0.60546875 0.46015625 0.03046875 0.0328125
1 0.5921875 0.42265625 0.02890625 0.02265625
3 0.4234375 0.4171875 0.034375 0.05
3 0.48203125 0.384375 0.025 0.0390625
3 0.86328125 0.61484375 0.1078125 0.1265625
3 0.77265625 0.51484375 0.05703125 0.08125
3 0.71640625 0.4359375 0.0640625 0.09375
3 0.65390625 0.42265625 0.05078125 0.071875
3 0.6125 0.375 0.0265625 0.03515625
1 0.5875 0.39921875 0.01953125 0.0203125
4 0.6375 0.59921875 0.05859375 0.0921875