1 0.62109375 0.5390625 0.0484375 0.08984375
1 0.35703125 0.63828125 0.07734375 0.084375
1 0.2890625 0.54609375 0.05234375 0.05703125
1 0.38203125 0.528125 0.0453125 0.0609375
1 0.33359375 0.47265625 0.0390625 0.04375
3 0.17890625 0.67109375 0.13671875 0.178125
3 0.059375 0.65234375 0.11875 0.1625
3 0.16484375 0.54375 0.08984375 0.125
3 0.27265625 0.46328125 0.04453125 0.0609375
3 0.31796875 0.4203125 0.0296875 0.0421875
3 0.56328125 0.3890625 0.0359375 0.0640625
3 0.34765625 0.38515625 0.03671875 0.05859375
3 0.384375 0.37734375 0.0296875 0.053125
4 0.3921875 0.478125 0.0390625 0.05703125
1 0.375 0.40859375 0.025 0.028125
1 0.4015625 0.43046875 0.0265625 0.03359375
1 0.41328125 0.4046875 0.025 0.02109375
1 0.47421875 0.36875 0.0140625 0.02109375
3 0.50625 0.37578125 0.01796875 0.03125
1 0.42109375 0.384375 0.0171875 0.025