1 0.29140625 0.7578125 0.10625 0.134375
1 0.26015625 0.91484375 0.1359375 0.16953125
1 0.346875 0.6046875 0.0625 0.071875
1 0.3734375 0.5546875 0.0515625 0.0703125
3 0.25234375 0.55 0.13203125 0.18828125
1 0.33359375 0.4703125 0.034375 0.04375
1 0.35625 0.4375 0.03046875 0.04140625
1 0.38359375 0.47421875 0.03828125 0.046875
3 0.69609375 0.628125 0.11015625 0.2
3 0.37421875 0.39765625 0.03203125 0.04453125
1 0.48359375 0.4 0.021875 0.02578125
1 0.3296875 0.66015625 0.08671875 0.121875
1 0.40703125 0.425 0.03046875 0.034375
3 0.1234375 0.52890625 0.125 0.090625
3 0.33203125 0.39921875 0.03125 0.05
3 0.7953125 0.62109375 0.1203125 0.17265625
3 0.22734375 0.45234375 0.06015625 0.05078125
3 0.29375 0.4453125 0.05546875 0.04296875
1 0.5046875 0.4484375 0.03046875 0.0390625
1 0.378125 0.50546875 0.04296875 0.04921875
3 0.3140625 0.4015625 0.0328125 0.04375
3 0.12890625 0.70078125 0.25703125 0.36171875