1 0.359375 0.6 0.065625 0.07421875
1 0.15625 0.596875 0.065625 0.0703125
1 0.32109375 0.490625 0.0390625 0.04921875
1 0.27890625 0.81015625 0.115625 0.1484375
1 0.378125 0.4890625 0.040625 0.04921875
1 0.5359375 0.5515625 0.05390625 0.08046875
1 0.74140625 0.765625 0.11796875 0.1703125
1 0.60234375 0.4484375 0.03515625 0.04296875
1 0.08046875 0.590625 0.084375 0.08046875
1 0.62421875 0.55234375 0.06484375 0.08515625
1 0.0875 0.82890625 0.13828125 0.1765625
3 0.26171875 0.55625 0.096875 0.12578125
1 0.4859375 0.41796875 0.028125 0.0328125
1 0.4 0.45234375 0.02890625 0.04140625
1 0.40078125 0.42890625 0.02734375 0.03515625
1 0.665625 0.49765625 0.0515625 0.06640625
1 0.01171875 0.759375 0.02265625 0.10546875
1 0.48125 0.39921875 0.021875 0.03046875
1 0.7546875 0.584375 0.08359375 0.0953125
3 0.33828125 0.43984375 0.0390625 0.05546875
1 0.52421875 0.4078125 0.02265625 0.03515625
0 0.5546875 0.4359375 0.06015625 0.0921875
1 0.41875 0.40234375 0.02578125 0.0390625
1 0.50859375 0.38671875 0.0125 0.0234375
1 0.3890625 0.3921875 0.0234375 0.0390625