1 0.26328125 0.58203125 0.0671875 0.07109375
1 0.6296875 0.53125 0.0515625 0.06328125
1 0.4 0.740625 0.09453125 0.15546875
1 0.28046875 0.69765625 0.10390625 0.12578125
1 0.69921875 0.6484375 0.0921875 0.09765625
1 0.47109375 0.51875 0.046875 0.06875
1 0.48984375 0.45078125 0.03203125 0.04296875
1 0.60703125 0.47734375 0.03671875 0.04296875
1 0.9328125 0.91640625 0.1328125 0.1640625
1 0.7578125 0.5921875 0.06875 0.090625
1 0.81953125 0.55078125 0.0578125 0.07578125
1 0.51640625 0.3890625 0.01953125 0.0234375
1 0.6515625 0.453125 0.02421875 0.0375
1 0.509375 0.35546875 0.01328125 0.0171875
1 0.53203125 0.3515625 0.01171875 0.01796875
1 0.803125 0.4890625 0.046875 0.05
1 0.75625 0.4578125 0.0296875 0.03671875
1 0.60625 0.4375 0.028125 0.0390625
1 0.59296875 0.41875 0.02421875 0.03515625
3 0.91796875 0.64453125 0.13359375 0.1578125
3 0.6875 0.48515625 0.0625 0.09140625
3 0.7078125 0.425 0.0515625 0.0875