1 0.60703125 0.7421875 0.10546875 0.17890625
1 0.3765625 0.53203125 0.0546875 0.0640625
1 0.309375 0.76953125 0.10390625 0.153125
1 0.49609375 0.4484375 0.03359375 0.04296875
1 0.3515625 0.5921875 0.0640625 0.06953125
1 0.334375 0.6421875 0.0828125 0.10859375
1 0.240625 0.97421875 0.14921875 0.04609375
1 0.48203125 0.39375 0.01875 0.0203125
3 0.89765625 0.72734375 0.2046875 0.371875
3 0.2125 0.59765625 0.13828125 0.2109375
3 0.09765625 0.59765625 0.10390625 0.18671875
3 0.0703125 0.86796875 0.140625 0.2578125
3 0.31640625 0.46015625 0.06796875 0.08671875
3 0.26328125 0.44765625 0.05703125 0.06484375
0 0.5953125 0.54296875 0.13515625 0.20859375