1 0.79921875 0.703125 0.09765625 0.1109375
1 0.62734375 0.79140625 0.10703125 0.16640625
1 0.03359375 0.959375 0.0671875 0.08125
1 0.021875 0.66171875 0.04296875 0.0984375
1 0.07109375 0.68125 0.09140625 0.1015625
1 0.3125 0.70546875 0.0875 0.11328125
1 0.36953125 0.56484375 0.053125 0.0625
1 0.375 0.50703125 0.04765625 0.06015625
1 0.52734375 0.52890625 0.05625 0.07265625
3 0.25546875 0.46171875 0.06953125 0.11328125
3 0.3078125 0.4921875 0.059375 0.08671875
3 0.33515625 0.4546875 0.040625 0.07578125
3 0.16015625 0.5421875 0.140625 0.17265625
3 0.14140625 0.71640625 0.196875 0.25234375
3 0.36640625 0.3609375 0.02109375 0.028125
3 0.38671875 0.371875 0.03203125 0.03125
3 0.553125 0.3953125 0.025 0.034375
4 0.60234375 0.4484375 0.0390625 0.0546875
1 0.57265625 0.47734375 0.04140625 0.05546875
1 0.49765625 0.4359375 0.03203125 0.04296875
1 0.54453125 0.4296875 0.0328125 0.0390625
1 0.4109375 0.44765625 0.03203125 0.03984375
1 0.3609375 0.43515625 0.02265625 0.040625
1 0.48125 0.39296875 0.0234375 0.025
1 0.521875 0.40625 0.03046875 0.02890625