1 0.3015625 0.77109375 0.1015625 0.11875
3 0.209375 0.62578125 0.1265625 0.15703125
1 0.328125 0.634375 0.078125 0.1046875
3 0.29140625 0.50859375 0.06796875 0.10703125
1 0.871875 0.90546875 0.16796875 0.1890625
3 0.196875 0.50625 0.1109375 0.14140625
1 0.23125 0.9359375 0.153125 0.128125
1 0.53125 0.515625 0.05234375 0.065625
1 0.39453125 0.5375 0.05 0.0640625
1 0.64296875 0.821875 0.1296875 0.20703125
3 0.09765625 0.82578125 0.19453125 0.34609375
1 0.5453125 0.4390625 0.02890625 0.034375
1 0.4 0.4578125 0.0328125 0.03828125
1 0.38515625 0.50390625 0.0421875 0.053125
1 0.67421875 0.52265625 0.05390625 0.0703125
3 0.06875 0.65078125 0.1375 0.24765625
1 0.4875 0.42578125 0.02890625 0.03671875
1 0.35 0.44765625 0.0296875 0.040625
3 0.38515625 0.37734375 0.025 0.0421875
3 0.353125 0.375 0.02890625 0.0453125
4 0.33359375 0.48046875 0.03203125 0.05625
1 0.29140625 0.43359375 0.03046875 0.0328125
1 0.4125 0.421875 0.0265625 0.0328125
1 0.55703125 0.403125 0.0234375 0.03125
1 0.50859375 0.37734375 0.015625 0.02109375
1 0.371875 0.41328125 0.025 0.03203125
1 0.48046875 0.37890625 0.01796875 0.021875
3 0.33515625 0.40703125 0.02734375 0.03515625
3 0.528125 0.40625 0.02578125 0.0421875
1 0.4703125 0.36171875 0.015625 0.02265625
1 0.49609375 0.36328125 0.0140625 0.01796875
3 0.37578125 0.34921875 0.01875 0.02734375