1 0.6625 0.6359375 0.06953125 0.08359375
3 0.29140625 0.53359375 0.08359375 0.1359375
1 0.5859375 0.4140625 0.0171875 0.028125
1 0.6078125 0.47109375 0.03515625 0.046875
1 0.7109375 0.79140625 0.11953125 0.16796875
1 0.5109375 0.3484375 0.01484375 0.0265625
1 0.57578125 0.36953125 0.01640625 0.02578125
3 0.64921875 0.43125 0.03984375 0.06015625
3 0.896875 0.77421875 0.20390625 0.40703125
3 0.56171875 0.38984375 0.015625 0.02578125
1 0.62578125 0.5234375 0.0453125 0.04921875
1 0.73359375 0.5796875 0.059375 0.0859375
3 0.5796875 0.3359375 0.015625 0.02421875
3 0.7296875 0.453125 0.0546875 0.078125
1 0.56328125 0.328125 0.0171875 0.040625
3 0.615625 0.371875 0.021875 0.03203125
1 0.5265625 0.37421875 0.01640625 0.021875
3 0.5953125 0.3640625 0.0171875 0.0296875
1 0.35234375 0.48359375 0.0390625 0.0515625
3 0.55390625 0.31015625 0.01328125 0.0203125
1 0.49140625 0.35234375 0.0109375 0.01796875
1 0.6125 0.4046875 0.02109375 0.03125
1 0.45859375 0.56484375 0.05546875 0.0703125
1 0.540625 0.321875 0.01015625 0.01640625
1 0.5359375 0.34296875 0.0125 0.0265625
3 0.796875 0.4796875 0.0625 0.06328125
3 0.6390625 0.35859375 0.02421875 0.0296875
1 0.34140625 0.728125 0.1453125 0.16484375
3 0.40078125 0.47578125 0.08984375 0.1453125