3 0.73125 0.55546875 0.10703125 0.146875
3 0.0890625 0.85703125 0.1765625 0.28203125
3 0.07421875 0.62109375 0.13515625 0.16328125
3 0.18203125 0.5203125 0.0765625 0.0921875
3 0.35 0.40078125 0.0625 0.08125
3 0.53671875 0.4140625 0.04140625 0.05625
3 0.575 0.38984375 0.04140625 0.06640625
1 0.27890625 0.80234375 0.12890625 0.1609375
1 0.3296875 0.65625 0.08125 0.0859375
1 0.365625 0.575 0.06328125 0.0796875
1 0.5234375 0.50234375 0.05625 0.07421875
1 0.38515625 0.5015625 0.05078125 0.0359375
1 0.38984375 0.46796875 0.0421875 0.03046875
1 0.6828125 0.90703125 0.203125 0.18515625
1 0.49140625 0.4046875 0.03671875 0.0296875
1 0.49921875 0.45625 0.05078125 0.04375