3 0.09609375 0.6125 0.11484375 0.14453125
3 0.096875 0.83359375 0.19375 0.3328125
3 0.84609375 0.66953125 0.159375 0.19609375
0 0.2578125 0.565625 0.13046875 0.1828125
1 0.2984375 0.784375 0.115625 0.16015625
1 0.33671875 0.6484375 0.0765625 0.08515625
1 0.5453125 0.57734375 0.05703125 0.08828125
1 0.36796875 0.55625 0.05234375 0.07421875
1 0.5109375 0.48828125 0.0390625 0.059375
1 0.3859375 0.51484375 0.034375 0.0421875
3 0.3234375 0.459375 0.05703125 0.08359375
3 0.353125 0.40390625 0.04140625 0.075
3 0.559375 0.440625 0.040625 0.07421875
3 0.58203125 0.4 0.040625 0.0703125
3 0.5328125 0.39765625 0.0375 0.0703125
1 0.4953125 0.43125 0.025 0.0375
3 0.1953125 0.52109375 0.07109375 0.11328125
1 0.38984375 0.47421875 0.03359375 0.034375
1 0.3953125 0.4578125 0.03671875 0.03359375
1 0.48359375 0.40390625 0.01875 0.0296875
1 0.396875 0.4328125 0.03125 0.0140625