1 0.70234375 0.78359375 0.109375 0.1296875
1 0.64140625 0.6046875 0.06640625 0.084375
1 0.8109375 0.73125 0.10234375 0.1171875
1 0.78046875 0.63515625 0.07109375 0.0828125
1 0.71640625 0.54140625 0.05859375 0.0671875
1 0.64765625 0.44453125 0.03359375 0.040625
1 0.60546875 0.4609375 0.0359375 0.046875
4 0.61875 0.52734375 0.04765625 0.0703125
1 0.59296875 0.43203125 0.02734375 0.03046875
1 0.5109375 0.41796875 0.02421875 0.03515625
1 0.49921875 0.3875 0.01875 0.02421875
1 0.509375 0.35703125 0.0125 0.01640625
3 0.93671875 0.65390625 0.1265625 0.178125
3 0.40859375 0.4765625 0.0578125 0.09453125
3 0.77890625 0.5171875 0.065625 0.0875
3 0.7203125 0.45859375 0.04140625 0.0671875