1 0.409375 0.415625 0.02578125 0.03828125
3 0.19375 0.6421875 0.1265625 0.1578125
3 0.50546875 0.371875 0.02109375 0.04140625
1 0.396875 0.446875 0.0328125 0.040625
1 0.3109375 0.69296875 0.09296875 0.109375
3 0.103125 0.575 0.1484375 0.18203125
1 0.38125 0.609375 0.06484375 0.08671875
1 0.478125 0.38984375 0.02109375 0.0265625
1 0.64921875 0.89296875 0.14453125 0.2078125
1 0.5796875 0.653125 0.0796875 0.1078125
1 0.3484375 0.4453125 0.03125 0.0328125
1 0.57265625 0.471875 0.04765625 0.06171875
3 0.32578125 0.4 0.0359375 0.059375
3 0.28359375 0.45546875 0.04375 0.059375
1 0.29140625 0.81015625 0.1046875 0.12734375
1 0.378125 0.5328125 0.04765625 0.05703125
1 0.2296875 0.9390625 0.15625 0.11640625
1 0.33046875 0.46953125 0.0390625 0.04609375
1 0.3984375 0.484375 0.03828125 0.04296875
1 0.55546875 0.43046875 0.03203125 0.03828125
1 0.31640625 0.50234375 0.04140625 0.0515625
1 0.50078125 0.44921875 0.03046875 0.04375
1 0.52265625 0.40390625 0.02109375 0.025
3 0.36484375 0.4015625 0.03515625 0.0484375
3 0.25703125 0.565625 0.08125 0.1296875
1 0.30625 0.53125 0.04296875 0.06953125
3 0.08515625 0.84453125 0.16875 0.309375