1 0.41875 0.37890625 0.01796875 0.02421875
1 0.47734375 0.37734375 0.01796875 0.021875
1 0.4984375 0.4484375 0.02734375 0.0375
3 0.153125 0.58984375 0.09765625 0.128125
4 0.484375 0.40625 0.0234375 0.034375
1 0.4640625 0.34375 0.01015625 0.015625
1 0.4046875 0.453125 0.0328125 0.04140625
3 0.3765625 0.39140625 0.03203125 0.0484375
3 0.3421875 0.390625 0.02890625 0.04765625
3 0.38828125 0.3734375 0.034375 0.053125
3 0.35859375 0.3765625 0.02578125 0.03984375
1 0.4953125 0.38984375 0.01953125 0.028125
1 0.4125 0.41953125 0.0265625 0.03515625
1 0.2625 0.5875 0.0734375 0.084375
1 0.30625 0.7984375 0.11171875 0.1453125
1 0.38125 0.496875 0.04375 0.04921875
3 0.4953125 0.35625 0.02265625 0.034375
3 0.5375 0.40625 0.0421875 0.07421875
3 0.646875 0.49140625 0.05859375 0.0671875
1 0.3625 0.5671875 0.06328125 0.078125
3 0.2453125 0.465625 0.07890625 0.128125
4 0.34296875 0.66015625 0.08125 0.11484375
1 0.2296875 0.9671875 0.146875 0.065625
1 0.05 0.953125 0.1 0.09375
3 0.0296875 0.753125 0.059375 0.16875
3 0.3140625 0.4640625 0.07578125 0.1265625
3 0.29921875 0.38984375 0.06015625 0.05