1 0.08203125 0.78984375 0.13671875 0.175
1 0.31328125 0.90625 0.1640625 0.18359375
1 0.7390625 0.91484375 0.1390625 0.16875
1 0.48125 0.50625 0.04375 0.06015625
1 0.709375 0.75703125 0.1078125 0.13515625
1 0.65234375 0.60546875 0.0640625 0.07265625
3 0.46171875 0.41796875 0.034375 0.06328125
1 0.67421875 0.67109375 0.0828125 0.1078125
1 0.62578125 0.55234375 0.05 0.0703125
1 0.6828125 0.49375 0.04375 0.05
1 0.6234375 0.49765625 0.04375 0.0546875
1 0.60234375 0.453125 0.03359375 0.040625
3 0.43203125 0.4078125 0.02578125 0.0421875
1 0.5265625 0.36328125 0.015625 0.01875
1 0.65625 0.45859375 0.034375 0.04375
1 0.53203125 0.353125 0.01171875 0.015625
1 0.6140625 0.4015625 0.01953125 0.0265625
1 0.659375 0.4015625 0.021875 0.03125
3 0.89921875 0.78515625 0.2015625 0.4296875
3 0.77265625 0.5578125 0.13671875 0.1890625
3 0.73046875 0.43359375 0.06953125 0.0640625
3 0.640625 0.41015625 0.03671875 0.05546875