1 0.55625 0.5828125 0.05625 0.08046875
1 0.3328125 0.659375 0.07890625 0.09765625
1 0.225 0.64765625 0.08125 0.0953125
1 0.48984375 0.40234375 0.0234375 0.03515625
1 0.37734375 0.50703125 0.0453125 0.0546875
1 0.07578125 0.7125 0.090625 0.1046875
1 0.2890625 0.5234375 0.0515625 0.06640625
1 0.1484375 0.534375 0.05390625 0.06015625
1 0.51953125 0.39609375 0.02109375 0.028125
1 0.39765625 0.46875 0.03359375 0.0453125
1 0.25234375 0.47734375 0.03828125 0.05859375
1 0.28125 0.4203125 0.03359375 0.03984375
1 0.2359375 0.45390625 0.02890625 0.028125
1 0.39765625 0.43828125 0.028125 0.0375
1 0.42265625 0.403125 0.0203125 0.03125
1 0.5109375 0.37734375 0.01796875 0.021875
1 0.40546875 0.4203125 0.02421875 0.03828125
3 0.21015625 0.51875 0.07265625 0.1015625
3 0.3328125 0.45859375 0.0546875 0.075
3 0.3171875 0.40234375 0.04453125 0.06875