1 0.18828125 0.7140625 0.10078125 0.10859375
1 0.34375 0.60234375 0.07109375 0.0984375
1 0.26015625 0.5796875 0.06484375 0.08203125
1 0.378125 0.49453125 0.04296875 0.0484375
1 0.2703125 0.4703125 0.0375 0.04375
1 0.2828125 0.52265625 0.04375 0.05625
1 0.32109375 0.48046875 0.040625 0.0515625
1 0.5296875 0.40859375 0.02421875 0.03046875
1 0.25859375 0.4453125 0.03125 0.03359375
1 0.3921875 0.4671875 0.0390625 0.046875
1 0.46796875 0.35703125 0.01171875 0.01484375
3 0.08671875 0.61875 0.17265625 0.240625
3 0.30625 0.4265625 0.03984375 0.0640625
3 0.34609375 0.43828125 0.0453125 0.0671875
3 0.48984375 0.34453125 0.0171875 0.02890625