1 0.7578125 0.9140625 0.1390625 0.153125
1 0.6609375 0.68984375 0.0796875 0.10859375
1 0.73984375 0.58828125 0.06484375 0.0734375
0 0.628125 0.52265625 0.0484375 0.0703125
1 0.69921875 0.5140625 0.046875 0.05078125
3 0.83046875 0.74609375 0.10234375 0.1421875
3 0.934375 0.65390625 0.13125 0.26875
3 0.8140625 0.51015625 0.10546875 0.13046875
3 0.49375 0.371875 0.0265625 0.04453125
1 0.50859375 0.4140625 0.02578125 0.03046875
1 0.521875 0.3921875 0.0171875 0.02109375
1 0.728125 0.4703125 0.028125 0.0359375
1 0.7375 0.4390625 0.034375 0.0296875
3 0.66640625 0.4609375 0.0359375 0.0421875
1 0.6921875 0.43046875 0.021875 0.0296875
3 0.65 0.4328125 0.034375 0.059375
3 0.675 0.4 0.02578125 0.03515625
3 0.6484375 0.37421875 0.0234375 0.040625
1 0.60859375 0.46953125 0.02890625 0.040625
1 0.60234375 0.43046875 0.025 0.028125
1 0.59375 0.415625 0.02421875 0.02109375
1 0.58046875 0.39921875 0.02265625 0.02890625
3 0.61640625 0.3484375 0.01875 0.02578125
1 0.57734375 0.37109375 0.02265625 0.01875
3 0.52265625 0.33671875 0.01015625 0.01875
3 0.625 0.38828125 0.025 0.02734375
3 0.475 0.36015625 0.01015625 0.03046875