3 0.315625 0.48984375 0.065625 0.09375
3 0.0796875 0.6421875 0.13046875 0.159375
1 0.37109375 0.53125 0.05234375 0.0640625
3 0.290625 0.42578125 0.0578125 0.08515625
3 0.2421875 0.5921875 0.06953125 0.0890625
3 0.35078125 0.4296875 0.040625 0.059375
1 0.30234375 0.64765625 0.0921875 0.09921875
1 0.48359375 0.38828125 0.01953125 0.0234375
3 0.39296875 0.475 0.03671875 0.04375
1 0.60078125 0.746875 0.096875 0.153125
1 0.73671875 0.58359375 0.06953125 0.071875
1 0.51015625 0.44765625 0.03203125 0.03671875
1 0.2453125 0.4578125 0.03125 0.034375
1 0.19609375 0.4890625 0.05 0.04921875
3 0.18359375 0.55 0.06171875 0.078125
4 0.5265625 0.51953125 0.04765625 0.0703125
3 0.721875 0.7 0.1109375 0.121875