1 0.39609375 0.51171875 0.05625 0.0609375
1 0.7078125 0.8421875 0.1265625 0.1515625
3 0.965625 0.68515625 0.06875 0.25859375
3 0.859375 0.54609375 0.1515625 0.1828125
1 0.765625 0.63515625 0.0796875 0.08671875
4 0.6359375 0.54765625 0.05859375 0.0828125
1 0.71484375 0.5453125 0.05703125 0.075
1 0.72734375 0.4921875 0.040625 0.04375
1 0.6203125 0.49140625 0.040625 0.05390625
3 0.67265625 0.46953125 0.03984375 0.05234375
1 0.70703125 0.44609375 0.028125 0.03984375
3 0.64921875 0.43125 0.0453125 0.0640625
3 0.503125 0.35546875 0.01953125 0.0359375
3 0.65234375 0.37109375 0.0390625 0.040625
3 0.68046875 0.4140625 0.0328125 0.04375
1 0.60625 0.4640625 0.0375 0.0328125
1 0.6015625 0.4296875 0.03125 0.0296875
1 0.5234375 0.37890625 0.01953125 0.02265625
3 0.93828125 0.928125 0.1234375 0.14375