3 0.3859375 0.525 0.053125 0.09140625
1 0.45390625 0.5828125 0.05859375 0.096875
1 0.4921875 0.47421875 0.034375 0.05859375
1 0.49765625 0.403125 0.0203125 0.03203125
1 0.5203125 0.39609375 0.021875 0.03671875
1 0.703125 0.84375 0.11875 0.1625
4 0.6734375 0.71328125 0.09453125 0.1265625
3 0.78828125 0.621875 0.125 0.17421875
3 0.92890625 0.64453125 0.1421875 0.3109375
3 0.784375 0.49765625 0.06875 0.1
3 0.709375 0.49765625 0.0921875 0.115625
0 0.653125 0.43203125 0.053125 0.07734375
1 0.6640625 0.62265625 0.0734375 0.0625
1 0.646875 0.5828125 0.059375 0.046875
1 0.62421875 0.53515625 0.04453125 0.05
1 0.6171875 0.49765625 0.0375 0.0375
1 0.61015625 0.4625 0.0375 0.03828125
1 0.59609375 0.4375 0.025 0.03125
3 0.61640625 0.3734375 0.03125 0.0515625
1 0.590625 0.41171875 0.0234375 0.0234375
1 0.584375 0.39765625 0.0265625 0.0203125
4 0.5765625 0.36640625 0.01640625 0.03203125