1 0.4015625 0.73046875 0.084375 0.1375
1 0.48671875 0.49375 0.0421875 0.05078125
1 0.70859375 0.75625 0.10625 0.1328125
1 0.65 0.59765625 0.0625 0.071875
1 0.6265625 0.55234375 0.05078125 0.0671875
1 0.7375 0.9140625 0.134375 0.171875
1 0.6171875 0.48515625 0.040625 0.05390625
1 0.671875 0.66484375 0.0859375 0.1140625
1 0.659375 0.45859375 0.03125 0.040625
1 0.528125 0.35625 0.0140625 0.01953125
1 0.63984375 0.43203125 0.02890625 0.03671875
1 0.590625 0.41171875 0.02421875 0.02890625
3 0.959375 0.89609375 0.08125 0.2
3 0.86015625 0.6671875 0.22734375 0.3265625
3 0.74296875 0.53203125 0.11171875 0.16484375
3 0.69453125 0.415625 0.05234375 0.0703125
3 0.62109375 0.3921875 0.02890625 0.0484375
3 0.6609375 0.39609375 0.025 0.04921875