1 0.6234375 0.50546875 0.04609375 0.0609375
1 0.6078125 0.47109375 0.03515625 0.04765625
1 0.63125 0.56640625 0.053125 0.07421875
1 0.66640625 0.64453125 0.07109375 0.08515625
1 0.71796875 0.82109375 0.1265625 0.1765625
3 0.90390625 0.78515625 0.1921875 0.4140625
3 0.82890625 0.53125 0.12109375 0.15390625
3 0.7390625 0.4609375 0.059375 0.096875
1 0.4046875 0.6109375 0.0734375 0.10703125
1 0.4765625 0.515625 0.04375 0.0546875
3 0.33828125 0.490625 0.06796875 0.11171875
3 0.73828125 0.58515625 0.0609375 0.08828125
1 0.528125 0.36796875 0.015625 0.02109375
3 0.415625 0.465625 0.0703125 0.12890625
1 0.709375 0.4296875 0.015625 0.03125
1 0.703125 0.52578125 0.04765625 0.05859375
1 0.67421875 0.415625 0.021875 0.03046875
1 0.66953125 0.47265625 0.04296875 0.0546875
1 0.5859375 0.4140625 0.01875 0.0296875
3 0.79921875 0.4921875 0.06875 0.08515625
3 0.64765625 0.43203125 0.0421875 0.0625
1 0.6015625 0.4421875 0.02734375 0.034375
1 0.49375 0.35234375 0.0109375 0.0140625
1 0.6109375 0.40625 0.02265625 0.0296875
3 0.5109375 0.346875 0.01640625 0.02578125
1 0.53671875 0.34140625 0.01171875 0.02578125
1 0.66875 0.38125 0.0109375 0.0171875
1 0.78046875 0.459375 0.0390625 0.03359375
1 0.60078125 0.42421875 0.02421875 0.03046875
1 0.2890625 0.96640625 0.13359375 0.06171875
1 0.59765625 0.36953125 0.01484375 0.02578125
1 0.575 0.36953125 0.01875 0.0265625