3 0.6953125 0.47265625 0.08125 0.1375
1 0.6 0.44453125 0.03046875 0.03515625
1 0.490625 0.4484375 0.03125 0.0453125
1 0.5125 0.34765625 0.01328125 0.01953125
1 0.52265625 0.378125 0.01875 0.025
1 0.63125 0.54296875 0.05546875 0.07109375
1 0.6125 0.3890625 0.02109375 0.0265625
1 0.5921875 0.4265625 0.025 0.03046875
3 0.11796875 0.85 0.2359375 0.3
3 0.603125 0.36640625 0.021875 0.0328125
1 0.6734375 0.69140625 0.08203125 0.10859375
3 0.64296875 0.41328125 0.0453125 0.0859375
1 0.61953125 0.4 0.01875 0.028125
3 0.49765625 0.340625 0.01875 0.02421875
1 0.7203125 0.91328125 0.14140625 0.16875
1 0.39375 0.73046875 0.1015625 0.1609375
3 0.36484375 0.5640625 0.0671875 0.109375
1 0.5359375 0.34609375 0.0125 0.0171875
3 0.91953125 0.63203125 0.1390625 0.14609375
3 0.40859375 0.41640625 0.05078125 0.0765625
3 0.0953125 0.71171875 0.190625 0.33046875
3 0.7859375 0.59140625 0.1328125 0.17265625
1 0.61640625 0.5015625 0.0484375 0.0671875
3 0.80703125 0.52734375 0.09375 0.09609375