1 0.0921875 0.921875 0.1546875 0.15546875
1 0.33046875 0.7234375 0.09921875 0.128125
1 0.3671875 0.5796875 0.0609375 0.07421875
1 0.4015625 0.4609375 0.03359375 0.04140625
1 0.4984375 0.45390625 0.0359375 0.0453125
1 0.5765625 0.4171875 0.025 0.0328125
3 0.3453125 0.44375 0.04140625 0.06796875
3 0.29453125 0.50078125 0.06796875 0.09453125
3 0.22578125 0.61015625 0.10703125 0.14921875
3 0.1984375 0.5125 0.08046875 0.10859375
3 0.0203125 0.73671875 0.040625 0.2015625
3 0.24375 0.4734375 0.04609375 0.0828125
3 0.29140625 0.42890625 0.04765625 0.05546875
3 0.34609375 0.39453125 0.025 0.03515625
3 0.36484375 0.378125 0.02109375 0.03203125
3 0.52578125 0.39765625 0.04296875 0.0609375
3 0.51328125 0.36484375 0.028125 0.03828125
1 0.48828125 0.4109375 0.03046875 0.03046875
1 0.3703125 0.41484375 0.02734375 0.028125
1 0.4125 0.42109375 0.02890625 0.03671875
1 0.4171875 0.3765625 0.0171875 0.0203125
1 0.4765625 0.38203125 0.0203125 0.025
1 0.40078125 0.36875 0.015625 0.02109375
1 0.384375 0.39296875 0.01953125 0.025
3 0.37265625 0.3578125 0.0265625 0.0390625
3 0.38515625 0.34609375 0.0203125 0.034375
3 0.40546875 0.34921875 0.02109375 0.040625
4 0.41640625 0.39765625 0.02265625 0.0203125