1 0.15625 0.81484375 0.121875 0.128125
1 0.3421875 0.67578125 0.0875 0.11484375
1 0.3734375 0.55703125 0.05703125 0.06953125
1 0.51796875 0.50625 0.04609375 0.0640625
1 0.40390625 0.4515625 0.0328125 0.03828125
1 0.240625 0.9640625 0.16796875 0.0703125
1 0.4984375 0.434375 0.0296875 0.03671875
1 0.5953125 0.43671875 0.02734375 0.03671875
1 0.48046875 0.39609375 0.02109375 0.0296875
1 0.3765625 0.40703125 0.021875 0.02890625
1 0.415625 0.3984375 0.0203125 0.02890625
3 0.0453125 0.70390625 0.090625 0.2921875
3 0.25078125 0.57734375 0.08515625 0.12890625
3 0.2140625 0.50234375 0.0734375 0.10625
3 0.309375 0.48515625 0.06015625 0.0875
3 0.3015625 0.4234375 0.04140625 0.04921875
3 0.35234375 0.43046875 0.03671875 0.0515625
3 0.5359375 0.41015625 0.04609375 0.06953125