1 0.5484375 0.61015625 0.06484375 0.09609375
1 0.31015625 0.73046875 0.103125 0.12890625
1 0.33984375 0.625 0.0703125 0.08125
1 0.371875 0.55078125 0.05703125 0.06796875
1 0.66796875 0.89765625 0.13671875 0.19609375
1 0.5140625 0.4796875 0.040625 0.05234375
1 0.38515625 0.50390625 0.04296875 0.053125
1 0.490625 0.43125 0.03203125 0.040625
1 0.38828125 0.478125 0.0375 0.04375
1 0.48359375 0.40078125 0.025 0.03359375
1 0.23125 0.959375 0.17109375 0.07734375
1 0.396875 0.4609375 0.034375 0.046875
1 0.40859375 0.4296875 0.02578125 0.0390625
1 0.4203125 0.37109375 0.0171875 0.02734375
1 0.29296875 0.44140625 0.02421875 0.0296875
1 0.41015625 0.4015625 0.02421875 0.03359375
1 0.4890625 0.46484375 0.02578125 0.046875
1 0.4734375 0.33046875 0.0109375 0.0125
3 0.11015625 0.80625 0.2203125 0.3875
3 0.60078125 0.48984375 0.071875 0.10625
3 0.128125 0.56328125 0.10078125 0.09453125
0 0.2671875 0.534375 0.11484375 0.15703125
0 0.553125 0.42890625 0.05078125 0.08671875
3 0.33046875 0.45 0.053125 0.07890625
3 0.36015625 0.40234375 0.04765625 0.07421875
3 0.60703125 0.41796875 0.05546875 0.05234375