1 0.3171875 0.7625 0.10234375 0.1234375
3 0.17265625 0.6640625 0.128125 0.17265625
3 0.078125 0.625 0.1265625 0.19296875
3 0.16953125 0.5328125 0.08125 0.103125
1 0.38359375 0.528125 0.04921875 0.059375
3 0.228125 0.48984375 0.06328125 0.09296875
3 0.81875 0.61171875 0.14765625 0.21640625
1 0.50234375 0.4625 0.03359375 0.046875
1 0.396875 0.471875 0.03515625 0.04609375
1 0.33984375 0.4671875 0.0359375 0.04609375
3 0.2890625 0.51640625 0.071875 0.09296875
3 0.31484375 0.42265625 0.03671875 0.046875
3 0.34375 0.39609375 0.02578125 0.0421875
3 0.3625 0.36953125 0.028125 0.0484375
3 0.371875 0.35390625 0.0234375 0.0421875
3 0.39453125 0.35859375 0.02734375 0.040625
3 0.55390625 0.440625 0.04140625 0.05234375
3 0.57265625 0.4125 0.0296875 0.04140625
3 0.4984375 0.36171875 0.02578125 0.040625
3 0.48828125 0.34375 0.02109375 0.03515625
4 0.40625 0.44140625 0.03203125 0.0421875
1 0.36015625 0.42421875 0.028125 0.03125
1 0.3359375 0.44921875 0.02890625 0.02890625
1 0.38984375 0.38515625 0.02109375 0.02578125
1 0.41015625 0.39921875 0.02421875 0.02890625
1 0.42109375 0.38125 0.0171875 0.02109375
1 0.5234375 0.36796875 0.01640625 0.02109375
1 0.48203125 0.4 0.025 0.03125
1 0.46875 0.36328125 0.015625 0.025
3 0.4109375 0.3421875 0.0203125 0.02890625
1 0.4375 0.390625 0.01796875 0.02890625
3 0.4234375 0.33359375 0.01484375 0.03046875