1 0.39453125 0.46484375 0.0375 0.04609375
1 0.35078125 0.446875 0.03359375 0.04140625
3 0.39921875 0.3640625 0.02109375 0.03203125
1 0.48984375 0.35546875 0.01328125 0.015625
1 0.415625 0.403125 0.021875 0.028125
1 0.42890625 0.35703125 0.0109375 0.0171875
1 0.49765625 0.3828125 0.01875 0.025
3 0.0578125 0.66484375 0.11484375 0.18828125
1 0.2828125 0.54765625 0.05859375 0.06875
3 0.34375 0.36796875 0.0375 0.040625
1 0.359375 0.6109375 0.06796875 0.08828125
3 0.47890625 0.33828125 0.0140625 0.01953125
4 0.3796875 0.53125 0.05078125 0.071875
3 0.4875 0.4125 0.02734375 0.0359375
1 0.2953125 0.79453125 0.109375 0.13359375
1 0.2125 0.64453125 0.075 0.08515625
3 0.3234375 0.40234375 0.0515625 0.07890625
1 0.178125 0.75 0.10703125 0.1234375
3 0.2765625 0.4625 0.0484375 0.07734375
1 0.40546875 0.43203125 0.02734375 0.03046875
3 0.38203125 0.3609375 0.0140625 0.025
3 0.36796875 0.39453125 0.04296875 0.07578125
3 0.92265625 0.765625 0.1546875 0.23359375
3 0.58671875 0.4625 0.0578125 0.08828125
3 0.2171875 0.52109375 0.06640625 0.0890625
1 0.2671875 0.42734375 0.028125 0.01875
3 0.5140625 0.3546875 0.01953125 0.0265625