1 0.7390625 0.9125 0.13515625 0.1671875
1 0.7078125 0.75546875 0.10546875 0.13203125
1 0.671875 0.66484375 0.08671875 0.11328125
1 0.6234375 0.54296875 0.04765625 0.065625
1 0.64765625 0.59375 0.06015625 0.06953125
1 0.65234375 0.44765625 0.0296875 0.03828125
1 0.6125 0.46875 0.0359375 0.0515625
1 0.60234375 0.44453125 0.03125 0.03671875
1 0.6359375 0.42578125 0.0265625 0.03125
3 0.9453125 0.87734375 0.10390625 0.23984375
1 0.521875 0.37734375 0.01640625 0.02265625
1 0.9734375 0.728125 0.053125 0.078125
1 0.5125 0.3609375 0.01328125 0.0203125
3 0.75 0.53359375 0.11015625 0.17109375
3 0.84375 0.653125 0.2171875 0.31171875
3 0.6875 0.41328125 0.0453125 0.0625