1 0.17890625 0.76875 0.10859375 0.11875
1 0.34765625 0.65546875 0.08203125 0.1078125
1 0.375 0.546875 0.053125 0.065625
1 0.5328125 0.5484375 0.05546875 0.078125
1 0.24921875 0.9359375 0.1640625 0.12265625
1 0.60703125 0.4484375 0.0328125 0.040625
1 0.5046875 0.44921875 0.034375 0.0421875
1 0.4046875 0.4453125 0.0296875 0.03671875
1 0.48203125 0.40390625 0.02265625 0.03046875
1 0.37734375 0.40390625 0.02109375 0.02890625
1 0.4140625 0.4125 0.02265625 0.02890625
1 0.3875 0.38671875 0.01796875 0.0234375
3 0.35625 0.42578125 0.0375 0.053125
1 0.403125 0.36484375 0.01640625 0.0203125
1 0.41796875 0.39375 0.01953125 0.0265625
3 0.05703125 0.69453125 0.1140625 0.29921875
3 0.259375 0.55859375 0.0890625 0.1234375
3 0.221875 0.4953125 0.065625 0.1015625
3 0.31328125 0.47578125 0.0578125 0.07890625
3 0.53984375 0.41484375 0.04921875 0.07265625
3 0.3046875 0.4203125 0.0453125 0.05
3 0.5796875 0.4078125 0.0328125 0.05234375