3 0.89375 0.728125 0.18125 0.26484375
3 0.64609375 0.52109375 0.0890625 0.14453125
3 0.09296875 0.82578125 0.1859375 0.34765625
3 0.0453125 0.665625 0.090625 0.21015625
3 0.19453125 0.63671875 0.13203125 0.1578125
3 0.171875 0.52265625 0.1296875 0.153125
3 0.27109375 0.53359375 0.08203125 0.11796875
3 0.38203125 0.38125 0.02578125 0.04375
3 0.34453125 0.3796875 0.02890625 0.0453125
3 0.32421875 0.41875 0.03671875 0.04375
1 0.23046875 0.9375 0.153125 0.12421875
1 0.29296875 0.80859375 0.10859375 0.11953125
1 0.31953125 0.6625 0.08359375 0.09609375
1 0.3890625 0.5734375 0.0546875 0.0734375
1 0.57734375 0.67890625 0.08828125 0.125
1 0.6875 0.66953125 0.08671875 0.12109375
1 0.5796875 0.47890625 0.0421875 0.04609375
1 0.6890625 0.509375 0.02421875 0.04765625
1 0.57890625 0.421875 0.0296875 0.03984375
1 0.50859375 0.45859375 0.040625 0.04609375
1 0.390625 0.490625 0.0390625 0.0453125
1 0.3390625 0.46796875 0.03203125 0.034375
1 0.2734375 0.45703125 0.0375 0.03671875
3 0.31796875 0.50234375 0.04296875 0.06171875
1 0.4078125 0.43984375 0.03125 0.034375
1 0.3609375 0.4328125 0.02890625 0.03515625
1 0.40859375 0.40859375 0.0296875 0.02890625
1 0.37265625 0.41015625 0.02421875 0.01796875
1 0.48984375 0.41015625 0.0234375 0.0328125
1 0.37890625 0.53359375 0.0484375 0.053125
1 0.475 0.38125 0.02578125 0.03359375
1 0.5140625 0.3921875 0.02265625 0.02265625
3 0.371875 0.3609375 0.0328125 0.05078125
3 0.4 0.35390625 0.03046875 0.0375