1 0.2640625 0.5828125 0.06484375 0.0796875
1 0.36171875 0.55234375 0.05390625 0.06640625
1 0.18359375 0.57109375 0.059375 0.065625
1 0.3046875 0.50234375 0.0453125 0.0546875
1 0.38984375 0.4734375 0.0390625 0.05
1 0.5484375 0.55 0.05859375 0.07734375
1 0.1046875 0.83203125 0.13515625 0.15546875
1 0.5640625 0.50859375 0.04765625 0.0671875
1 0.57734375 0.4796875 0.04296875 0.05546875
1 0.396875 0.44921875 0.0328125 0.0484375
1 0.48984375 0.35234375 0.0125 0.01640625
1 0.22421875 0.4640625 0.0140625 0.03359375
1 0.28515625 0.421875 0.02734375 0.02890625
1 0.4203125 0.39921875 0.02421875 0.03671875
1 0.403125 0.41796875 0.028125 0.03984375
3 0.546875 0.41328125 0.034375 0.0640625
3 0.25625 0.4734375 0.0546875 0.08203125
3 0.33671875 0.44921875 0.05 0.0703125
3 0.32734375 0.3921875 0.0390625 0.0578125