1 0.29140625 0.80703125 0.1 0.1203125
1 0.31875 0.66640625 0.0859375 0.10078125
1 0.55 0.6015625 0.06796875 0.096875
1 0.2296875 0.93984375 0.15625 0.11640625
1 0.3875 0.57734375 0.05859375 0.07890625
1 0.38671875 0.49921875 0.0421875 0.04921875
1 0.5640625 0.46015625 0.0296875 0.03984375
1 0.64921875 0.60625 0.0671875 0.1
1 0.65546875 0.4890625 0.03125 0.0484375
1 0.4078125 0.4453125 0.0296875 0.03125
1 0.503125 0.44296875 0.03203125 0.046875
1 0.2703125 0.46328125 0.03671875 0.0390625
1 0.33515625 0.47109375 0.0359375 0.0453125
1 0.509375 0.38515625 0.01796875 0.021875
1 0.37890625 0.53515625 0.046875 0.06015625
1 0.4859375 0.40234375 0.0234375 0.02734375
1 0.35625 0.43515625 0.03046875 0.0375
1 0.41015625 0.4109375 0.0265625 0.03125
1 0.56953125 0.41640625 0.025 0.03125
1 0.3703125 0.41015625 0.025 0.0296875
1 0.31796875 0.50390625 0.0375 0.059375
1 0.471875 0.375 0.01796875 0.02265625
1 0.51015625 0.36640625 0.01796875 0.021875
1 0.50234375 0.37265625 0.01484375 0.01953125
3 0.79921875 0.6328125 0.12734375 0.1875
3 0.61015625 0.4921875 0.065625 0.1140625
3 0.090625 0.828125 0.18125 0.34375
3 0.04453125 0.66796875 0.0890625 0.17734375
3 0.19453125 0.64453125 0.12109375 0.17109375
3 0.165625 0.51953125 0.11796875 0.1390625
3 0.2671875 0.53828125 0.0796875 0.12890625