1 0.11328125 0.796875 0.1296875 0.16328125
1 0.29296875 0.76875 0.1171875 0.153125
1 0.86171875 0.92109375 0.1671875 0.1578125
1 0.8140625 0.6359375 0.1125 0.1078125
1 0.6640625 0.6109375 0.078125 0.10546875
1 0.553125 0.603125 0.0640625 0.1078125
1 0.3625 0.58984375 0.0625 0.06328125
3 0.2671875 0.54921875 0.09765625 0.13515625
1 0.16640625 0.57421875 0.05859375 0.06875
1 0.1078125 0.5671875 0.0765625 0.08125
3 0.246875 0.4578125 0.08671875 0.11328125
3 0.30078125 0.41171875 0.053125 0.08046875
1 0.325 0.48046875 0.040625 0.04453125
1 0.3796875 0.4828125 0.040625 0.0484375
0 0.5734375 0.46328125 0.065625 0.09140625
3 0.3390625 0.43828125 0.04140625 0.06015625
3 0.36171875 0.4140625 0.0359375 0.05625
1 0.40234375 0.45078125 0.02734375 0.0296875
1 0.40234375 0.42265625 0.0328125 0.025
1 0.61953125 0.46328125 0.0328125 0.04609375
1 0.490625 0.434375 0.02578125 0.02890625