1 0.29453125 0.8375 0.1140625 0.15546875
1 0.3390625 0.62578125 0.078125 0.0859375
4 0.3265625 0.71640625 0.0921875 0.13359375
1 0.36015625 0.56328125 0.05859375 0.0640625
1 0.3890625 0.50234375 0.04375 0.053125
1 0.4 0.4609375 0.0328125 0.0421875
1 0.52421875 0.3671875 0.01796875 0.0234375
1 0.22265625 0.975 0.15859375 0.04296875
3 0.33828125 0.446875 0.046875 0.06953125
1 0.41015625 0.40625 0.0234375 0.02734375
1 0.41640625 0.38828125 0.02265625 0.03046875
1 0.421875 0.37109375 0.0171875 0.0203125
3 0.1734375 0.65234375 0.1625 0.28125
3 0.53984375 0.415625 0.0421875 0.0578125
3 0.23828125 0.459375 0.0859375 0.125
3 0.303125 0.42109375 0.03828125 0.06015625