1 0.66875 0.6796875 0.08125 0.10625
1 0.71484375 0.89609375 0.13359375 0.18203125
1 0.63046875 0.5375 0.05546875 0.06796875
1 0.4859375 0.4671875 0.04140625 0.05078125
1 0.615625 0.49765625 0.0484375 0.0640625
1 0.31953125 0.9015625 0.15625 0.1921875
1 0.51015625 0.40859375 0.02265625 0.03125
1 0.6 0.44375 0.03046875 0.0359375
1 0.5203125 0.3828125 0.01953125 0.02578125
3 0.6453125 0.409375 0.04765625 0.0734375
1 0.9609375 0.8984375 0.0765625 0.2
1 0.59140625 0.4265625 0.02421875 0.0328125
3 0.69453125 0.47421875 0.07890625 0.13828125
3 0.31796875 0.62890625 0.0859375 0.1421875
3 0.78046875 0.5796875 0.12265625 0.15390625
3 0.3984375 0.421875 0.05234375 0.08203125
3 0.9078125 0.625 0.11875 0.13828125
1 0.99921875 0.184375 0.0015625 0.01015625
3 0.04609375 0.75234375 0.0921875 0.32421875