1 0.13046875 0.8609375 0.15234375 0.16015625
3 0.2328125 0.5953125 0.10703125 0.1640625
3 0.2046875 0.5015625 0.075 0.10859375
3 0.30078125 0.4953125 0.0609375 0.09140625
1 0.33671875 0.6984375 0.0921875 0.1234375
3 0.5328125 0.3984375 0.03984375 0.06328125
1 0.36953125 0.5671875 0.05859375 0.07109375
3 0.2953125 0.428125 0.0421875 0.05625
3 0.5640625 0.3953125 0.028125 0.0453125
1 0.50859375 0.47734375 0.03828125 0.05078125
1 0.40234375 0.45625 0.034375 0.03828125
3 0.03359375 0.72109375 0.0671875 0.26171875
1 0.5875 0.42578125 0.02578125 0.0328125
1 0.49296875 0.421875 0.028125 0.03359375
1 0.478125 0.38828125 0.01953125 0.02578125
3 0.3484375 0.39609375 0.0234375 0.0359375
3 0.375 0.36171875 0.02734375 0.04453125
3 0.4078125 0.3515625 0.025 0.0390625
1 0.37421875 0.41015625 0.0234375 0.03203125
1 0.4125 0.41953125 0.025 0.03046875
3 0.35 0.44140625 0.04296875 0.0546875
3 0.25078125 0.46484375 0.04140625 0.07734375