1 0.6359375 0.84609375 0.134375 0.22109375
1 0.3328125 0.62890625 0.07265625 0.09140625
1 0.6640625 0.60390625 0.07109375 0.10390625
1 0.590625 0.48984375 0.0453125 0.05859375
1 0.525 0.51484375 0.0515625 0.06953125
1 0.12578125 0.62734375 0.0828125 0.0875
1 0.04296875 0.91875 0.084375 0.15390625
1 0.25 0.953125 0.13671875 0.09375
1 0.38359375 0.48359375 0.04296875 0.05234375
1 0.37734375 0.534375 0.04609375 0.0546875
1 0.546875 0.44296875 0.0328125 0.04296875
4 0.709375 0.55078125 0.06328125 0.0859375
1 0.49375 0.4265625 0.028125 0.0375
3 0.578125 0.41953125 0.03203125 0.0484375
1 0.4140625 0.43515625 0.02734375 0.03515625
1 0.51953125 0.396875 0.01953125 0.02578125
1 0.5203125 0.365625 0.01484375 0.0203125
1 0.5515625 0.38984375 0.021875 0.02890625
1 0.47890625 0.40390625 0.02109375 0.02890625
1 0.5015625 0.3859375 0.01953125 0.0265625
1 0.5328125 0.3796875 0.015625 0.02265625
1 0.4765625 0.378125 0.0171875 0.0234375
1 0.3765625 0.4046875 0.0234375 0.03046875
3 0.17265625 0.678125 0.1734375 0.2265625
1 0.1078125 0.55859375 0.05 0.06328125
1 0.01171875 0.7265625 0.0234375 0.08046875
3 0.1828125 0.5125 0.125 0.140625
3 0.2640625 0.44609375 0.06953125 0.1046875
3 0.31796875 0.47421875 0.05625 0.0828125
3 0.3421875 0.440625 0.04296875 0.06328125
1 0.3671875 0.428125 0.01796875 0.03515625
3 0.3609375 0.38046875 0.021875 0.0328125
3 0.3671875 0.359375 0.01953125 0.028125
1 0.54296875 0.4234375 0.0296875 0.0375
0 0.496875 0.359375 0.02421875 0.04296875
1 0.496875 0.37265625 0.01875 0.02421875