1 0.290625 0.809375 0.10078125 0.1203125
3 0.0953125 0.8234375 0.190625 0.353125
1 0.31171875 0.69296875 0.0921875 0.1078125
1 0.38125 0.60859375 0.06328125 0.08359375
1 0.22734375 0.94140625 0.15625 0.11640625
1 0.4984375 0.4609375 0.03125 0.04453125
1 0.31875 0.49765625 0.04375 0.0515625
1 0.3796875 0.5234375 0.0453125 0.0546875
3 0.2453125 0.5625 0.09140625 0.12890625
1 0.40078125 0.4765625 0.0359375 0.040625
3 0.57421875 0.41328125 0.0359375 0.05078125
1 0.3765625 0.55234375 0.0484375 0.0484375
3 0.30546875 0.5265625 0.04375 0.06796875
3 0.196875 0.640625 0.1296875 0.1640625
3 0.3328125 0.40078125 0.04140625 0.06953125
3 0.36875 0.4 0.03515625 0.0515625
1 0.525 0.51484375 0.0453125 0.06875
1 0.23828125 0.490625 0.04140625 0.0328125
3 0.51640625 0.38671875 0.02890625 0.05
3 0.11953125 0.57265625 0.14453125 0.1953125
1 0.33671875 0.4625 0.0359375 0.04296875
1 0.4859375 0.41328125 0.0265625 0.034375
3 0.6203125 0.5328125 0.07421875 0.10078125
1 0.540625 0.428125 0.0296875 0.03671875
1 0.4796875 0.378125 0.0171875 0.0203125
3 0.3890625 0.3875 0.02578125 0.03828125
3 0.0359375 0.67890625 0.071875 0.19296875
3 0.2953125 0.446875 0.046875 0.05546875
1 0.615625 0.47109375 0.0484375 0.0453125
3 0.35703125 0.42890625 0.03203125 0.03828125
1 0.4015625 0.43671875 0.03125 0.03515625
3 0.3640625 0.36015625 0.0234375 0.03671875
1 0.4703125 0.36171875 0.015625 0.01484375
1 0.490625 0.359375 0.015625 0.0171875
1 0.5515625 0.39921875 0.01484375 0.0234375
1 0.53203125 0.37421875 0.0109375 0.02265625