1 0.85859375 0.8484375 0.1578125 0.21796875
1 0.30703125 0.771875 0.11484375 0.1484375
1 0.0640625 0.75703125 0.103125 0.15625
1 0.0921875 0.5984375 0.0890625 0.1015625
1 0.35546875 0.5640625 0.065625 0.0890625
1 0.534375 0.5421875 0.06484375 0.090625
1 0.6453125 0.58984375 0.07109375 0.0890625
1 0.684375 0.55 0.07109375 0.090625
1 0.65078125 0.48046875 0.07109375 0.0703125
1 0.38828125 0.49296875 0.0421875 0.0546875
1 0.5578125 0.45625 0.040625 0.05546875
1 0.49765625 0.46171875 0.0375 0.05
1 0.590625 0.42421875 0.0375 0.04609375
1 0.5296875 0.4296875 0.0296875 0.03671875
3 0.2109375 0.628125 0.153125 0.19921875
3 0.21171875 0.4859375 0.1046875 0.11953125
3 0.27734375 0.434375 0.0578125 0.09453125
3 0.3234375 0.4640625 0.04921875 0.06015625
3 0.346875 0.43125 0.0421875 0.06484375
1 0.4875 0.40859375 0.02421875 0.03203125
1 0.3921875 0.4484375 0.034375 0.04140625
1 0.51796875 0.4 0.025 0.03203125
1 0.5625 0.40546875 0.02734375 0.034375