1 0.40625 0.42265625 0.0265625 0.03203125
3 0.19921875 0.490625 0.11953125 0.1546875
1 0.38125 0.51796875 0.046875 0.05625
3 0.28203125 0.4421875 0.0453125 0.07578125
3 0.41953125 0.33671875 0.0125 0.02421875
3 0.50390625 0.36875 0.03046875 0.03984375
3 0.409375 0.34921875 0.01484375 0.028125
1 0.428125 0.3734375 0.01484375 0.0203125
3 0.34609375 0.42421875 0.05625 0.07578125
3 0.3828125 0.37421875 0.03828125 0.0421875
1 0.41875 0.38125 0.01796875 0.0203125
1 0.4640625 0.3421875 0.0109375 0.01015625
1 0.4140625 0.396875 0.02421875 0.03125
3 0.48203125 0.3390625 0.01875 0.03359375
0 0.3703125 0.39375 0.0421875 0.06328125
1 0.2953125 0.83515625 0.11875 0.16015625
1 0.22421875 0.97578125 0.1546875 0.04765625
1 0.3375 0.63359375 0.08125 0.08828125
1 0.3546875 0.57578125 0.06328125 0.05546875
1 0.69609375 0.9375 0.1484375 0.125
4 0.32578125 0.7140625 0.09453125 0.13359375
3 0.08203125 0.82265625 0.1640625 0.3515625
3 0.0875 0.59609375 0.175 0.1921875
3 0.31171875 0.48203125 0.06328125 0.09453125
3 0.3109375 0.4125 0.0328125 0.03984375
1 0.39375 0.48046875 0.0375 0.04921875