3 0.09140625 0.65078125 0.13046875 0.15859375
3 0.2921875 0.496875 0.090625 0.14765625
3 0.2203125 0.49140625 0.10234375 0.1609375
3 0.2875 0.4046875 0.06796875 0.06328125
3 0.3328125 0.39765625 0.03125 0.0515625
3 0.51640625 0.3765625 0.0328125 0.05625
3 0.58125 0.42265625 0.03828125 0.04375
3 0.4875 0.34609375 0.01484375 0.02578125
3 0.3828125 0.38125 0.03046875 0.05078125
3 0.3671875 0.40390625 0.0328125 0.05625
3 0.35546875 0.38046875 0.02421875 0.03515625
4 0.334375 0.696875 0.090625 0.1328125
1 0.29765625 0.83125 0.11484375 0.15546875
1 0.23046875 0.9703125 0.1453125 0.05859375
1 0.1921875 0.70390625 0.10390625 0.11796875
1 0.35625 0.58828125 0.06484375 0.08125
1 0.159375 0.52265625 0.04453125 0.05390625
1 0.3734375 0.52578125 0.05 0.0546875
1 0.40078125 0.46640625 0.0375 0.0453125
1 0.409375 0.42890625 0.02421875 0.028125
1 0.41640625 0.3859375 0.01953125 0.025
1 0.4796875 0.39921875 0.021875 0.025