1 0.60625 0.3796875 0.01875 0.02265625
1 0.6140625 0.4890625 0.04140625 0.0515625
3 0.48125 0.36015625 0.01875 0.02734375
1 0.52421875 0.36953125 0.01484375 0.02109375
3 0.621875 0.3546875 0.02421875 0.028125
1 0.59453125 0.43984375 0.0296875 0.03359375
1 0.5171875 0.39296875 0.021875 0.028125
1 0.53125 0.35625 0.0125 0.021875
1 0.6109375 0.39140625 0.01796875 0.025
3 0.5984375 0.36015625 0.01796875 0.02890625
1 0.725 0.85078125 0.12265625 0.15546875
1 0.63125 0.559375 0.05234375 0.07109375
1 0.659375 0.66640625 0.08203125 0.10234375
3 0.50859375 0.35546875 0.01875 0.0296875
3 0.4671875 0.38359375 0.02265625 0.03046875
1 0.58515625 0.390625 0.0203125 0.028125
0 0.871875 0.74140625 0.25625 0.36171875
3 0.91875 0.60625 0.1234375 0.12578125
3 0.81640625 0.52734375 0.08359375 0.07734375
3 0.7546875 0.4890625 0.06328125 0.09609375
3 0.71015625 0.5015625 0.0890625 0.11484375
3 0.6671875 0.43515625 0.06875 0.1125
3 0.63671875 0.4 0.046875 0.06875
1 0.40703125 0.70859375 0.10546875 0.159375