1 0.38671875 0.79609375 0.115625 0.178125
1 0.4640625 0.515625 0.04453125 0.06328125
1 0.6859375 0.690625 0.0875 0.11171875
1 0.73828125 0.91328125 0.134375 0.16953125
1 0.6515625 0.5953125 0.0703125 0.09609375
1 0.61015625 0.48046875 0.03828125 0.04453125
1 0.596875 0.45078125 0.0296875 0.04140625
1 0.5 0.440625 0.028125 0.0453125
1 0.48125 0.42109375 0.02578125 0.0390625
3 0.521875 0.3828125 0.01953125 0.03125
3 0.49140625 0.378125 0.01796875 0.034375
1 0.590625 0.428125 0.0234375 0.03359375
3 0.43828125 0.3984375 0.03359375 0.04765625
3 0.92421875 0.84140625 0.1515625 0.30859375
3 0.121875 0.875 0.24375 0.25
3 0.77578125 0.57109375 0.15546875 0.228125
3 0.934375 0.63203125 0.13046875 0.13046875
3 0.6671875 0.44296875 0.05859375 0.10625