1 0.30234375 0.83359375 0.12734375 0.16171875
1 0.3515625 0.63203125 0.071875 0.090625
1 0.52890625 0.521875 0.05 0.0703125
1 0.39453125 0.4828125 0.0390625 0.0453125
1 0.3609375 0.43046875 0.02734375 0.0359375
1 0.5515625 0.39140625 0.01875 0.02421875
1 0.40546875 0.440625 0.0265625 0.0359375
1 0.37578125 0.40234375 0.021875 0.028125
1 0.4125 0.41484375 0.02578125 0.03515625
1 0.48125 0.40234375 0.02265625 0.0265625
1 0.396875 0.3734375 0.0171875 0.02109375
1 0.478125 0.3828125 0.01875 0.02421875
3 0.67890625 0.60546875 0.096875 0.14609375
1 0.4703125 0.365625 0.0140625 0.0171875
1 0.415625 0.390625 0.02109375 0.02421875
1 0.5125 0.38671875 0.0265625 0.02890625
3 0.7171875 0.55703125 0.08125 0.08984375
3 0.14921875 0.72734375 0.15078125 0.21796875
3 0.16640625 0.5484375 0.090625 0.1328125
3 0.265625 0.540625 0.08046875 0.11171875
3 0.26796875 0.45234375 0.04921875 0.065625
3 0.3265625 0.4640625 0.04765625 0.06875