1 0.92578125 0.71171875 0.090625 0.10703125
1 0.6671875 0.66171875 0.07890625 0.0953125
1 0.7765625 0.64921875 0.078125 0.09609375
1 0.4421875 0.58359375 0.0546875 0.08046875
1 0.621875 0.50703125 0.04453125 0.05390625
1 0.8546875 0.5328125 0.05390625 0.06328125
1 0.76328125 0.45703125 0.03671875 0.0359375
1 0.6015625 0.46875 0.0359375 0.046875
1 0.5109375 0.4046875 0.0265625 0.03046875
1 0.59375 0.41640625 0.0296875 0.03125
1 0.60234375 0.42734375 0.03046875 0.02890625
3 0.7109375 0.52421875 0.05 0.0703125
3 0.79296875 0.5234375 0.0765625 0.1015625
3 0.7453125 0.4796875 0.03515625 0.05546875
3 0.6828125 0.40625 0.04609375 0.078125
3 0.6703125 0.45859375 0.053125 0.0890625
3 0.64296875 0.4171875 0.0359375 0.0515625
3 0.628125 0.4 0.0265625 0.046875
3 0.6578125 0.375 0.0328125 0.0453125
3 0.71875 0.4109375 0.0390625 0.06015625
3 0.4890625 0.3671875 0.0234375 0.040625
3 0.51875 0.3265625 0.01171875 0.021875
3 0.60703125 0.36640625 0.0203125 0.03515625
3 0.62734375 0.35859375 0.02578125 0.03828125
3 0.6109375 0.33984375 0.01796875 0.0203125
3 0.59296875 0.3625 0.01640625 0.03046875
1 0.48046875 0.39765625 0.0203125 0.0296875
1 0.51953125 0.3390625 0.0125 0.015625