1 0.2609375 0.915625 0.1390625 0.16875
1 0.29296875 0.75703125 0.10703125 0.13359375
1 0.3296875 0.6640625 0.0875 0.1171875
1 0.37265625 0.5421875 0.05 0.05859375
1 0.390625 0.496875 0.040625 0.05390625
1 0.3609375 0.4296875 0.025 0.0296875
1 0.37421875 0.41015625 0.02109375 0.02890625
1 0.4828125 0.396875 0.025 0.02890625
1 0.471875 0.365625 0.0171875 0.0203125
3 0.64375 0.61171875 0.0796875 0.09453125
3 0.065625 0.8671875 0.13125 0.26484375
3 0.153125 0.65546875 0.22734375 0.315625
3 0.2890625 0.48984375 0.0953125 0.13515625
3 0.22109375 0.48125 0.06640625 0.04453125
3 0.2609375 0.43125 0.06640625 0.05625
3 0.33359375 0.403125 0.034375 0.05546875
3 0.53125 0.3953125 0.0328125 0.0515625
3 0.353125 0.3796875 0.03359375 0.040625