1 0.2953125 0.8359375 0.121875 0.153125
1 0.346875 0.60859375 0.07265625 0.08984375
1 0.0734375 0.92109375 0.146875 0.1578125
4 0.32578125 0.7171875 0.090625 0.1328125
1 0.36328125 0.55 0.053125 0.06015625
1 0.3953125 0.48125 0.040625 0.05078125
1 0.23125 0.9671875 0.15390625 0.0578125
1 0.4140625 0.39296875 0.02109375 0.0265625
1 0.54609375 0.3890625 0.02265625 0.03046875
1 0.47265625 0.37109375 0.01484375 0.01875
3 0.6578125 0.56484375 0.11953125 0.16640625
3 0.03828125 0.74453125 0.0765625 0.18984375
3 0.25 0.5484375 0.1171875 0.19375
3 0.265625 0.42734375 0.0765625 0.08125
3 0.32109375 0.40546875 0.0328125 0.05546875
3 0.35703125 0.42109375 0.03671875 0.05703125
3 0.5015625 0.36171875 0.02421875 0.040625
1 0.40546875 0.446875 0.03046875 0.03828125