3 0.09375 0.82734375 0.1875 0.34453125
1 0.2921875 0.809375 0.1078125 0.13203125
3 0.76796875 0.59296875 0.115625 0.17265625
1 0.3171875 0.671875 0.0890625 0.10390625
1 0.2296875 0.9390625 0.15625 0.11640625
1 0.540625 0.5765625 0.06328125 0.0859375
1 0.3875 0.58203125 0.0578125 0.07890625
3 0.16015625 0.53671875 0.12265625 0.1703125
1 0.3859375 0.50078125 0.04140625 0.0484375
3 0.2640625 0.5453125 0.08359375 0.12890625
1 0.64140625 0.47890625 0.03515625 0.0453125
3 0.59609375 0.478125 0.0640625 0.10625
3 0.19296875 0.6421875 0.12109375 0.1609375
1 0.63515625 0.5828125 0.0625 0.09140625
1 0.55625 0.45234375 0.0234375 0.0390625
1 0.50078125 0.4375 0.0296875 0.03984375
1 0.4078125 0.446875 0.02890625 0.03125
1 0.378125 0.54140625 0.04609375 0.05859375
1 0.33359375 0.47265625 0.034375 0.046875
3 0.38203125 0.384375 0.03046875 0.04453125
3 0.34375 0.3828125 0.03203125 0.04765625
1 0.3546875 0.4375 0.03046875 0.03515625
1 0.484375 0.4015625 0.0234375 0.02421875
1 0.50703125 0.38203125 0.0171875 0.02109375
1 0.26796875 0.46484375 0.03671875 0.0390625
1 0.6671875 0.9765625 0.12109375 0.0453125
3 0.040625 0.68515625 0.08125 0.2234375
1 0.565625 0.4125 0.02578125 0.03125
1 0.36875 0.41171875 0.025 0.03046875
3 0.31953125 0.4234375 0.0359375 0.04140625
1 0.3171875 0.503125 0.03984375 0.0578125
1 0.41015625 0.41328125 0.028125 0.03359375
1 0.47109375 0.37265625 0.01796875 0.021875
3 0.40234375 0.35859375 0.021875 0.0390625
1 0.50859375 0.3625 0.015625 0.01953125
3 0.12265625 0.728125 0.11484375 0.1375
1 0.4765625 0.4453125 0.0234375 0.0296875