1 0.590625 0.4234375 0.028125 0.03671875
3 0.59609375 0.35078125 0.0265625 0.040625
1 0.59921875 0.365625 0.01953125 0.02109375
1 0.51328125 0.4046875 0.0296875 0.03359375
1 0.6 0.4640625 0.03515625 0.04140625
1 0.50546875 0.44296875 0.03515625 0.0421875
1 0.42578125 0.41328125 0.0234375 0.03046875
1 0.5234375 0.378125 0.01953125 0.025
1 0.61796875 0.3921875 0.0203125 0.02578125
3 0.80390625 0.51015625 0.08984375 0.10859375
1 0.6296875 0.41640625 0.0234375 0.03203125
3 0.7828125 0.61953125 0.11875 0.1625
1 0.6359375 0.58515625 0.06015625 0.078125
1 0.921875 0.93671875 0.15546875 0.1265625
1 0.675 0.734375 0.10859375 0.1328125
1 0.32734375 0.90078125 0.1484375 0.19765625
3 0.76015625 0.471875 0.0578125 0.0859375
3 0.70859375 0.50546875 0.07578125 0.0984375
3 0.7140625 0.4328125 0.05390625 0.0578125
3 0.65625 0.4453125 0.04296875 0.065625
3 0.65546875 0.3953125 0.02578125 0.0359375
3 0.6375 0.3765625 0.0203125 0.03125
3 0.6265625 0.35859375 0.03125 0.04609375
3 0.478125 0.39296875 0.03828125 0.0546875
3 0.44375 0.384375 0.02890625 0.04296875
3 0.465625 0.3640625 0.0234375 0.01953125
3 0.48984375 0.3609375 0.02421875 0.04609375
1 0.52734375 0.346875 0.01328125 0.01328125
4 0.5859375 0.4046875 0.025 0.0328125
1 0.58203125 0.378125 0.01640625 0.021875