1 0.3859375 0.5234375 0.05546875 0.06796875
1 0.6609375 0.61328125 0.06875 0.0859375
1 0.4609375 0.55703125 0.06328125 0.08671875
4 0.28203125 0.6828125 0.0921875 0.1328125
1 0.61328125 0.47421875 0.0390625 0.0484375
1 0.95546875 0.88984375 0.0890625 0.14609375
1 0.859375 0.609375 0.07109375 0.0796875
1 0.61875 0.52578125 0.04453125 0.0515625
1 0.4390625 0.46015625 0.0375 0.04765625
1 0.5015625 0.43828125 0.03046875 0.0421875
1 0.740625 0.93203125 0.134375 0.13359375
1 0.47421875 0.40390625 0.0234375 0.0296875
1 0.44375 0.39609375 0.0234375 0.03046875
4 0.22890625 0.61328125 0.08046875 0.11171875
1 0.4109375 0.428125 0.0328125 0.04765625
1 0.47578125 0.36875 0.01640625 0.021875
1 0.521875 0.38203125 0.0171875 0.021875
1 0.97578125 0.69921875 0.0484375 0.1046875
1 0.8703125 0.54140625 0.0390625 0.05546875
1 0.2890625 0.98203125 0.1125 0.034375
1 0.49765625 0.38046875 0.01953125 0.0265625
1 0.5328125 0.35703125 0.0125 0.01796875
1 0.57890625 0.39609375 0.01953125 0.021875
1 0.63828125 0.38125 0.02109375 0.02734375
3 0.8234375 0.66875 0.15859375 0.20546875
3 0.81171875 0.5046875 0.10546875 0.12109375
3 0.67890625 0.47109375 0.0515625 0.07421875
3 0.73359375 0.44453125 0.06015625 0.1