1 0.6359375 0.81875 0.12265625 0.17734375
1 0.2296875 0.9390625 0.1546875 0.121875
1 0.2921875 0.80859375 0.1109375 0.1203125
1 0.30703125 0.690625 0.09375 0.10625
1 0.38203125 0.60859375 0.06953125 0.08125
1 0.37421875 0.55625 0.0515625 0.040625
1 0.38046875 0.51796875 0.0453125 0.05625
1 0.5953125 0.50234375 0.0609375 0.06015625
1 0.509375 0.47734375 0.03984375 0.04921875
1 0.39921875 0.48125 0.0390625 0.03984375
3 0.0921875 0.8296875 0.184375 0.340625
3 0.1921875 0.640625 0.121875 0.16328125
3 0.04375 0.684375 0.0875 0.18984375
3 0.1109375 0.55625 0.14140625 0.1640625
3 0.246875 0.565625 0.09375 0.11875
1 0.23203125 0.49921875 0.04921875 0.04296875
1 0.303125 0.528125 0.0484375 0.0609375
1 0.31640625 0.4953125 0.0453125 0.04140625
3 0.28984375 0.44921875 0.0421875 0.05703125
1 0.33359375 0.46484375 0.04140625 0.0375
1 0.4 0.440625 0.03046875 0.03671875
1 0.490625 0.43671875 0.03046875 0.0328125
1 0.48125 0.39921875 0.02578125 0.0265625
1 0.5828125 0.44921875 0.0421875 0.04375
1 0.53125 0.4078125 0.025 0.0578125
1 0.559375 0.4 0.03125 0.04453125
3 0.509375 0.37734375 0.02265625 0.0453125
3 0.32890625 0.396875 0.03515625 0.0546875
3 0.36875 0.40078125 0.02890625 0.0453125
1 0.41015625 0.41015625 0.0265625 0.02578125
1 0.5265625 0.37265625 0.01484375 0.0140625
1 0.4765625 0.37265625 0.01953125 0.01875
3 0.3859375 0.38515625 0.02421875 0.03046875
3 0.3625 0.36015625 0.02421875 0.03671875
1 0.41953125 0.3890625 0.02265625 0.01875