1 0.290625 0.76015625 0.10546875 0.13125
1 0.259375 0.9140625 0.1359375 0.1703125
1 0.37265625 0.5546875 0.05078125 0.06875
1 0.32734375 0.6640625 0.0875 0.12109375
1 0.34765625 0.6046875 0.0625 0.06953125
4 0.6578125 0.8984375 0.13515625 0.196875
1 0.32265625 0.4875 0.04140625 0.04609375
1 0.378125 0.49453125 0.046875 0.0578125
3 0.56328125 0.45390625 0.0421875 0.08125
1 0.4 0.4453125 0.03046875 0.0359375
1 0.34921875 0.4515625 0.034375 0.0421875
1 0.48125 0.38125 0.015625 0.01953125
1 0.47109375 0.36328125 0.0125 0.01640625
1 0.34453125 0.39453125 0.0171875 0.025
3 0.60390625 0.44296875 0.0359375 0.05703125
3 0.11171875 0.77578125 0.2234375 0.4484375
3 0.2359375 0.54921875 0.1234375 0.1828125
3 0.2828125 0.428125 0.0625 0.06484375