1 0.3015625 0.75703125 0.10078125 0.12265625
1 0.35078125 0.625 0.07265625 0.0890625
1 0.3765625 0.5359375 0.046875 0.0609375
1 0.38828125 0.48203125 0.03984375 0.04921875
1 0.21328125 0.9625 0.178125 0.0703125
1 0.49375 0.43125 0.0328125 0.0421875
1 0.48359375 0.38828125 0.01953125 0.0296875
0 0.1796875 0.6546875 0.1984375 0.26171875
3 0.3015625 0.4859375 0.071875 0.09765625
3 0.3390625 0.4265625 0.05703125 0.0953125
3 0.5640625 0.40703125 0.03125 0.04296875
3 0.5296875 0.36484375 0.02890625 0.03671875
3 0.02421875 0.71640625 0.0484375 0.1578125