1 0.53125 0.53046875 0.0484375 0.06484375
1 0.49609375 0.4359375 0.02578125 0.034375
1 0.3734375 0.553125 0.0515625 0.06640625
1 0.33828125 0.46328125 0.0328125 0.0390625
1 0.34921875 0.6 0.06171875 0.07109375
1 0.28984375 0.75703125 0.1109375 0.134375
1 0.38203125 0.4890625 0.04375 0.0609375
1 0.2609375 0.9140625 0.1375 0.171875
1 0.35859375 0.4359375 0.03046875 0.0375
1 0.4078125 0.41875 0.0234375 0.02734375
1 0.3296875 0.65625 0.0890625 0.128125
1 0.034375 0.90859375 0.0671875 0.1765625
3 0.90234375 0.859375 0.1953125 0.28125
3 0.1375 0.68359375 0.22578125 0.33671875
3 0.25234375 0.53046875 0.10703125 0.159375
3 0.30234375 0.41953125 0.05 0.06640625
3 0.3765625 0.39296875 0.03359375 0.04453125