1 0.1390625 0.79609375 0.13125 0.14609375
1 0.29609375 0.83359375 0.11953125 0.1546875
1 0.35078125 0.59765625 0.06953125 0.0875
1 0.36796875 0.540625 0.0515625 0.059375
1 0.3984375 0.47265625 0.0375 0.04375
1 0.10625 0.57265625 0.06796875 0.06484375
1 0.32890625 0.709375 0.08984375 0.1328125
1 0.22421875 0.9671875 0.1703125 0.06015625
1 0.4765625 0.38515625 0.01796875 0.02109375
1 0.415625 0.390625 0.01875 0.02265625
1 0.56171875 0.4046875 0.02734375 0.03515625
3 0.5109375 0.37109375 0.0265625 0.05
1 0.4890625 0.36015625 0.0125 0.01875
3 0.8828125 0.85 0.234375 0.3
3 0.06328125 0.68828125 0.1265625 0.17734375
3 0.27421875 0.5203125 0.09296875 0.1640625
3 0.2796875 0.4109375 0.06484375 0.0671875
3 0.3265625 0.4046875 0.0375 0.05859375
3 0.36171875 0.40234375 0.034375 0.05