0 0.07578125 0.85234375 0.1515625 0.2953125
3 0.12578125 0.59609375 0.11171875 0.1328125
3 0.64140625 0.45703125 0.07265625 0.11171875
3 0.25 0.55234375 0.103125 0.14453125
3 0.2109375 0.51484375 0.08203125 0.103125
3 0.3125 0.4578125 0.08046875 0.1265625
3 0.35390625 0.41484375 0.04609375 0.07890625
1 0.30390625 0.8125 0.12265625 0.15703125
1 0.34375 0.6421875 0.07890625 0.0953125
1 0.55546875 0.5765625 0.06015625 0.1046875
1 0.375 0.51796875 0.05078125 0.07265625
1 0.38828125 0.484375 0.04296875 0.0421875
1 0.50234375 0.4484375 0.03359375 0.04296875
1 0.40078125 0.44296875 0.02734375 0.03046875
1 0.48828125 0.40703125 0.0296875 0.03203125