3 0.3046875 0.415625 0.05 0.08046875
3 0.1421875 0.5734375 0.1015625 0.14921875
1 0.14296875 0.77265625 0.11640625 0.13203125
3 0.26484375 0.5578125 0.059375 0.0796875
3 0.35234375 0.42578125 0.040625 0.059375
3 0.321875 0.4765625 0.05703125 0.08515625
1 0.34765625 0.57265625 0.06484375 0.078125
1 0.234375 0.46015625 0.0390625 0.03984375
1 0.38359375 0.5 0.04453125 0.0546875
1 0.26953125 0.88515625 0.1328125 0.1671875
1 0.5453125 0.54140625 0.05390625 0.0796875
4 0.61875 0.77890625 0.09609375 0.16484375
1 0.496875 0.42421875 0.025 0.03125
3 0.215625 0.51796875 0.05625 0.07109375