1 0.3140625 0.70703125 0.09921875 0.12265625
1 0.53046875 0.51953125 0.0484375 0.06953125
1 0.3734375 0.54765625 0.05546875 0.06796875
1 0.428125 0.3515625 0.025 0.053125
3 0.36171875 0.40546875 0.05234375 0.0828125
1 0.59296875 0.7453125 0.096875 0.15390625
1 0.34375 0.615625 0.06875 0.078125
1 0.49921875 0.45078125 0.03203125 0.05078125
3 0.41328125 0.40390625 0.02421875 0.0328125
1 0.38984375 0.475 0.0375 0.04765625
3 0.5140625 0.37890625 0.0328125 0.05625
3 0.40859375 0.353125 0.0171875 0.03125
3 0.64375 0.54609375 0.1 0.15546875
1 0.48671875 0.41015625 0.028125 0.03359375
3 0.45078125 0.30546875 0.02109375 0.01953125
3 0.47109375 0.415625 0.01875 0.034375
3 0.41171875 0.328125 0.021875 0.0265625
3 0.4 0.37265625 0.01171875 0.0234375
3 0.62890625 0.4453125 0.04921875 0.08359375
3 0.24453125 0.93515625 0.16328125 0.121875
3 0.21953125 0.50546875 0.0671875 0.09921875
3 0.5765625 0.45625 0.06484375 0.1046875
3 0.384375 0.3484375 0.03125 0.028125
3 0.47421875 0.36328125 0.025 0.03046875
3 0.3015625 0.428125 0.03828125 0.046875
3 0.49609375 0.3640625 0.0125 0.0203125
3 0.11796875 0.78984375 0.2359375 0.41640625
0 0.27734375 0.525 0.125 0.1484375