1 0.29140625 0.75703125 0.11484375 0.14921875
1 0.57734375 0.65859375 0.084375 0.12578125
1 0.3734375 0.553125 0.0515625 0.06875
1 0.25625 0.91953125 0.1390625 0.15625
1 0.34765625 0.60703125 0.0640625 0.0734375
1 0.32890625 0.6625 0.08671875 0.1203125
1 0.3140625 0.496875 0.0421875 0.046875
1 0.503125 0.459375 0.03203125 0.0453125
1 0.37578125 0.4953125 0.04375 0.040625
1 0.759375 0.615625 0.0765625 0.09453125
1 0.39609375 0.45625 0.0359375 0.03984375
3 0.53125 0.403125 0.02890625 0.06484375
1 0.34140625 0.4609375 0.03828125 0.04375
1 0.38828125 0.40390625 0.02578125 0.028125
1 0.34140625 0.40078125 0.02265625 0.0265625
1 0.47265625 0.35859375 0.0125 0.01640625
1 0.46640625 0.35234375 0.01015625 0.01875
3 0.0953125 0.803125 0.190625 0.39375
3 0.14375 0.5296875 0.10859375 0.12265625
3 0.22265625 0.5703125 0.1421875 0.19375
3 0.26953125 0.44296875 0.0796875 0.0875
3 0.56015625 0.40078125 0.03359375 0.05390625
3 0.3578125 0.409375 0.03984375 0.05390625