4 0.3703125 0.5265625 0.05 0.06796875
1 0.33125 0.465625 0.0375 0.046875
1 0.23828125 0.91484375 0.134375 0.15703125
1 0.30078125 0.5125 0.0515625 0.059375
1 0.33828125 0.6859375 0.08046875 0.10546875
1 0.2734375 0.46875 0.03203125 0.04296875
1 0.3921875 0.4703125 0.034375 0.04375
3 0.07421875 0.65078125 0.14453125 0.26875
1 0.2640625 0.5875 0.065625 0.075
1 0.490625 0.41484375 0.0265625 0.03125
3 0.18984375 0.515625 0.109375 0.15390625
3 0.16875 0.74140625 0.1078125 0.140625
1 0.47734375 0.3921875 0.01875 0.028125
3 0.3484375 0.4359375 0.0390625 0.0625
3 0.5109375 0.36875 0.0328125 0.0484375
1 0.259375 0.44140625 0.03046875 0.034375