1 0.3390625 0.68828125 0.09140625 0.13125
3 0.23203125 0.5953125 0.11796875 0.159375
3 0.13125 0.578125 0.10859375 0.16328125
1 0.55546875 0.60390625 0.06328125 0.096875
1 0.2671875 0.925 0.15703125 0.14453125
3 0.25078125 0.47421875 0.05625 0.0859375
1 0.38984375 0.50234375 0.04453125 0.0515625
1 0.40234375 0.45390625 0.0328125 0.0421875
3 0.07421875 0.86328125 0.1484375 0.26484375
1 0.49921875 0.44296875 0.0296875 0.03984375
1 0.3515625 0.44453125 0.02890625 0.04296875
3 0.196875 0.50703125 0.06875 0.08359375
1 0.36875 0.41171875 0.02421875 0.03046875
3 0.3515625 0.3890625 0.02265625 0.03671875
1 0.5375 0.3796875 0.01484375 0.02109375
1 0.41328125 0.390625 0.02109375 0.02734375
3 0.5984375 0.49921875 0.0578125 0.084375
3 0.31171875 0.4890625 0.0609375 0.0859375
1 0.39375 0.3796875 0.01796875 0.0234375
3 0.328125 0.4140625 0.03125 0.04140625
4 0.409375 0.42421875 0.025 0.0359375
3 0.62578125 0.4625 0.04140625 0.053125
1 0.42421875 0.37421875 0.01484375 0.0234375
3 0.49375 0.34765625 0.01953125 0.03203125
3 0.5046875 0.37421875 0.02578125 0.03359375
1 0.475 0.38203125 0.0171875 0.02265625
3 0.37265625 0.35546875 0.04296875 0.046875