1 0.4828125 0.38984375 0.02109375 0.02734375
3 0.4921875 0.4171875 0.028125 0.0375
1 0.29140625 0.86640625 0.12734375 0.16796875
1 0.46796875 0.34921875 0.01015625 0.0171875
1 0.37265625 0.53125 0.053125 0.06640625
3 0.3109375 0.465625 0.08125 0.1359375
1 0.3359375 0.66484375 0.0796875 0.1046875
1 0.525 0.49296875 0.04453125 0.06171875
3 0.50390625 0.34375 0.0171875 0.02734375
1 0.40859375 0.42734375 0.02578125 0.03359375
1 0.4 0.44296875 0.0296875 0.034375
1 0.38671875 0.38828125 0.025 0.025
3 0.3546875 0.409375 0.04765625 0.075
1 0.38359375 0.4 0.01875 0.02578125
3 0.396875 0.3671875 0.0203125 0.03359375
1 0.3859375 0.4921875 0.046875 0.06171875
3 0.228125 0.56796875 0.121875 0.1515625
3 0.6140625 0.434375 0.05625 0.08359375
3 0.75546875 0.7375 0.121875 0.2015625
0 0.0515625 0.878125 0.103125 0.24375
3 0.10234375 0.615625 0.11640625 0.14140625
3 0.20078125 0.525 0.08359375 0.10703125