1 0.3890625 0.478125 0.0375 0.05078125
1 0.41640625 0.38828125 0.021875 0.025
1 0.50703125 0.46640625 0.0375 0.053125
1 0.4890625 0.40546875 0.021875 0.028125
1 0.4078125 0.40546875 0.02578125 0.02890625
1 0.3921875 0.38359375 0.015625 0.02890625
1 0.35625 0.60390625 0.06953125 0.08125
1 0.30859375 0.72890625 0.0953125 0.11484375
1 0.378125 0.52734375 0.04375 0.0546875
3 0.30859375 0.47421875 0.07734375 0.09296875
3 0.36953125 0.38984375 0.04140625 0.065625
3 0.50546875 0.37421875 0.0234375 0.03671875
1 0.478125 0.3890625 0.021875 0.02578125
1 0.228125 0.93125 0.17578125 0.13359375
1 0.39921875 0.44140625 0.03203125 0.0328125
1 0.40859375 0.42734375 0.028125 0.03125
3 0.4015625 0.35546875 0.015625 0.02421875
0 0.2 0.62734375 0.18359375 0.25234375
3 0.0359375 0.70625 0.071875 0.21484375
3 0.14140625 0.56640625 0.10078125 0.12578125
3 0.22265625 0.49453125 0.04609375 0.0484375
3 0.265625 0.4625 0.0515625 0.07890625
3 0.34296875 0.4234375 0.06015625 0.1078125
1 0.5375 0.371875 0.03203125 0.04296875
1 0.5875 0.42578125 0.03828125 0.05234375
1 0.47578125 0.371875 0.01796875 0.02109375