1 0.70703125 0.9125 0.175 0.17421875
1 0.9328125 0.79921875 0.13359375 0.228125
1 0.24921875 0.9 0.16328125 0.1875
1 0.4890625 0.409375 0.034375 0.05234375
1 0.53515625 0.38828125 0.025 0.06640625
1 0.51796875 0.5109375 0.05078125 0.1234375
1 0.6109375 0.5296875 0.05 0.09765625
1 0.4 0.5125 0.0484375 0.07578125
1 0.33203125 0.58984375 0.078125 0.10234375
1 0.32109375 0.7015625 0.06953125 0.128125
3 0.2140625 0.4625 0.0875 0.1421875
3 0.2390625 0.58359375 0.08125 0.15390625
3 0.30859375 0.47421875 0.0625 0.10078125
3 0.07734375 0.5859375 0.1546875 0.275
3 0.08984375 0.80703125 0.1796875 0.38125