1 0.6171875 0.4984375 0.04296875 0.05390625
3 0.67578125 0.47421875 0.0546875 0.08515625
3 0.6953125 0.4140625 0.0515625 0.07890625
3 0.85078125 0.5671875 0.10078125 0.146875
3 0.6484375 0.42421875 0.040625 0.059375
1 0.64609375 0.56484375 0.06171875 0.07578125
1 0.8453125 0.759375 0.11171875 0.1234375
1 0.50078125 0.43203125 0.02890625 0.03515625
3 0.7328125 0.55390625 0.06015625 0.0765625
1 0.7234375 0.85546875 0.125 0.15234375
1 0.759375 0.45546875 0.040625 0.04609375
1 0.4453125 0.5640625 0.05546875 0.08515625
1 0.34765625 0.87109375 0.125 0.20546875