1 0.19296875 0.6984375 0.096875 0.11171875
3 0.0875 0.6109375 0.17421875 0.2328125
1 0.378125 0.49375 0.04296875 0.0484375
3 0.48984375 0.34609375 0.01640625 0.034375
1 0.28203125 0.5203125 0.04296875 0.05546875
3 0.321875 0.48046875 0.040625 0.04921875
1 0.2734375 0.47109375 0.034375 0.04140625
1 0.46796875 0.3578125 0.0125 0.01640625
1 0.3921875 0.46640625 0.03828125 0.04765625
1 0.53359375 0.4140625 0.02578125 0.03203125
1 0.2625 0.5765625 0.0640625 0.0796875
1 0.2640625 0.44140625 0.02890625 0.03125
4 0.346875 0.59453125 0.06640625 0.09453125
3 0.34453125 0.4421875 0.03984375 0.06640625
3 0.30625 0.42109375 0.0359375 0.06796875