1 0.47734375 0.371875 0.015625 0.021875
1 0.46875 0.3625 0.0125 0.0234375
1 0.4390625 0.39453125 0.01484375 0.02109375
3 0.5359375 0.384375 0.0234375 0.03515625
3 0.5203125 0.36015625 0.01875 0.02890625
3 0.40078125 0.35703125 0.01640625 0.0265625
1 0.40078125 0.44921875 0.0328125 0.04921875
1 0.41484375 0.38984375 0.0234375 0.0296875
3 0.49296875 0.35546875 0.01953125 0.0296875
1 0.48359375 0.39609375 0.02265625 0.02734375
1 0.34296875 0.659375 0.084375 0.10078125
1 0.3703125 0.55234375 0.0546875 0.07109375
1 0.27890625 0.83359375 0.12421875 0.14296875
1 0.61796875 0.78671875 0.121875 0.19609375
3 0.2921875 0.49609375 0.08359375 0.11171875
3 0.24609375 0.4859375 0.0578125 0.08828125
3 0.18515625 0.52421875 0.08203125 0.07421875
3 0.08671875 0.60078125 0.11796875 0.1234375
0 0.1296875 0.73046875 0.25859375 0.3484375
3 0.33359375 0.43671875 0.06640625 0.10859375
3 0.36484375 0.396875 0.040625 0.0765625
1 0.38984375 0.3890625 0.0140625 0.025
1 0.3953125 0.37734375 0.01640625 0.025
1 0.3859375 0.48515625 0.0390625 0.0515625