3 0.16015625 0.65859375 0.2234375 0.3375
1 0.26328125 0.91484375 0.1375 0.1703125
1 0.2921875 0.75703125 0.1046875 0.13828125
1 0.32890625 0.6609375 0.084375 0.11953125
3 0.3109375 0.46875 0.08203125 0.12265625
3 0.06015625 0.865625 0.1203125 0.26875
1 0.3953125 0.47734375 0.03515625 0.0484375
1 0.3828125 0.51015625 0.04375 0.05078125
1 0.3640625 0.42265625 0.025 0.02734375
1 0.46640625 0.3484375 0.0109375 0.01875
3 0.38515625 0.34140625 0.01875 0.025
1 0.4828125 0.4 0.02109375 0.02578125
1 0.52421875 0.36328125 0.021875 0.028125
1 0.35546875 0.45234375 0.015625 0.0359375
1 0.37578125 0.4046875 0.02265625 0.02578125
1 0.42578125 0.378125 0.01875 0.0265625
3 0.39140625 0.37890625 0.02734375 0.040625
1 0.50703125 0.3453125 0.01484375 0.02109375
1 0.41015625 0.40703125 0.02578125 0.03515625
3 0.48203125 0.3203125 0.01015625 0.0171875
1 0.51171875 0.48046875 0.04140625 0.05625
1 0.475 0.3671875 0.01484375 0.02109375
3 0.34140625 0.3890625 0.03046875 0.04140625
3 0.26015625 0.59140625 0.02109375 0.1234375
3 0.2453125 0.48203125 0.059375 0.0875
3 0.5734375 0.45703125 0.05234375 0.096875
1 0.540625 0.42578125 0.02734375 0.046875
3 0.4046875 0.3578125 0.02265625 0.034375
3 0.3734375 0.3734375 0.0171875 0.02890625
3 0.35546875 0.3765625 0.028125 0.03984375
3 0.309375 0.39453125 0.03828125 0.0296875
3 0.27109375 0.42578125 0.05625 0.04765625
1 0.48046875 0.3765625 0.0171875 0.02265625
3 0.425 0.325 0.01796875 0.02890625
3 0.2875 0.40859375 0.03515625 0.02109375
1 0.40703125 0.42578125 0.02734375 0.03359375
1 0.48515625 0.34921875 0.015625 0.02890625
1 0.41796875 0.39453125 0.0265625 0.034375
1 0.4328125 0.38984375 0.02265625 0.025
3 0.41953125 0.3421875 0.0140625 0.025
3 0.4109375 0.3265625 0.01875 0.0234375
1 0.4921875 0.33046875 0.0140625 0.03046875
1 0.48046875 0.43046875 0.0234375 0.03671875
1 0.39765625 0.40703125 0.01953125 0.02265625
1 0.4640625 0.409375 0.0125 0.02578125
1 0.4671875 0.4265625 0.01171875 0.01953125
1 0.52734375 0.4671875 0.0109375 0.0296875
1 0.48671875 0.46328125 0.015625 0.03984375
3 0.2859375 0.3921875 0.015625 0.0171875
1 0.3671875 0.4375 0.040625 0.0640625
1 0.525 0.34765625 0.0140625 0.01328125
3 0.52421875 0.309375 0.028125 0.01875
3 0.56875 0.42578125 0.03671875 0.034375
3 0.26171875 0.559375 0.015625 0.040625
1 0.38515625 0.4234375 0.01171875 0.01640625