4 0.60859375 0.46328125 0.0359375 0.04921875
3 0.846875 0.64921875 0.228125 0.31015625
1 0.7078125 0.75546875 0.10625 0.13203125
1 0.64921875 0.4453125 0.02890625 0.034375
1 0.7375 0.9140625 0.13515625 0.17109375
1 0.67109375 0.66484375 0.0859375 0.1171875
1 0.646875 0.58984375 0.0578125 0.06796875
1 0.5875 0.4046875 0.02265625 0.02734375
3 0.753125 0.53046875 0.125 0.18125
3 0.94375 0.87109375 0.1125 0.2484375
3 0.72578125 0.42578125 0.04765625 0.05078125
3 0.78046875 0.465625 0.07734375 0.06796875
1 0.51640625 0.390625 0.01953125 0.02578125
3 0.68125 0.41015625 0.046875 0.0609375
1 0.63359375 0.41953125 0.02734375 0.03359375
1 0.621875 0.5359375 0.046875 0.06328125
1 0.50546875 0.37109375 0.01484375 0.02265625
3 0.50859375 0.34375 0.01875 0.03046875
3 0.66015625 0.38515625 0.034375 0.04296875