1 0.2703125 0.83203125 0.17265625 0.209375
1 0.35703125 0.60703125 0.0625 0.07421875
1 0.703125 0.69765625 0.09921875 0.14140625
1 0.15 0.6046875 0.06484375 0.07265625
1 0.06328125 0.603125 0.08515625 0.08203125
3 0.07578125 0.84296875 0.1421875 0.17890625
1 0.5296875 0.53046875 0.05 0.07421875
1 0.3765625 0.4921875 0.04140625 0.05078125
1 0.31875 0.49375 0.04296875 0.0484375
1 0.60859375 0.528125 0.05703125 0.0796875
1 0.59609375 0.440625 0.03125 0.03828125
1 0.3984375 0.45546875 0.0296875 0.0390625
1 0.2 0.484375 0.028125 0.046875
1 0.65625 0.4875 0.04921875 0.0625
1 0.678125 0.96875 0.1203125 0.06171875
1 0.4859375 0.4125 0.02265625 0.03046875
3 0.73125 0.56015625 0.07578125 0.08828125
1 0.4 0.42890625 0.02734375 0.0328125
1 0.95078125 0.978125 0.0984375 0.03984375
1 0.41875 0.4078125 0.02265625 0.03359375
1 0.51953125 0.40546875 0.01953125 0.03125
1 0.50625 0.3828125 0.0109375 0.0234375
1 0.471875 0.3671875 0.0140625 0.02265625
0 0.55390625 0.425 0.06015625 0.09453125
3 0.25703125 0.56328125 0.09921875 0.15703125
3 0.24375 0.4578125 0.08203125 0.1046875
3 0.2953125 0.4109375 0.05390625 0.08515625
3 0.33828125 0.4375 0.046875 0.0546875
3 0.35859375 0.41484375 0.03359375 0.053125
3 0.3671875 0.36328125 0.0328125 0.03828125