1 0.41796875 0.38203125 0.01875 0.0234375
3 0.40859375 0.3453125 0.02265625 0.03984375
3 0.13359375 0.60859375 0.11796875 0.13828125
1 0.4890625 0.425 0.02578125 0.03125
1 0.475 0.36953125 0.01640625 0.01953125
1 0.403125 0.45625 0.03515625 0.04453125
3 0.3734375 0.39609375 0.03125 0.05078125
3 0.359375 0.378125 0.02890625 0.04140625
1 0.4796875 0.39140625 0.02109375 0.0296875
3 0.39609375 0.36875 0.02421875 0.04765625
1 0.49375 0.3828125 0.01640625 0.02578125
3 0.4921875 0.3515625 0.015625 0.0265625
3 0.2953125 0.4 0.0546875 0.05703125
1 0.4109375 0.4234375 0.025 0.03203125
3 0.39453125 0.34296875 0.0140625 0.021875
3 0.61640625 0.45859375 0.0515625 0.06328125
1 0.2390625 0.62109375 0.084375 0.09375
1 0.37890625 0.50859375 0.04453125 0.05078125
3 0.33984375 0.39296875 0.0296875 0.05078125
1 0.30078125 0.81171875 0.11484375 0.14921875
3 0.2390625 0.4765625 0.1015625 0.14609375
3 0.528125 0.39296875 0.03984375 0.06875
3 0.48828125 0.3296875 0.0109375 0.01953125
3 0.425 0.32578125 0.009375 0.01640625
3 0.3046875 0.47421875 0.075 0.134375
4 0.33984375 0.6734375 0.090625 0.12109375
1 0.23203125 0.96953125 0.15625 0.0609375
1 0.35859375 0.57421875 0.065625 0.08046875