1 0.5859375 0.68828125 0.090625 0.14375
1 0.29609375 0.8359375 0.1171875 0.15859375
1 0.3375 0.6359375 0.078125 0.08671875
1 0.353125 0.5828125 0.0609375 0.0515625
1 0.37734375 0.53515625 0.0515625 0.06171875
1 0.38828125 0.49609375 0.03984375 0.04453125
1 0.39609375 0.45703125 0.034375 0.04375
1 0.5234375 0.47890625 0.04140625 0.05390625
1 0.49609375 0.43515625 0.03046875 0.03828125
1 0.4125 0.40390625 0.02109375 0.0234375
1 0.41875 0.390625 0.01796875 0.02421875
3 0.0984375 0.5765625 0.1890625 0.22421875
3 0.259375 0.55703125 0.10078125 0.1296875
3 0.2421875 0.48046875 0.0640625 0.0984375
3 0.3125 0.4703125 0.0796875 0.0984375
3 0.31171875 0.40859375 0.040625 0.0296875
3 0.3890625 0.3671875 0.03125 0.0484375
3 0.378125 0.38984375 0.0296875 0.046875
0 0.3578125 0.41875 0.046875 0.07265625
3 0.78984375 0.7671875 0.121875 0.19765625
3 0.28125 0.4234375 0.0390625 0.02578125