1 0.846875 0.60234375 0.0671875 0.08125
1 0.746875 0.59921875 0.0671875 0.0796875
1 0.6453125 0.57890625 0.06015625 0.0765625
1 0.6984375 0.5078125 0.0453125 0.05859375
1 0.45078125 0.440625 0.03125 0.040625
1 0.9453125 0.93671875 0.109375 0.1265625
1 0.61328125 0.4828125 0.0390625 0.04921875
1 0.796875 0.48203125 0.0234375 0.04375
1 0.7 0.40703125 0.01640625 0.02734375
1 0.73125 0.43515625 0.03359375 0.03515625
1 0.4828125 0.47265625 0.03828125 0.05234375
1 0.48203125 0.44609375 0.03046875 0.03984375
1 0.5140625 0.34765625 0.0109375 0.01484375
1 0.60234375 0.45546875 0.034375 0.04765625
1 0.46796875 0.4046875 0.02578125 0.02890625
1 0.5765625 0.40546875 0.01953125 0.028125
1 0.721875 0.46171875 0.01953125 0.04453125
1 0.57734375 0.425 0.0203125 0.03125
1 0.5203125 0.3265625 0.01171875 0.01875
1 0.5296875 0.32421875 0.01171875 0.015625
1 0.6375 0.4203125 0.0296875 0.04296875
3 0.7578125 0.4875 0.0578125 0.08359375
3 0.66171875 0.45234375 0.0515625 0.07265625
3 0.675 0.396875 0.03984375 0.06875