1 0.33671875 0.609375 0.075 0.10625
4 0.290625 0.55390625 0.065625 0.09765625
1 0.36484375 0.84609375 0.13671875 0.22578125
1 0.409375 0.4953125 0.04921875 0.06328125
1 0.47578125 0.51640625 0.04765625 0.075
1 0.6609375 0.63359375 0.065625 0.1015625
1 0.95546875 0.9203125 0.0890625 0.15625
1 0.88125 0.62890625 0.09296875 0.0703125
1 0.6234375 0.5359375 0.0453125 0.0515625
1 0.45 0.44296875 0.03203125 0.0375
1 0.50625 0.428125 0.0265625 0.040625
3 0.41953125 0.41640625 0.034375 0.046875
3 0.6796875 0.4765625 0.05078125 0.0765625
3 0.73515625 0.44765625 0.0625 0.09609375
3 0.81484375 0.51328125 0.11796875 0.1390625
3 0.65859375 0.440625 0.0359375 0.05703125
1 0.615625 0.48203125 0.0390625 0.04453125
1 0.58515625 0.4328125 0.02890625 0.03671875
1 0.44921875 0.390625 0.02265625 0.02578125
1 0.45703125 0.42421875 0.02734375 0.0359375
1 0.4796875 0.396875 0.021875 0.02890625
1 0.52421875 0.3765625 0.0171875 0.02421875
1 0.5203125 0.40234375 0.0203125 0.02265625
1 0.625 0.4046875 0.02109375 0.025
3 0.6375 0.37421875 0.025 0.04375
1 0.4796875 0.3640625 0.01171875 0.0125