1 0.56875 0.61796875 0.0703125 0.09921875
1 0.321875 0.6875 0.09296875 0.11484375
1 0.3453125 0.60859375 0.06796875 0.075
1 0.2625 0.9109375 0.14296875 0.17265625
1 0.37421875 0.54375 0.05546875 0.0671875
1 0.51328125 0.49609375 0.04375 0.065625
1 0.49453125 0.43125 0.0328125 0.0421875
3 0.48359375 0.3875 0.0421875 0.059375
3 0.7625 0.690625 0.18203125 0.27265625
3 0.1265625 0.73359375 0.253125 0.3296875
3 0.1578125 0.53515625 0.09140625 0.0828125
0 0.2875 0.5109375 0.09609375 0.1421875
0 0.63203125 0.5109375 0.10859375 0.153125
3 0.52109375 0.3875 0.0375 0.0609375
3 0.33984375 0.4359375 0.04765625 0.065625
3 0.36328125 0.39765625 0.04765625 0.07421875