1 0.36015625 0.58203125 0.06015625 0.07890625
1 0.3296875 0.70546875 0.08984375 0.115625
1 0.2453125 0.92421875 0.14921875 0.14765625
1 0.38359375 0.49609375 0.04453125 0.05546875
1 0.52265625 0.509375 0.05078125 0.07109375
4 0.5859375 0.69765625 0.08671875 0.15
1 0.3953125 0.46171875 0.040625 0.053125
1 0.4078125 0.42734375 0.0265625 0.03359375
3 0.1671875 0.55546875 0.084375 0.09765625
3 0.8125 0.5984375 0.165625 0.215625
0 0.1109375 0.8046875 0.221875 0.38984375
3 0.2796875 0.5109375 0.09375 0.11796875
3 0.328125 0.43828125 0.06484375 0.1078125