3 0.08984375 0.8390625 0.17890625 0.31171875
1 0.31171875 0.69296875 0.0921875 0.1078125
1 0.29140625 0.809375 0.1046875 0.1265625
3 0.19453125 0.64140625 0.1234375 0.15859375
1 0.30625 0.528125 0.04453125 0.0671875
1 0.38125 0.6078125 0.0640625 0.084375
1 0.5375 0.42265625 0.02734375 0.0328125
3 0.36875 0.3984375 0.03671875 0.05078125
1 0.49140625 0.35859375 0.0125 0.015625
1 0.3796875 0.52578125 0.04609375 0.05546875
3 0.56796875 0.409375 0.0296875 0.0453125
3 0.03515625 0.69765625 0.0703125 0.20234375
3 0.6078125 0.51953125 0.0609375 0.090625
1 0.31796875 0.49921875 0.04453125 0.0515625
3 0.5140625 0.38515625 0.0265625 0.04921875
3 0.3296875 0.4 0.03515625 0.0609375
1 0.3546875 0.43984375 0.0296875 0.034375
3 0.11640625 0.57265625 0.14375 0.19453125
3 0.25234375 0.56484375 0.07734375 0.128125
1 0.4 0.478125 0.03671875 0.040625
1 0.33515625 0.465625 0.03828125 0.04609375
1 0.48515625 0.409375 0.025 0.0296875
1 0.228125 0.940625 0.1484375 0.11171875
1 0.4796875 0.37578125 0.0171875 0.01953125
1 0.5203125 0.5 0.040625 0.0625
1 0.49609375 0.453125 0.0296875 0.0421875
3 0.29296875 0.44765625 0.04140625 0.05234375
1 0.23515625 0.49453125 0.0421875 0.03515625
1 0.60546875 0.4671875 0.0453125 0.05