1 0.28671875 0.66015625 0.12265625 0.15234375
1 0.38515625 0.7953125 0.15390625 0.21484375
1 0.64921875 0.5765625 0.059375 0.0765625
1 0.3984375 0.52265625 0.05546875 0.06953125
1 0.95 0.809375 0.0984375 0.12421875
1 0.484375 0.4875 0.04296875 0.05703125
1 0.7078125 0.83125 0.11015625 0.13125
1 0.9421875 0.6265625 0.084375 0.084375
1 0.61015625 0.46015625 0.0375 0.04375
1 0.4546875 0.43125 0.0296875 0.03671875
1 0.425 0.4125 0.028125 0.034375
1 0.61328125 0.5046875 0.03984375 0.04609375
1 0.48125 0.4125 0.0265625 0.0328125
4 0.3765625 0.453125 0.04140625 0.05859375
1 0.5125 0.43671875 0.03125 0.03828125
1 0.5171875 0.39609375 0.02109375 0.02734375
1 0.446875 0.39609375 0.02265625 0.03046875
1 0.46484375 0.37890625 0.01796875 0.02265625
1 0.48984375 0.3921875 0.021875 0.028125
1 0.53046875 0.359375 0.01640625 0.0265625
1 0.6296875 0.41953125 0.01953125 0.03046875
1 0.621875 0.40625 0.02265625 0.02890625
1 0.5828125 0.42578125 0.02421875 0.03515625
1 0.6125 0.38671875 0.021875 0.028125
1 0.5109375 0.35859375 0.01328125 0.0234375
1 0.38203125 0.49140625 0.05390625 0.059375
3 0.6578125 0.4296875 0.03515625 0.0546875
3 0.671875 0.4609375 0.046875 0.06171875
3 0.7296875 0.4375 0.0578125 0.0984375
3 0.79609375 0.484375 0.1015625 0.12578125
3 0.80078125 0.63359375 0.1421875 0.1921875