3 0.7953125 0.58515625 0.15625 0.22421875
1 0.62421875 0.4953125 0.04375 0.04453125
3 0.4921875 0.3765625 0.021875 0.040625
1 0.60859375 0.46796875 0.03671875 0.046875
4 0.36171875 0.86640625 0.13046875 0.246875
1 0.653125 0.60390625 0.0625 0.0703125
1 0.709375 0.7578125 0.10546875 0.13359375
3 0.73671875 0.440625 0.05234375 0.06875
1 0.5359375 0.3421875 0.01171875 0.0171875
1 0.509375 0.4203125 0.0265625 0.03515625
3 0.6453125 0.421875 0.03046875 0.05703125
3 0.696875 0.42109375 0.040625 0.0625
1 0.62578125 0.55234375 0.05078125 0.0703125
3 0.928125 0.6109375 0.11953125 0.19453125
3 0.70546875 0.5453125 0.0375 0.07265625
1 0.6 0.41171875 0.025 0.028125
1 0.421875 0.4265625 0.025 0.028125
1 0.6671875 0.47265625 0.040625 0.0484375
1 0.5234375 0.38046875 0.01640625 0.0203125
1 0.68828125 0.50234375 0.0421875 0.04921875
1 0.465625 0.50703125 0.04375 0.0625