1 0.66875 0.684375 0.07734375 0.09921875
1 0.90390625 0.68046875 0.07578125 0.090625
1 0.4734375 0.54921875 0.0515625 0.06640625
1 0.63359375 0.528125 0.0484375 0.06328125
1 0.38125 0.78125 0.11171875 0.16875
1 0.70859375 0.52578125 0.05390625 0.05703125
1 0.11953125 0.9109375 0.178125 0.171875
1 0.60625 0.47734375 0.034375 0.040625
1 0.50078125 0.4375 0.03046875 0.03984375
1 0.8515625 0.5359375 0.0609375 0.06015625
1 0.434375 0.48046875 0.04375 0.05625
1 0.45625 0.43515625 0.03359375 0.04140625
1 0.603125 0.440625 0.0328125 0.03671875
1 0.38125 0.54453125 0.0546875 0.07734375
1 0.43984375 0.40390625 0.02421875 0.0296875
3 0.403125 0.43125 0.034375 0.04140625
1 0.79375 0.96640625 0.165625 0.065625
1 0.52421875 0.38359375 0.02109375 0.025
3 0.96015625 0.93515625 0.07890625 0.1265625
3 0.25390625 0.57265625 0.0765625 0.10859375
1 0.03515625 0.8625 0.0703125 0.20390625
3 0.7671875 0.59375 0.121875 0.175
3 0.771875 0.47734375 0.0890625 0.12265625
3 0.71171875 0.42109375 0.05390625 0.0859375
3 0.66796875 0.45390625 0.046875 0.06875
3 0.64609375 0.42890625 0.03671875 0.06328125
0 0.47890625 0.38984375 0.0375 0.0609375
3 0.6328125 0.37578125 0.021875 0.0265625
3 0.63046875 0.3546875 0.025 0.0234375
1 0.58203125 0.41640625 0.0234375 0.021875
1 0.6265625 0.4109375 0.0140625 0.02578125
1 0.6203125 0.3984375 0.01875 0.0234375
1 0.61171875 0.3890625 0.01484375 0.0171875
1 0.61015625 0.37890625 0.01640625 0.015625
3 0.61015625 0.36875 0.01953125 0.03125
3 0.59765625 0.3671875 0.01171875 0.0296875
3 0.59375 0.35078125 0.01640625 0.02734375
3 0.37265625 0.46015625 0.04453125 0.05546875