1 0.76953125 0.93984375 0.15078125 0.1203125
1 0.41328125 0.69765625 0.08671875 0.1421875
1 0.6890625 0.69296875 0.090625 0.1046875
1 0.4515625 0.56640625 0.05859375 0.07421875
1 0.6265625 0.56640625 0.053125 0.0546875
3 0.69375 0.528125 0.04375 0.06328125
1 0.50625 0.42890625 0.02578125 0.0359375
1 0.68125 0.50234375 0.03984375 0.04765625
3 0.653125 0.44375 0.0328125 0.0453125
3 0.440625 0.453125 0.04375 0.05390625
1 0.61796875 0.6109375 0.06953125 0.08984375
1 0.46328125 0.41171875 0.03125 0.03359375
1 0.484375 0.39296875 0.02109375 0.02734375
3 0.90625 0.825 0.1875 0.35
1 0.6015625 0.48828125 0.04296875 0.04921875
1 0.6234375 0.5296875 0.0515625 0.05625
1 0.67109375 0.47265625 0.040625 0.04921875
1 0.51875 0.40859375 0.0203125 0.028125
1 0.70546875 0.8078125 0.10546875 0.1296875
3 0.96171875 0.67109375 0.0765625 0.18671875
3 0.8078125 0.640625 0.1234375 0.16484375
3 0.90078125 0.57421875 0.16328125 0.1859375
3 0.75234375 0.56328125 0.09296875 0.128125
1 0.790625 0.52265625 0.040625 0.05625
3 0.72265625 0.4609375 0.0484375 0.06171875
3 0.68828125 0.43359375 0.0296875 0.03984375
3 0.67734375 0.40234375 0.0359375 0.0546875
3 0.6359375 0.40546875 0.03671875 0.0515625
3 0.6375 0.3609375 0.03046875 0.03984375
3 0.6171875 0.39296875 0.02578125 0.03828125
1 0.65625 0.3953125 0.01484375 0.0234375
1 0.60546875 0.45625 0.03828125 0.04609375
3 0.23671875 0.709375 0.15078125 0.23828125
3 0.465625 0.378125 0.025 0.0390625
3 0.4984375 0.36640625 0.02265625 0.040625
1 0.484375 0.36015625 0.0140625 0.01953125
1 0.5234375 0.38203125 0.021875 0.02421875
1 0.5265625 0.36171875 0.015625 0.01796875