1 0.43125 0.353125 0.0140625 0.0171875
1 0.3609375 0.43046875 0.03046875 0.03671875
3 0.48203125 0.34140625 0.015625 0.0203125
3 0.50234375 0.4609375 0.0328125 0.05
1 0.3015625 0.5140625 0.05078125 0.0609375
1 0.49296875 0.36171875 0.0140625 0.015625
1 0.51796875 0.4078125 0.0234375 0.02890625
3 0.09140625 0.61328125 0.128125 0.16171875
1 0.41796875 0.3921875 0.021875 0.0296875
3 0.403125 0.36015625 0.02109375 0.0328125
1 0.39765625 0.44765625 0.034375 0.046875
1 0.4234375 0.3765625 0.01484375 0.021875
1 0.36796875 0.578125 0.0609375 0.0796875
4 0.384375 0.5109375 0.0453125 0.0671875
3 0.353125 0.36015625 0.03203125 0.03515625
1 0.4078125 0.42578125 0.028125 0.03125
3 0.33203125 0.39609375 0.04765625 0.071875
1 0.31953125 0.725 0.0953125 0.1125
3 0.29296875 0.4453125 0.04609375 0.065625
3 0.375 0.38671875 0.0421875 0.06953125
1 0.2328125 0.653125 0.084375 0.1
3 0.5234375 0.359375 0.0265625 0.03671875
1 0.25078125 0.5828125 0.0609375 0.06484375
3 0.23828125 0.49609375 0.05859375 0.0828125
1 0.4671875 0.34921875 0.01015625 0.015625
3 0.66171875 0.56171875 0.1015625 0.15859375
1 0.2921875 0.41015625 0.0234375 0.01796875
3 0.06484375 0.87890625 0.1296875 0.24140625