1 0.41953125 0.65234375 0.08125 0.10859375
1 0.6203125 0.609375 0.06328125 0.0859375
1 0.66875 0.471875 0.0390625 0.0453125
1 0.6828125 0.503125 0.0421875 0.053125
1 0.42734375 0.4734375 0.046875 0.059375
1 0.47734375 0.40390625 0.02109375 0.02578125
1 0.34765625 0.89453125 0.14453125 0.2078125
1 0.77109375 0.93984375 0.15625 0.115625
1 0.44375 0.43203125 0.034375 0.03828125
3 0.896875 0.57265625 0.1484375 0.17890625
1 0.590625 0.41640625 0.02578125 0.0375
1 0.60234375 0.48515625 0.03828125 0.04296875
1 0.4984375 0.45390625 0.0296875 0.03671875
1 0.6953125 0.53125 0.04375 0.06875
1 0.6890625 0.6921875 0.09296875 0.10859375
1 0.6515625 0.446875 0.0328125 0.034375
1 0.6234375 0.53515625 0.0484375 0.059375
1 0.52265625 0.3890625 0.021875 0.02890625
1 0.60234375 0.44609375 0.03359375 0.0390625
1 0.7078125 0.8109375 0.10234375 0.125
3 0.81015625 0.64140625 0.1265625 0.159375
3 0.71640625 0.4546875 0.04296875 0.06171875
3 0.6765625 0.409375 0.04296875 0.07578125
3 0.75625 0.56484375 0.09453125 0.134375
3 0.903125 0.82734375 0.19375 0.34140625
3 0.49375 0.371875 0.02421875 0.04140625