3 0.2140625 0.50625 0.06953125 0.1046875
1 0.51953125 0.4921875 0.040625 0.05703125
1 0.55859375 0.64609375 0.071875 0.11171875
3 0.13203125 0.55859375 0.10859375 0.11328125
1 0.49296875 0.4390625 0.03203125 0.0375
1 0.31171875 0.7234375 0.1015625 0.12578125
1 0.4859375 0.4015625 0.0265625 0.0328125
3 0.3609375 0.403125 0.0515625 0.0828125
1 0.3859375 0.5046875 0.04296875 0.05546875
3 0.61328125 0.5078125 0.08125 0.12734375
1 0.3953125 0.45546875 0.03671875 0.04453125
3 0.29921875 0.428125 0.0328125 0.05
1 0.3984375 0.440625 0.03203125 0.034375
1 0.37265625 0.55 0.05703125 0.06875
1 0.38984375 0.475 0.03828125 0.0453125
3 0.3296875 0.44609375 0.0578125 0.08515625
1 0.3421875 0.6203125 0.07109375 0.08046875
3 0.5109375 0.37421875 0.03046875 0.0515625
3 0.378125 0.3796875 0.0359375 0.0625
3 0.11796875 0.79453125 0.2359375 0.4109375
1 0.703125 0.95390625 0.13984375 0.0921875
4 0.23828125 0.95234375 0.16484375 0.0953125
3 0.01796875 0.6671875 0.0359375 0.096875
0 0.271875 0.52890625 0.11953125 0.159375
0 0.5609375 0.4359375 0.0609375 0.09140625
0 0.4765625 0.375 0.04140625 0.0578125
3 0.6109375 0.4234375 0.05859375 0.07265625
1 0.40859375 0.42421875 0.0265625 0.028125