1 0.103125 0.74921875 0.1234375 0.1328125
1 0.43515625 0.62109375 0.0671875 0.10546875
1 0.7578125 0.93984375 0.1515625 0.1171875
1 0.890625 0.82734375 0.1328125 0.1484375
1 0.665625 0.60234375 0.07421875 0.0859375
1 0.47421875 0.49140625 0.04140625 0.059375
1 0.621875 0.51171875 0.046875 0.05703125
1 0.51015625 0.40625 0.02109375 0.02734375
1 0.7984375 0.53125 0.0515625 0.06953125
1 0.74375 0.571875 0.06328125 0.0828125
1 0.78046875 0.471875 0.03984375 0.04453125
1 0.07421875 0.98125 0.1453125 0.03671875
1 0.7390625 0.44296875 0.02890625 0.03203125
1 0.50625 0.36171875 0.015625 0.02109375
1 0.5296875 0.35859375 0.01328125 0.0203125
1 0.603125 0.46796875 0.03359375 0.0421875
1 0.86875 0.5265625 0.05 0.03046875
3 0.8859375 0.60859375 0.115625 0.1375
3 0.68125 0.478125 0.06015625 0.0875
3 0.7 0.41640625 0.05390625 0.08046875