1 0.5828125 0.38515625 0.01953125 0.02421875
3 0.90078125 0.640625 0.12890625 0.15859375
1 0.5984375 0.46328125 0.03671875 0.04296875
1 0.52421875 0.37734375 0.0171875 0.02578125
1 0.50859375 0.371875 0.015625 0.0234375
1 0.5171875 0.40234375 0.0203125 0.025
3 0.5109375 0.346875 0.0171875 0.02890625
3 0.6296875 0.40234375 0.03046875 0.05234375
3 0.709375 0.403125 0.065625 0.0609375
1 0.528125 0.36171875 0.0140625 0.0171875
1 0.58984375 0.4296875 0.0265625 0.034375
3 0.4140625 0.43046875 0.03671875 0.0453125
1 0.625 0.521875 0.05078125 0.05390625
1 0.7015625 0.83125 0.12109375 0.1640625
1 0.79609375 0.6828125 0.1015625 0.11796875
3 0.7796875 0.48671875 0.0984375 0.1546875
1 0.64453125 0.58515625 0.06875 0.0875
3 0.48203125 0.38125 0.03125 0.05703125
3 0.665625 0.39765625 0.0296875 0.05234375
1 0.7671875 0.96796875 0.15 0.0640625
4 0.665625 0.690625 0.08984375 0.12421875
3 0.70625 0.490625 0.0875 0.15390625
1 0.83359375 0.51015625 0.0375 0.0515625
3 0.65078125 0.3828125 0.02734375 0.03984375
3 0.61875 0.37890625 0.0359375 0.05078125