1 0.653125 0.6046875 0.0625 0.071875
1 0.6265625 0.553125 0.05 0.065625
3 0.81484375 0.61171875 0.17734375 0.24296875
1 0.5609375 0.3296875 0.0265625 0.04375
3 0.5953125 0.36328125 0.015625 0.02734375
1 0.62421875 0.49765625 0.04140625 0.04296875
3 0.61015625 0.35 0.01875 0.03046875
1 0.675 0.66953125 0.0859375 0.11171875
1 0.60859375 0.47109375 0.03671875 0.04765625
1 0.7140625 0.77578125 0.1125 0.14140625
3 0.7484375 0.446875 0.0546875 0.065625
1 0.59765625 0.41640625 0.0234375 0.02734375
1 0.6890625 0.50390625 0.04140625 0.05
1 0.52265625 0.38515625 0.01953125 0.02578125
3 0.70546875 0.43125 0.04140625 0.0640625
1 0.575 0.38046875 0.0171875 0.02265625
1 0.66796875 0.47265625 0.03828125 0.0453125
1 0.58359375 0.4078125 0.0171875 0.02734375
1 0.4796875 0.5125 0.0453125 0.0734375
3 0.55 0.3109375 0.015625 0.0203125
3 0.56328125 0.38984375 0.0171875 0.02578125
1 0.49765625 0.4265625 0.02578125 0.034375
3 0.58203125 0.33359375 0.01640625 0.02734375
3 0.63359375 0.3609375 0.025 0.040625
1 0.528125 0.36171875 0.01328125 0.01796875
1 0.5375 0.33671875 0.01171875 0.01953125
1 0.525 0.315625 0.0078125 0.01171875
3 0.578125 0.4328125 0.01796875 0.02734375
1 0.4546875 0.39453125 0.0203125 0.02578125
3 0.66640625 0.41328125 0.01171875 0.02109375
1 0.67890625 0.39609375 0.0171875 0.02265625
3 0.50703125 0.3046875 0.0125 0.0125
3 0.5703125 0.45078125 0.0171875 0.02890625
3 0.490625 0.36875 0.01328125 0.02109375
1 0.71328125 0.54765625 0.04375 0.07265625
3 0.49140625 0.30703125 0.0109375 0.01484375
3 0.94453125 0.62890625 0.1109375 0.2625