1 0.6828125 0.684375 0.08515625 0.115625
1 0.6265625 0.55703125 0.05234375 0.06171875
1 0.85546875 0.73671875 0.11015625 0.13828125
1 0.946875 0.68125 0.0953125 0.1140625
1 0.80546875 0.54609375 0.04921875 0.05859375
1 0.6671875 0.471875 0.03359375 0.04375
1 0.33125 0.90078125 0.14765625 0.19375
1 0.8390625 0.521875 0.05546875 0.0609375
1 0.0890625 0.92578125 0.17734375 0.14453125
1 0.94609375 0.9453125 0.1078125 0.10859375
1 0.61484375 0.46640625 0.03359375 0.04453125
1 0.50078125 0.4703125 0.03984375 0.05078125
1 0.47265625 0.41015625 0.02265625 0.03203125
1 0.21875 0.6140625 0.09296875 0.103125
1 0.4515625 0.39609375 0.02109375 0.0234375
1 0.3203125 0.51953125 0.01875 0.05546875
1 0.50703125 0.42890625 0.02890625 0.0328125
1 0.52109375 0.38671875 0.01875 0.02578125
1 0.59765625 0.4328125 0.02890625 0.05
1 0.57890625 0.41015625 0.021875 0.0328125
1 0.01015625 0.85390625 0.0203125 0.09453125
0 0.37890625 0.525 0.109375 0.1734375
3 0.71875 0.53046875 0.084375 0.11953125
3 0.73984375 0.4515625 0.06796875 0.10703125
3 0.44453125 0.44453125 0.03515625 0.06953125