3 0.81484375 0.60859375 0.1203125 0.17109375
3 0.39765625 0.3578125 0.015625 0.0234375
3 0.4140625 0.34375 0.021875 0.03359375
1 0.39609375 0.475 0.0359375 0.0453125
1 0.4140625 0.409375 0.02421875 0.02734375
1 0.37890625 0.5296875 0.05234375 0.06796875
1 0.30078125 0.54453125 0.0515625 0.059375
1 0.50859375 0.38515625 0.01640625 0.021875
1 0.39453125 0.38046875 0.01640625 0.0234375
3 0.2859375 0.4390625 0.05078125 0.08125
3 0.6828125 0.49296875 0.0796875 0.078125
1 0.4921875 0.36015625 0.0140625 0.0171875
1 0.4125 0.35234375 0.01484375 0.021875
1 0.33984375 0.675 0.0859375 0.11640625
3 0.66796875 0.58671875 0.15390625 0.20703125
1 0.42421875 0.3703125 0.01640625 0.0140625
1 0.26484375 0.89921875 0.13984375 0.19453125
3 0.35390625 0.42109375 0.034375 0.05546875
3 0.3296875 0.46015625 0.0453125 0.07109375
1 0.4234375 0.38671875 0.01640625 0.02265625
3 0.37578125 0.39375 0.0296875 0.059375
3 0.3421875 0.39375 0.02890625 0.046875
1 0.6546875 0.8953125 0.1515625 0.20859375
3 0.17421875 0.52109375 0.128125 0.16796875
1 0.46796875 0.35546875 0.0125 0.0171875
3 0.1125 0.80234375 0.225 0.3953125
3 0.6078125 0.4328125 0.0625 0.11171875
3 0.52890625 0.36015625 0.03046875 0.046875
3 0.509375 0.3578125 0.02265625 0.0359375
3 0.3171875 0.40546875 0.0359375 0.04609375
3 0.38671875 0.34609375 0.02890625 0.03984375