1 0.13984375 0.7890625 0.12421875 0.13125
3 0.31796875 0.4890625 0.040625 0.04375
1 0.28359375 0.53515625 0.04765625 0.059375
1 0.3765625 0.49921875 0.0421875 0.0484375
3 0.48671875 0.340625 0.01640625 0.03125
1 0.2578125 0.48671875 0.040625 0.0453125
3 0.07109375 0.66953125 0.1421875 0.28359375
3 0.3421875 0.44453125 0.040625 0.06796875
1 0.465625 0.35 0.01015625 0.01484375
1 0.5140625 0.3875 0.01875 0.02421875
4 0.328125 0.65234375 0.08203125 0.11875
1 0.246875 0.60234375 0.07265625 0.08515625
1 0.225 0.471875 0.03359375 0.0390625
1 0.39296875 0.4703125 0.03671875 0.04453125
1 0.39375 0.38203125 0.01875 0.03046875
3 0.29609375 0.43828125 0.04140625 0.0671875