1 0.08671875 0.69921875 0.09921875 0.11953125
1 0.22890625 0.63984375 0.07734375 0.0921875
1 0.33671875 0.64765625 0.07421875 0.09453125
1 0.57109375 0.61640625 0.0640625 0.0921875
1 0.37890625 0.503125 0.04375 0.0546875
1 0.29140625 0.51953125 0.05078125 0.0640625
1 0.15625 0.52578125 0.05 0.05859375
1 0.25703125 0.47578125 0.0359375 0.05546875
1 0.2828125 0.42109375 0.0265625 0.03515625
1 0.490625 0.40625 0.02421875 0.040625
1 0.39765625 0.46484375 0.034375 0.04609375
1 0.52265625 0.4 0.021875 0.03125
1 0.24140625 0.45234375 0.03203125 0.03203125
1 0.48125 0.34140625 0.01015625 0.0140625
1 0.42265625 0.40390625 0.02109375 0.03203125
3 0.31796875 0.40078125 0.04453125 0.06328125
3 0.34375 0.37109375 0.0328125 0.04453125
3 0.215625 0.51484375 0.07265625 0.1046875
3 0.33359375 0.4625 0.06484375 0.0859375