4 0.63203125 0.80546875 0.115625 0.2109375
4 0.365625 0.58515625 0.06015625 0.08984375
1 0.06171875 0.903125 0.1234375 0.159375
1 0.2484375 0.93359375 0.14375 0.1328125
1 0.3375 0.69140625 0.08359375 0.10625
1 0.2109375 0.6625 0.09296875 0.09765625
1 0.18828125 0.50390625 0.0453125 0.05
1 0.3234375 0.4875 0.04609375 0.04765625
1 0.56171875 0.60859375 0.0671875 0.0953125
1 0.51796875 0.50546875 0.0453125 0.0546875
1 0.3828125 0.5078125 0.04921875 0.0578125
3 0.15078125 0.59375 0.10234375 0.1265625
3 0.2359375 0.50234375 0.0625 0.0875
3 0.7265625 0.63203125 0.165625 0.2625
3 0.590625 0.43125 0.03359375 0.0578125
3 0.5234375 0.38828125 0.02890625 0.04609375
3 0.29453125 0.42890625 0.0703125 0.10078125
3 0.35078125 0.41875 0.0546875 0.09296875
3 0.32734375 0.371875 0.0421875 0.03515625
3 0.35859375 0.3703125 0.0234375 0.03125
3 0.38984375 0.37265625 0.02421875 0.03359375
1 0.396875 0.45703125 0.03515625 0.034375
1 0.41015625 0.4234375 0.03125 0.0359375
1 0.41875 0.3953125 0.021875 0.02109375
1 0.42578125 0.365625 0.015625 0.0203125