1 0.63046875 0.83125 0.11953125 0.2015625
1 0.2953125 0.82109375 0.115625 0.17109375
1 0.528125 0.52890625 0.0546875 0.07578125
1 0.33046875 0.65234375 0.08203125 0.10625
1 0.34765625 0.5984375 0.065625 0.07421875
1 0.3765625 0.5359375 0.05390625 0.06484375
0 0.9140625 0.83828125 0.16875 0.3109375
3 0.3671875 0.38984375 0.04296875 0.06875
3 0.34453125 0.425 0.046875 0.06015625
1 0.03125 0.93984375 0.0625 0.11875
0 0.51953125 0.44609375 0.0703125 0.09921875
1 0.54609375 0.41796875 0.04765625 0.08515625
1 0.48125 0.41171875 0.01875 0.028125
3 0.76484375 0.565625 0.1515625 0.18203125
3 0.06796875 0.62734375 0.1203125 0.1796875
3 0.1796875 0.64375 0.1875 0.23984375
0 0.3046875 0.48515625 0.07890625 0.11328125