1 0.76875 0.9421875 0.14921875 0.115625
1 0.7109375 0.809375 0.1015625 0.12421875
1 0.6875 0.69140625 0.1 0.109375
1 0.615625 0.59921875 0.065625 0.08203125
1 0.478125 0.54140625 0.05546875 0.06640625
1 0.27421875 0.57578125 0.078125 0.09609375
1 0.43671875 0.465625 0.0375 0.05234375
1 0.50234375 0.44765625 0.03203125 0.04375
1 0.41796875 0.67109375 0.08125 0.1265625
3 0.28203125 0.6640625 0.128125 0.1734375
3 0.90546875 0.8296875 0.18828125 0.340625
3 0.96328125 0.671875 0.07265625 0.184375
3 0.75234375 0.5640625 0.0875 0.1265625
3 0.809375 0.6421875 0.11953125 0.15703125
3 0.8609375 0.5484375 0.12421875 0.17265625
3 0.4671875 0.40859375 0.0390625 0.065625
3 0.38671875 0.45 0.05078125 0.06875
3 0.62578125 0.39296875 0.0265625 0.046875
3 0.66640625 0.3890625 0.03125 0.04921875
3 0.63125 0.35703125 0.02578125 0.03359375
1 0.6265625 0.54296875 0.04765625 0.03359375
1 0.615625 0.51015625 0.04609375 0.053125
1 0.75 0.48046875 0.04140625 0.04296875
1 0.69375 0.5140625 0.04921875 0.0578125
1 0.596875 0.46171875 0.03203125 0.03515625
1 0.51484375 0.39296875 0.0265625 0.02890625
3 0.69609375 0.43515625 0.04375 0.05
1 0.67421875 0.48828125 0.03984375 0.04453125
1 0.65703125 0.45078125 0.03515625 0.03984375
1 0.59453125 0.42578125 0.0296875 0.03359375
1 0.52578125 0.3734375 0.02109375 0.01875
1 0.5046875 0.36796875 0.015625 0.01953125
1 0.42109375 0.421875 0.02734375 0.0296875