1 0.73671875 0.9125 0.1359375 0.175
1 0.68359375 0.68203125 0.0859375 0.10859375
1 0.64921875 0.590625 0.0703125 0.09609375
1 0.34765625 0.89609375 0.14453125 0.2
1 0.45703125 0.53515625 0.04921875 0.0703125
1 0.47890625 0.4296875 0.02890625 0.040625
1 0.609375 0.48046875 0.0359375 0.04375
1 0.596875 0.44921875 0.028125 0.0390625
3 0.921875 0.83828125 0.15625 0.3140625
4 0.49765625 0.45078125 0.03125 0.05
1 0.6265625 0.41171875 0.02265625 0.02734375
3 0.5203125 0.38828125 0.01953125 0.02890625
4 0.59140625 0.41640625 0.02421875 0.040625
3 0.09765625 0.909375 0.1953125 0.171875
3 0.4875 0.3796875 0.02421875 0.0375
3 0.77421875 0.57109375 0.15 0.2296875
3 0.665625 0.4375 0.06015625 0.09296875
3 0.9296875 0.63125 0.140625 0.11875
3 0.43671875 0.39296875 0.040625 0.06015625