3 0.91015625 0.83359375 0.1796875 0.3265625
1 0.77109375 0.93671875 0.15859375 0.11640625
3 0.80703125 0.64296875 0.12109375 0.15859375
1 0.57109375 0.34140625 0.02890625 0.065625
1 0.70859375 0.81171875 0.10234375 0.125
1 0.6421875 0.4296875 0.02890625 0.03359375
3 0.74609375 0.5671875 0.07421875 0.12734375
1 0.61875 0.60546875 0.0625 0.0875
3 0.9625 0.68984375 0.07265625 0.2046875
1 0.6890625 0.69296875 0.09296875 0.109375
3 0.8734375 0.56640625 0.1359375 0.1921875
1 0.5359375 0.35390625 0.01328125 0.02578125
3 0.7015625 0.44140625 0.0390625 0.05078125
1 0.61875 0.51484375 0.04375 0.05234375
1 0.596875 0.47109375 0.03515625 0.040625
3 0.52265625 0.3125 0.01015625 0.0203125
1 0.50859375 0.42890625 0.0296875 0.03671875
3 0.6921875 0.521875 0.04296875 0.06328125
3 0.6671875 0.39765625 0.03515625 0.06484375
3 0.52421875 0.32421875 0.01484375 0.0265625
1 0.596875 0.434375 0.02578125 0.03828125
1 0.66015625 0.459375 0.03671875 0.04296875
1 0.44765625 0.44296875 0.034375 0.040625
1 0.340625 0.5140625 0.05859375 0.06796875
1 0.5265625 0.36796875 0.01640625 0.0171875
1 0.50625 0.3625 0.0140625 0.01640625
3 0.53671875 0.315625 0.015625 0.021875
1 0.45 0.5640625 0.05 0.0875
1 0.6796875 0.49453125 0.04140625 0.05
1 0.51796875 0.38515625 0.01953125 0.0203125
1 0.49453125 0.4875 0.04140625 0.06171875
3 0.4109375 0.4359375 0.04453125 0.065625
3 0.346875 0.58671875 0.084375 0.14453125
3 0.48203125 0.39375 0.04296875 0.065625