3 0.09921875 0.590625 0.190625 0.21171875
1 0.32421875 0.4765625 0.040625 0.05078125
1 0.3921875 0.46640625 0.0390625 0.04921875
1 0.26953125 0.56328125 0.0609375 0.0765625
1 0.2796875 0.4609375 0.0328125 0.03984375
1 0.209375 0.67421875 0.0859375 0.096875
1 0.4703125 0.3625 0.01484375 0.01640625
3 0.49140625 0.34921875 0.0171875 0.0359375
1 0.278125 0.5140625 0.04296875 0.05546875
3 0.34453125 0.4421875 0.03671875 0.0640625
1 0.54765625 0.43359375 0.03046875 0.0375
1 0.37734375 0.4921875 0.04453125 0.05
4 0.35390625 0.57421875 0.0625 0.08984375