1 0.4546875 0.5734375 0.06328125 0.08828125
1 0.6671875 0.65 0.08359375 0.10859375
1 0.62421875 0.5375 0.053125 0.06171875
1 0.64921875 0.596875 0.06328125 0.07265625
4 0.696875 0.80390625 0.1125 0.165625
1 0.48515625 0.38828125 0.01875 0.0296875
1 0.5125 0.4203125 0.02734375 0.0328125
1 0.3 0.96484375 0.14375 0.0703125
1 0.521875 0.38125 0.0171875 0.0203125
1 0.53046875 0.36328125 0.01328125 0.01796875
1 0.58984375 0.41953125 0.021875 0.0265625
1 0.58359375 0.39765625 0.01953125 0.02109375
1 0.9546875 0.9125 0.090625 0.16640625
1 0.58125 0.37734375 0.01796875 0.021875
1 0.93125 0.93046875 0.03125 0.1296875
3 0.190625 0.609375 0.18203125 0.21796875
3 0.91875 0.61796875 0.1125 0.17265625
3 0.803125 0.6265625 0.1703125 0.228125
0 0.69140625 0.48125 0.08046875 0.12109375
0 0.46328125 0.4703125 0.075 0.11484375
3 0.7453125 0.46796875 0.04765625 0.078125
3 0.63046875 0.3890625 0.04296875 0.0640625