1 0.57890625 0.6921875 0.0921875 0.146875
1 0.51640625 0.49609375 0.04609375 0.0609375
1 0.328125 0.66171875 0.078125 0.10546875
1 0.34765625 0.60078125 0.06875 0.07734375
1 0.375 0.5390625 0.05625 0.06328125
1 0.3890625 0.471875 0.04375 0.03984375
1 0.409375 0.42109375 0.02421875 0.03203125
3 0.50859375 0.43203125 0.06015625 0.09609375
3 0.540625 0.409375 0.046875 0.08125
3 0.7328125 0.53125 0.13984375 0.1671875
3 0.1734375 0.6546875 0.20546875 0.2890625
3 0.0609375 0.64296875 0.121875 0.1953125
3 0.1859375 0.5296875 0.08984375 0.096875
0 0.30234375 0.49296875 0.090625 0.13515625
4 0.28984375 0.84609375 0.1265625 0.19296875
0 0.8640625 0.78203125 0.271875 0.43515625
3 0.25 0.4796875 0.06171875 0.0875
3 0.36953125 0.39296875 0.03984375 0.078125
3 0.34375 0.4328125 0.05078125 0.07265625
1 0.47421875 0.371875 0.01640625 0.0203125
1 0.46875 0.3578125 0.0125 0.01484375