1 0.575 0.646875 0.10390625 0.1484375
1 0.3375 0.67265625 0.0859375 0.10546875
1 0.36640625 0.56328125 0.05546875 0.07421875
1 0.26953125 0.865625 0.12578125 0.1609375
1 0.3859375 0.48984375 0.04375 0.05390625
1 0.53046875 0.38203125 0.021875 0.0296875
1 0.4828125 0.390625 0.02109375 0.02578125
0 0.1265625 0.759375 0.253125 0.3875
3 0.07109375 0.6015625 0.1203125 0.09453125
3 0.296875 0.5046875 0.0953125 0.10390625
3 0.18359375 0.52109375 0.075 0.07265625
3 0.940625 0.7125 0.11875 0.3390625
3 0.33203125 0.42578125 0.071875 0.12578125