3 0.2796875 0.53359375 0.11640625 0.165625
1 0.478125 0.496875 0.0453125 0.0609375
1 0.5234375 0.37578125 0.0171875 0.0234375
1 0.640625 0.56953125 0.0609375 0.07734375
3 0.70390625 0.48515625 0.09296875 0.1578125
1 0.60234375 0.44765625 0.03125 0.0359375
1 0.590625 0.42890625 0.02421875 0.03359375
1 0.690625 0.75234375 0.09609375 0.1265625
3 0.65078125 0.421875 0.0515625 0.08828125
1 0.5078125 0.4046875 0.02421875 0.03046875
1 0.61953125 0.4015625 0.01875 0.025
3 0.37421875 0.53671875 0.08125 0.13359375
3 0.4328125 0.39140625 0.040625 0.059375
3 0.43828125 0.453125 0.03828125 0.06328125
3 0.50078125 0.3375 0.0140625 0.02109375
1 0.571875 0.36171875 0.0140625 0.01875
1 0.51875 0.340625 0.0125 0.01640625
3 0.821875 0.63359375 0.14453125 0.190625
1 0.621875 0.5171875 0.053125 0.071875
1 0.528125 0.3625 0.01484375 0.01875
1 0.61328125 0.39140625 0.0203125 0.02421875
3 0.5265625 0.32578125 0.01171875 0.0203125
4 0.38984375 0.7140625 0.09921875 0.16484375
3 0.8328125 0.54765625 0.1078125 0.10546875
3 0.94765625 0.68046875 0.1046875 0.17421875
3 0.60546875 0.36953125 0.0234375 0.0359375