3 0.20546875 0.58515625 0.15625 0.2265625
1 0.3734375 0.553125 0.0515625 0.0703125
1 0.34765625 0.60546875 0.06328125 0.07109375
1 0.33359375 0.47109375 0.0421875 0.0484375
1 0.37578125 0.49375 0.04375 0.04140625
1 0.290625 0.75546875 0.1109375 0.134375
1 0.328125 0.6671875 0.0890625 0.1140625
3 0.30390625 0.421875 0.04140625 0.06640625
1 0.3921875 0.46640625 0.0390625 0.04453125
3 0.265625 0.44140625 0.0515625 0.06953125
1 0.31171875 0.50234375 0.04140625 0.05
1 0.4234375 0.38515625 0.01875 0.03046875
3 0.35703125 0.41953125 0.03515625 0.05703125
1 0.41640625 0.40390625 0.01640625 0.025
1 0.4 0.4125 0.02421875 0.0296875
1 0.47734375 0.38359375 0.01640625 0.02265625
1 0.5421875 0.528125 0.046875 0.07265625
1 0.46484375 0.34375 0.0109375 0.0171875
1 0.49453125 0.42734375 0.03046875 0.03828125
1 0.40625 0.36328125 0.01484375 0.02734375
3 0.07109375 0.60546875 0.128125 0.18671875
1 0.425 0.3640625 0.0171875 0.021875
1 0.584375 0.43515625 0.028125 0.03515625
4 0.68359375 0.93671875 0.1515625 0.1265625