1 0.54921875 0.53984375 0.05 0.07734375
1 0.54375 0.4453125 0.03203125 0.0421875
1 0.38515625 0.51015625 0.04375 0.05546875
1 0.29140625 0.75625 0.10859375 0.13359375
1 0.26015625 0.91484375 0.1375 0.16953125
1 0.3640625 0.5625 0.05625 0.0640625
4 0.39921875 0.44296875 0.03125 0.04140625
1 0.328125 0.6640625 0.0875 0.121875
1 0.3578125 0.434375 0.02578125 0.03046875
1 0.4734375 0.371875 0.0171875 0.02109375
1 0.36953125 0.415625 0.02421875 0.0265625
1 0.33125 0.48046875 0.02578125 0.0546875
3 0.328125 0.40625 0.03515625 0.0546875
3 0.0609375 0.86484375 0.12109375 0.2671875
1 0.5140625 0.3765625 0.02265625 0.03671875
1 0.4671875 0.353125 0.0109375 0.0171875
3 0.15078125 0.65 0.21484375 0.31484375
3 0.2703125 0.5078125 0.0984375 0.15625