3 0.071875 0.871875 0.14375 0.25625
3 0.10234375 0.61015625 0.13515625 0.159375
1 0.24140625 0.6421875 0.07734375 0.08984375
1 0.3203125 0.71796875 0.09375 0.11015625
1 0.2546875 0.57734375 0.06171875 0.06328125
1 0.36953125 0.5734375 0.05625 0.0796875
1 0.30390625 0.5125 0.0484375 0.053125
4 0.3875 0.50859375 0.04453125 0.0625
3 0.2421875 0.49453125 0.0546875 0.08359375
3 0.29453125 0.44296875 0.04453125 0.059375
3 0.37578125 0.38671875 0.0375 0.0703125
3 0.33203125 0.39453125 0.0453125 0.07265625
1 0.3984375 0.44765625 0.03671875 0.04765625
1 0.36171875 0.42890625 0.03515625 0.0359375
1 0.50703125 0.47421875 0.03671875 0.05859375
1 0.52109375 0.41015625 0.0296875 0.0359375
1 0.4078125 0.41796875 0.0296875 0.0234375
1 0.41640625 0.39375 0.021875 0.02734375
1 0.49453125 0.36015625 0.0171875 0.021875
3 0.68515625 0.58671875 0.11328125 0.16640625
3 0.52578125 0.3625 0.025 0.0390625