1 0.334375 0.6359375 0.07578125 0.08984375
1 0.38046875 0.53671875 0.046875 0.05546875
1 0.20625 0.52265625 0.04296875 0.0546875
1 0.515625 0.5328125 0.04765625 0.0578125
1 0.3375 0.46640625 0.03125 0.04140625
1 0.56875 0.41328125 0.02421875 0.028125
3 0.08984375 0.64296875 0.084375 0.10234375
1 0.38828125 0.45546875 0.03125 0.04296875
1 0.03203125 0.621875 0.0640625 0.08515625
1 0.1953125 0.49375 0.0484375 0.0546875
1 0.54375 0.43515625 0.02890625 0.0390625
3 0.175 0.69609375 0.1015625 0.12578125
3 0.58671875 0.49140625 0.059375 0.09296875
1 0.078125 0.91015625 0.15625 0.17890625
1 0.49765625 0.43671875 0.025 0.03671875
4 0.50859375 0.48125 0.0390625 0.06015625
1 0.47109375 0.35703125 0.0125 0.01640625
1 0.41328125 0.43828125 0.03515625 0.028125
1 0.40234375 0.4171875 0.0296875 0.02421875
1 0.484375 0.40234375 0.021875 0.02890625
1 0.42109375 0.40859375 0.021875 0.02890625
0 0.7234375 0.6515625 0.2078125 0.30078125
1 0.48125 0.3390625 0.009375 0.01640625
1 0.3125 0.428125 0.0265625 0.025
1 0.4625 0.33671875 0.009375 0.015625
3 0.92578125 0.75 0.1484375 0.15859375
3 0.290625 0.515625 0.0828125 0.11171875
3 0.2703125 0.44140625 0.06640625 0.1
3 0.31640625 0.3984375 0.04921875 0.0671875
3 0.346875 0.43828125 0.0375 0.06484375
3 0.3671875 0.41171875 0.03359375 0.0578125
1 0.36796875 0.37109375 0.02109375 0.02421875
3 0.37265625 0.35234375 0.02109375 0.01796875
3 0.390625 0.36484375 0.01953125 0.025
3 0.38828125 0.34140625 0.02109375 0.025
1 0.48125 0.38125 0.01953125 0.01875