1 0.3734375 0.5109375 0.04453125 0.053125
1 0.21171875 0.65390625 0.08359375 0.1046875
1 0.39140625 0.46640625 0.03984375 0.04921875
1 0.27890625 0.553125 0.05625 0.065625
3 0.4828125 0.33671875 0.01484375 0.03046875
3 0.340625 0.45 0.04375 0.07265625
4 0.2828125 0.77734375 0.115625 0.159375
3 0.79921875 0.80234375 0.1546875 0.16953125
1 0.50078125 0.36875 0.0171875 0.0203125
1 0.2328125 0.5140625 0.04609375 0.05078125
3 0.2796875 0.44921875 0.04375 0.06875
3 0.3140625 0.48984375 0.04296875 0.05546875
3 0.040625 0.690625 0.08125 0.23125
1 0.14765625 0.5390625 0.05546875 0.0515625
3 0.63671875 0.5234375 0.07421875 0.1390625
1 0.471875 0.32421875 0.01015625 0.01328125