3 0.296875 0.42265625 0.0546875 0.0875
3 0.31875 0.4859375 0.06171875 0.09140625
1 0.37578125 0.51953125 0.04921875 0.05859375
3 0.0984375 0.6203125 0.12265625 0.16328125
1 0.3203125 0.62265625 0.08046875 0.090625
1 0.5421875 0.5625 0.0546875 0.08515625
1 0.6625 0.9015625 0.140625 0.196875
1 0.8015625 0.64921875 0.09296875 0.1
1 0.51640625 0.46953125 0.03828125 0.05390625
1 0.3953125 0.47734375 0.03671875 0.04453125
3 0.2484375 0.5828125 0.0734375 0.09296875
3 0.19375 0.54140625 0.0515625 0.06953125
1 0.08203125 0.86953125 0.15234375 0.17109375
1 0.075 0.865625 0.03203125 0.02109375