3 0.07578125 0.63984375 0.1515625 0.2921875
3 0.21875 0.50078125 0.071875 0.11328125
1 0.41640625 0.39609375 0.01953125 0.02578125
3 0.22421875 0.60390625 0.12578125 0.16484375
1 0.48203125 0.39609375 0.021875 0.028125
1 0.4234375 0.37265625 0.01640625 0.0203125
3 0.29296875 0.49296875 0.0921875 0.11796875
1 0.5125 0.48671875 0.040625 0.05859375
1 0.503125 0.41171875 0.0234375 0.0296875
1 0.390625 0.46328125 0.0375 0.040625
3 0.384375 0.37421875 0.03359375 0.0578125
1 0.4109375 0.41171875 0.021875 0.028125
1 0.37578125 0.5359375 0.053125 0.0625
1 0.553125 0.60859375 0.065625 0.096875
1 0.403125 0.434375 0.0328125 0.04453125
3 0.3703125 0.39765625 0.0390625 0.0453125
1 0.2953125 0.8375 0.1203125 0.16796875
4 0.32578125 0.71640625 0.0984375 0.13203125
1 0.3375 0.6296875 0.08046875 0.0828125
1 0.3515625 0.58125 0.06796875 0.0546875
1 0.38515625 0.49765625 0.040625 0.04921875
3 0.625 0.5375 0.0578125 0.0984375
3 0.26328125 0.440625 0.04453125 0.0359375
3 0.30078125 0.4171875 0.0421875 0.0421875
0 0.34765625 0.4296875 0.05703125 0.08203125
1 0.36640625 0.36875 0.015625 0.01796875
3 0.3984375 0.359375 0.021875 0.03515625
3 0.47734375 0.334375 0.01328125 0.0234375