3 0.059375 0.88828125 0.11875 0.22265625
3 0.06171875 0.65859375 0.12265625 0.17890625
0 0.228125 0.58671875 0.15625 0.21796875
1 0.27109375 0.8484375 0.140625 0.171875
1 0.3265625 0.684375 0.0828125 0.10234375
1 0.36640625 0.571875 0.0625 0.06796875
1 0.57578125 0.63359375 0.0765625 0.13046875
3 0.665625 0.48984375 0.06953125 0.0875
3 0.31484375 0.46640625 0.06796875 0.0875
3 0.34921875 0.4171875 0.0546875 0.08984375
3 0.51953125 0.39453125 0.03828125 0.046875
3 0.55546875 0.384375 0.03359375 0.053125
1 0.50390625 0.4546875 0.02890625 0.0453125
1 0.38203125 0.51640625 0.04140625 0.05078125
1 0.38671875 0.47265625 0.03671875 0.0375