1 0.49453125 0.46171875 0.0390625 0.0515625
1 0.60234375 0.4390625 0.0296875 0.03203125
1 0.65234375 0.596875 0.06875 0.065625
1 0.6109375 0.46953125 0.0359375 0.0359375
1 0.528125 0.365625 0.0140625 0.0234375
1 0.6734375 0.6703125 0.0875 0.109375
3 0.76171875 0.48203125 0.059375 0.08671875
3 0.82421875 0.525 0.08984375 0.08359375
1 0.6265625 0.5390625 0.0546875 0.065625
1 0.61328125 0.5 0.04140625 0.053125
3 0.634375 0.3953125 0.04609375 0.08203125
1 0.590625 0.4203125 0.02578125 0.0265625
3 0.946875 0.65390625 0.10625 0.1953125
1 0.459375 0.57421875 0.0609375 0.09609375
1 0.34140625 0.84609375 0.12421875 0.2015625
3 0.659375 0.434375 0.0578125 0.07265625
1 0.521875 0.340625 0.01015625 0.01171875
1 0.5359375 0.33984375 0.01015625 0.01640625
1 0.52265625 0.3171875 0.0109375 0.01171875
3 0.85 0.6984375 0.23515625 0.30234375
4 0.71953125 0.87890625 0.1390625 0.20859375
0 0.2609375 0.615625 0.1984375 0.25859375
3 0.3140625 0.47421875 0.1046875 0.08515625
3 0.4671875 0.39453125 0.040625 0.07265625
0 0.5046875 0.409375 0.04609375 0.07578125
0 0.70390625 0.5 0.09609375 0.1359375
4 0.58515625 0.39765625 0.02421875 0.03125