1 0.278125 0.85859375 0.12421875 0.16015625
1 0.1515625 0.7578125 0.1125 0.1234375
1 0.653125 0.86953125 0.125 0.2140625
1 0.55390625 0.56640625 0.0578125 0.084375
1 0.353125 0.56640625 0.0625 0.07578125
1 0.26875 0.553125 0.06015625 0.0765625
1 0.38515625 0.49609375 0.04296875 0.05390625
1 0.49921875 0.43203125 0.02734375 0.03359375
1 0.01953125 0.665625 0.0390625 0.090625
1 0.21640625 0.5140625 0.0484375 0.06171875
1 0.27265625 0.4296875 0.0234375 0.0296875
1 0.2390625 0.45625 0.0390625 0.04140625
1 0.475 0.3671875 0.015625 0.02265625
1 0.50078125 0.36875 0.01484375 0.0203125
1 0.35390625 0.44921875 0.01484375 0.03203125
1 0.17265625 0.50625 0.0515625 0.04296875
1 0.49296875 0.35703125 0.0125 0.0171875
1 0.47421875 0.33125 0.0078125 0.01171875
3 0.15 0.57890625 0.1 0.1265625
3 0.32265625 0.46875 0.05625 0.07734375
3 0.3046875 0.41484375 0.05 0.0796875