3 0.08203125 0.81796875 0.1640625 0.35625
1 0.6984375 0.89765625 0.165625 0.20390625
1 0.25234375 0.8984375 0.1640625 0.203125
1 0.32421875 0.67578125 0.07890625 0.1109375
1 0.56484375 0.63046875 0.0703125 0.12265625
3 0.14921875 0.55 0.14453125 0.17265625
3 0.24765625 0.47421875 0.0625 0.12109375
3 0.25390625 0.60078125 0.0671875 0.09765625
1 0.3671875 0.58125 0.05390625 0.08203125
1 0.28984375 0.5390625 0.04609375 0.0625
3 0.37421875 0.5078125 0.0421875 0.06328125
1 0.321875 0.48359375 0.03515625 0.05078125
1 0.28515625 0.440625 0.02265625 0.0390625
1 0.52109375 0.48828125 0.0390625 0.05703125
1 0.49921875 0.440625 0.03046875 0.03984375
3 0.55390625 0.42421875 0.0515625 0.0953125
3 0.59921875 0.4265625 0.0453125 0.08125
1 0.390625 0.46640625 0.03125 0.04296875
3 0.35234375 0.42734375 0.034375 0.0625
1 0.33828125 0.45078125 0.02734375 0.03515625
1 0.32109375 0.4203125 0.02578125 0.0234375
1 0.4703125 0.359375 0.01484375 0.02890625
1 0.4 0.425 0.02421875 0.0328125