1 0.70546875 0.8359375 0.11328125 0.15390625
1 0.6625 0.621875 0.07734375 0.07265625
1 0.64140625 0.56875 0.0578125 0.06640625
4 0.6734375 0.7171875 0.0890625 0.13203125
1 0.6125 0.50546875 0.04609375 0.05390625
1 0.590625 0.409375 0.02265625 0.0296875
1 0.778125 0.9765625 0.1609375 0.04296875
3 0.66875 0.45234375 0.04921875 0.08203125
3 0.8578125 0.69609375 0.20859375 0.32890625
3 0.884375 0.5796875 0.2 0.23203125
3 0.7703125 0.4640625 0.09375 0.12734375
3 0.47265625 0.39765625 0.03984375 0.0625
3 0.7015625 0.42890625 0.03984375 0.0671875