3 0.759375 0.7578125 0.13203125 0.14921875
3 0.0890625 0.63515625 0.134375 0.16484375
3 0.24609375 0.58828125 0.06796875 0.0921875
3 0.3171875 0.48359375 0.06484375 0.09296875
3 0.2953125 0.42421875 0.05625 0.084375
3 0.3515625 0.4265625 0.0375 0.05703125
3 0.33125 0.39296875 0.03984375 0.0671875
1 0.31328125 0.640625 0.0890625 0.1015625
1 0.0734375 0.8921875 0.146875 0.175
1 0.3953125 0.4765625 0.03671875 0.040625
1 0.3734375 0.52890625 0.053125 0.0625
1 0.20234375 0.48828125 0.046875 0.0515625
1 0.24921875 0.45546875 0.03359375 0.03515625
1 0.39453125 0.4375 0.0296875 0.034375
1 0.48359375 0.39375 0.02109375 0.02421875
1 0.51328125 0.45703125 0.03515625 0.0484375
1 0.53515625 0.53984375 0.0515625 0.075
1 0.76484375 0.6140625 0.07890625 0.0859375
1 0.62578125 0.8203125 0.115625 0.19296875