3 0.6625 0.503125 0.06953125 0.08671875
3 0.54296875 0.4109375 0.04609375 0.0859375
3 0.4953125 0.35625 0.01953125 0.0328125
3 0.034375 0.75078125 0.06796875 0.17265625
3 0.1609375 0.58046875 0.10390625 0.12421875
3 0.25234375 0.4640625 0.090625 0.1328125
3 0.3171875 0.46015625 0.07734375 0.1234375
3 0.3015625 0.38671875 0.05625 0.04296875
3 0.34453125 0.38828125 0.028125 0.04609375
3 0.378125 0.39375 0.0296875 0.0484375
3 0.3890625 0.37265625 0.0296875 0.04453125
4 0.34453125 0.65859375 0.07890625 0.1171875
1 0.23125 0.9703125 0.14609375 0.05859375
1 0.05625 0.94140625 0.1125 0.11640625
1 0.30625 0.79921875 0.11015625 0.14453125
1 0.2671875 0.57734375 0.06796875 0.07890625
1 0.3640625 0.565625 0.0609375 0.07421875
1 0.38515625 0.496875 0.04140625 0.05078125
1 0.4046875 0.4515625 0.03359375 0.03671875
1 0.41328125 0.41875 0.0234375 0.03125
1 0.50078125 0.4578125 0.03203125 0.0390625
1 0.47890625 0.38203125 0.01875 0.02265625
1 0.41953125 0.37890625 0.01875 0.021875
1 0.49765625 0.3953125 0.02109375 0.034375
1 0.4859375 0.41328125 0.02578125 0.03515625