1 0.29296875 0.75703125 0.1078125 0.13984375
3 0.1015625 0.78984375 0.203125 0.4203125
1 0.3734375 0.55546875 0.05078125 0.0671875
1 0.2578125 0.91796875 0.1390625 0.16328125
1 0.6015625 0.72421875 0.1015625 0.159375
1 0.34765625 0.60703125 0.06328125 0.0734375
3 0.22265625 0.55859375 0.1421875 0.20703125
1 0.50703125 0.4734375 0.0359375 0.04921875
1 0.32890625 0.66328125 0.0875 0.1234375
1 0.31484375 0.496875 0.04375 0.0484375
4 0.37734375 0.50859375 0.04765625 0.053125
1 0.396875 0.45625 0.0359375 0.04375
1 0.8015625 0.66015625 0.09140625 0.1140625
1 0.3421875 0.45859375 0.03828125 0.04375
3 0.31171875 0.41640625 0.0390625 0.0671875
3 0.26953125 0.43515625 0.07578125 0.07734375
3 0.53359375 0.41015625 0.0328125 0.06171875
1 0.38828125 0.40390625 0.021875 0.02734375
1 0.409375 0.41640625 0.02578125 0.02421875
1 0.4046875 0.43046875 0.02421875 0.02265625
3 0.36171875 0.41015625 0.034375 0.05546875
1 0.4734375 0.36015625 0.01328125 0.0171875
3 0.5609375 0.40078125 0.02578125 0.04296875
1 0.4671875 0.353125 0.0109375 0.01875
3 0.14453125 0.52734375 0.10390625 0.12109375
1 0.41640625 0.39765625 0.02109375 0.0203125