0 0.08984375 0.825 0.1796875 0.35
3 0.23984375 0.5734375 0.18203125 0.22734375
1 0.38125 0.82890625 0.16328125 0.22734375
0 0.47890625 0.4484375 0.07578125 0.1015625
1 0.471875 0.5234375 0.065625 0.08203125
4 0.7046875 0.82265625 0.12578125 0.1828125
3 0.91328125 0.61953125 0.1703125 0.1765625
3 0.82421875 0.65625 0.2046875 0.2671875
0 0.690625 0.4890625 0.0984375 0.12890625
3 0.7515625 0.47265625 0.05390625 0.08671875
3 0.8109375 0.50625 0.08671875 0.075
1 0.67421875 0.6578125 0.08125 0.10859375
1 0.65 0.59296875 0.06328125 0.0703125
1 0.62578125 0.53828125 0.04765625 0.0578125
1 0.61484375 0.4984375 0.0421875 0.04296875
1 0.48671875 0.38203125 0.01640625 0.03203125
3 0.4515625 0.41328125 0.046875 0.07578125
1 0.5234375 0.3796875 0.01796875 0.0234375
1 0.52109375 0.4109375 0.0234375 0.03515625
1 0.59140625 0.4171875 0.02578125 0.025
3 0.63125 0.3953125 0.04453125 0.07421875
3 0.65390625 0.42734375 0.04375 0.05546875