3 0.2375 0.578125 0.09296875 0.13359375
1 0.27421875 0.91484375 0.1515625 0.16640625
1 0.39140625 0.4984375 0.04296875 0.05078125
1 0.340625 0.6765625 0.0796875 0.1046875
3 0.13828125 0.57421875 0.10625 0.16171875
1 0.42421875 0.3734375 0.0140625 0.02109375
1 0.403125 0.4515625 0.03046875 0.04140625
1 0.39453125 0.378125 0.01796875 0.02265625
1 0.571875 0.6484375 0.07265625 0.1125
3 0.38203125 0.36875 0.0125 0.02421875
1 0.5015625 0.45234375 0.03359375 0.04453125
1 0.4640625 0.340625 0.01015625 0.01953125
3 0.50625 0.3765625 0.02421875 0.03203125
1 0.3703125 0.409375 0.0234375 0.03203125
3 0.4109375 0.32265625 0.01015625 0.01875
3 0.42734375 0.33515625 0.015625 0.02734375
3 0.475 0.3078125 0.009375 0.0140625
1 0.4671875 0.35703125 0.01015625 0.015625
1 0.53984375 0.38125 0.01640625 0.021875
3 0.459375 0.321875 0.0109375 0.02734375
3 0.25234375 0.471875 0.05546875 0.08125
3 0.43984375 0.38359375 0.01328125 0.0234375
3 0.41484375 0.340625 0.015625 0.02734375
1 0.475 0.3234375 0.02109375 0.03515625
3 0.49453125 0.31953125 0.0140625 0.02734375
1 0.47421875 0.38046875 0.01953125 0.0328125
1 0.41328125 0.390625 0.0203125 0.0265625
1 0.353125 0.4421875 0.03046875 0.0453125
1 0.41015625 0.421875 0.02578125 0.0359375
3 0.5296875 0.365625 0.01640625 0.02265625
1 0.6078125 0.5109375 0.06015625 0.0890625
3 0.35234375 0.3890625 0.02109375 0.03515625
3 0.49453125 0.35 0.01953125 0.03046875
3 0.5171875 0.3546875 0.01328125 0.0234375
3 0.08203125 0.84765625 0.16328125 0.28046875
1 0.3703125 0.378125 0.01640625 0.01875
3 0.19921875 0.50703125 0.0671875 0.09296875
3 0.3140625 0.484375 0.05703125 0.0828125