3 0.12734375 0.5625 0.1703125 0.2
3 0.35 0.43125 0.0484375 0.07109375
3 0.31796875 0.41640625 0.0375 0.05859375
3 0.346875 0.375 0.03984375 0.05
3 0.38359375 0.35 0.02109375 0.0390625
3 0.3765625 0.39765625 0.02890625 0.04296875
3 0.02578125 0.7046875 0.0515625 0.23828125
1 0.275 0.89296875 0.13671875 0.18359375
1 0.2296875 0.6453125 0.0796875 0.09453125
1 0.28046875 0.553125 0.0578125 0.07421875
1 0.3796875 0.48828125 0.04296875 0.046875
1 0.36328125 0.5515625 0.059375 0.08515625
1 0.2734375 0.5 0.0421875 0.04765625
1 0.290625 0.4515625 0.02890625 0.0375
1 0.11875 0.53828125 0.03359375 0.053125
1 0.29453125 0.41171875 0.02109375 0.02890625
1 0.39609375 0.43046875 0.028125 0.03046875
1 0.58125 0.4828125 0.04609375 0.05546875
1 0.47421875 0.3734375 0.01796875 0.02421875
3 0.48984375 0.3515625 0.0296875 0.0453125