3 0.0984375 0.603125 0.121875 0.16328125
3 0.23125 0.603125 0.1140625 0.15625
4 0.83046875 0.82421875 0.14453125 0.2171875
1 0.25703125 0.93203125 0.15625 0.1359375
3 0.05625 0.915625 0.1125 0.16875
3 0.18828125 0.52578125 0.078125 0.1125
1 0.3640625 0.590625 0.0640625 0.07578125
1 0.3875 0.50390625 0.04296875 0.05546875
3 0.59453125 0.4203125 0.0453125 0.071875
1 0.340625 0.453125 0.034375 0.0421875
3 0.02578125 0.72421875 0.05078125 0.1796875
3 0.290625 0.44765625 0.03984375 0.05546875
1 0.3125 0.5140625 0.04765625 0.05859375
3 0.32890625 0.40859375 0.03125 0.0484375
1 0.3984375 0.4640625 0.03515625 0.0515625
3 0.3875 0.3703125 0.03125 0.0546875
1 0.41640625 0.39453125 0.0203125 0.028125
1 0.478125 0.38515625 0.01796875 0.0234375
1 0.4046875 0.41640625 0.025 0.03515625
1 0.51875 0.3921875 0.025 0.028125
3 0.35390625 0.37734375 0.03359375 0.053125
3 0.40859375 0.34765625 0.01796875 0.0296875
1 0.5328125 0.375 0.01484375 0.0203125
3 0.36640625 0.353125 0.0234375 0.0328125
1 0.38125 0.39921875 0.02421875 0.02734375