1 0.26171875 0.9140625 0.1359375 0.171875
1 0.29140625 0.75546875 0.11015625 0.13359375
1 0.3296875 0.66875 0.08984375 0.11484375
1 0.37265625 0.5546875 0.05078125 0.06953125
1 0.33203125 0.47109375 0.03359375 0.04375
1 0.346875 0.6046875 0.0625 0.071875
1 0.3796875 0.490625 0.04453125 0.0609375
1 0.3546875 0.43984375 0.03125 0.0390625
1 0.50078125 0.43984375 0.02890625 0.0359375
1 0.40625 0.4265625 0.028125 0.03359375
1 0.4828125 0.3953125 0.0203125 0.0234375
3 0.6765625 0.6 0.0984375 0.1875
3 0.371875 0.396875 0.02734375 0.04609375
3 0.29296875 0.42265625 0.06015625 0.0640625
3 0.1265625 0.70078125 0.2515625 0.3609375
3 0.7640625 0.59609375 0.1125 0.1453125
3 0.24296875 0.5421875 0.12109375 0.17578125