1 0.59296875 0.65390625 0.0796875 0.1140625
1 0.365625 0.55546875 0.05625 0.06328125
1 0.29140625 0.75546875 0.10859375 0.1328125
1 0.3875 0.5046875 0.0421875 0.05390625
1 0.2609375 0.9140625 0.13515625 0.16796875
1 0.56640625 0.4828125 0.04140625 0.05546875
1 0.328125 0.66328125 0.0875 0.12109375
1 0.359375 0.43359375 0.025 0.02890625
1 0.47578125 0.3796875 0.01953125 0.0234375
1 0.40078125 0.44296875 0.028125 0.03203125
1 0.33515625 0.47578125 0.0234375 0.05078125
1 0.46953125 0.3578125 0.01328125 0.01796875
3 0.0609375 0.865625 0.121875 0.265625
3 0.1546875 0.6546875 0.2140625 0.30234375
3 0.27890625 0.5015625 0.10234375 0.1453125