1 0.27890625 0.8359375 0.121875 0.203125
1 0.13125 0.84453125 0.12734375 0.1875
1 0.340625 0.62890625 0.08515625 0.10625
1 0.27578125 0.5578125 0.06796875 0.10703125
1 0.34375 0.4671875 0.02734375 0.10390625
1 0.1828125 0.66875 0.0796875 0.1265625
1 0.3921875 0.46015625 0.04296875 0.0671875
4 0.3734375 0.5328125 0.0640625 0.084375
3 0.26953125 0.4703125 0.04921875 0.071875
3 0.309375 0.403125 0.0375 0.14140625
3 0.1984375 0.51953125 0.07890625 0.125
3 0.06015625 0.68671875 0.1203125 0.22265625
3 0.56796875 0.434375 0.05390625 0.1109375
3 0.76640625 0.60390625 0.115625 0.19296875