1 0.83828125 0.7515625 0.109375 0.11953125
1 0.7484375 0.5921875 0.0671875 0.084375
1 0.66484375 0.63359375 0.07890625 0.10703125
1 0.7171875 0.53046875 0.04453125 0.0578125
1 0.7359375 0.48125 0.03828125 0.0421875
1 0.62265625 0.49609375 0.04296875 0.05
1 0.7609375 0.45859375 0.0296875 0.03359375
1 0.68046875 0.48125 0.03984375 0.05
1 0.48046875 0.39609375 0.021875 0.02578125
1 0.6078125 0.46640625 0.03671875 0.04296875
1 0.5328125 0.353125 0.0109375 0.01484375
3 0.921875 0.63671875 0.15625 0.23203125
3 0.7 0.43203125 0.04453125 0.059375
3 0.65703125 0.43671875 0.04453125 0.0625
3 0.5125 0.34375 0.01875 0.03359375