1 0.5671875 0.653125 0.078125 0.1234375
1 0.30859375 0.7046875 0.09140625 0.11875
1 0.52421875 0.48203125 0.03828125 0.05390625
1 0.34609375 0.60234375 0.0734375 0.09921875
1 0.26171875 0.9140625 0.13515625 0.1703125
1 0.5140625 0.4109375 0.025 0.03125
1 0.40234375 0.453125 0.028125 0.0390625
1 0.38984375 0.484375 0.03828125 0.04453125
1 0.4953125 0.42421875 0.02578125 0.03984375
1 0.5234375 0.36015625 0.0171875 0.0234375
1 0.4765625 0.37734375 0.01796875 0.028125
1 0.371875 0.41328125 0.0234375 0.02734375
1 0.49453125 0.36015625 0.0125 0.0203125
1 0.40859375 0.42578125 0.02421875 0.03125
1 0.50625 0.37421875 0.01953125 0.03203125
3 0.07265625 0.84921875 0.14296875 0.30078125
3 0.77578125 0.75390625 0.18125 0.240625
3 0.06171875 0.65390625 0.1234375 0.1359375
3 0.20859375 0.584375 0.15625 0.23671875
3 0.33046875 0.440625 0.0625 0.096875
3 0.55546875 0.38671875 0.03828125 0.05234375