3 0.08515625 0.61328125 0.1703125 0.26796875
3 0.22578125 0.49296875 0.0609375 0.10390625
3 0.3 0.4828125 0.08515625 0.11015625
3 0.34921875 0.4234375 0.0546875 0.07578125
1 0.2953125 0.840625 0.1203125 0.16015625
4 0.32734375 0.7171875 0.09140625 0.13046875
1 0.6015625 0.74921875 0.0953125 0.14609375
1 0.66640625 0.59296875 0.065625 0.128125
1 0.5296875 0.53359375 0.053125 0.071875
1 0.33828125 0.63046875 0.07578125 0.0828125
1 0.35234375 0.5796875 0.0625 0.05234375
3 0.23359375 0.590625 0.10390625 0.1375
1 0.50859375 0.4328125 0.02890625 0.0375
3 0.38671875 0.36953125 0.03359375 0.05859375