1 0.56171875 0.61875 0.065625 0.09375
1 0.50546875 0.465625 0.0359375 0.04453125
1 0.34921875 0.6 0.0625 0.07421875
1 0.3734375 0.553125 0.05078125 0.0671875
1 0.2890625 0.7578125 0.1109375 0.13515625
1 0.33984375 0.4609375 0.03125 0.0390625
1 0.38203125 0.48671875 0.04296875 0.05703125
1 0.2609375 0.91484375 0.13671875 0.1703125
1 0.359375 0.43359375 0.028125 0.0359375
1 0.4703125 0.3515625 0.01171875 0.02109375
1 0.32890625 0.66171875 0.0875 0.11796875
1 0.40859375 0.41484375 0.02421875 0.02734375
3 0.03984375 0.9 0.07578125 0.1953125
3 0.140625 0.67109375 0.2296875 0.334375
3 0.25078125 0.53515625 0.10625 0.16015625
3 0.3015625 0.41953125 0.0546875 0.06953125
3 0.37734375 0.39296875 0.03203125 0.0421875