1 0.278125 0.86640625 0.1234375 0.16015625
1 0.33671875 0.61953125 0.075 0.0921875
1 0.57890625 0.5765625 0.06328125 0.09375
4 0.58359375 0.7015625 0.0875 0.153125
1 0.3625 0.55859375 0.0625 0.0859375
1 0.39453125 0.46328125 0.03359375 0.03828125
1 0.48984375 0.40546875 0.0234375 0.0328125
4 0.503125 0.44453125 0.03203125 0.0484375
1 0.40703125 0.4359375 0.02578125 0.0375
1 0.51640625 0.39296875 0.01875 0.03046875
3 0.540625 0.36953125 0.02578125 0.0375
3 0.10703125 0.7296875 0.1984375 0.2578125
3 0.2625 0.5265625 0.11953125 0.18671875
3 0.60625 0.428125 0.05859375 0.0859375
3 0.340625 0.42890625 0.0546875 0.08828125
3 0.54140625 0.41875 0.0296875 0.0578125