3 0.46953125 0.825 0.19453125 0.27890625
3 0.3296875 0.7 0.18828125 0.3046875
3 0.08515625 0.3859375 0.0703125 0.1328125
3 0.1765625 0.371875 0.0703125 0.08828125
3 0.2796875 0.40390625 0.0890625 0.15703125
3 0.028125 0.42421875 0.05625 0.17734375
3 0.58125 0.3203125 0.078125 0.09453125
3 0.22265625 0.3171875 0.084375 0.11953125
3 0.32578125 0.3546875 0.05078125 0.08203125
3 0.49921875 0.325 0.08984375 0.09296875
3 0.390625 0.34453125 0.06328125 0.1046875
3 0.72578125 0.421875 0.06015625 0.09140625
3 0.9625 0.51640625 0.07421875 0.1484375
3 0.965625 0.41875 0.06640625 0.06015625