1 0.72578125 0.82734375 0.09375 0.13125
1 0.5765625 0.74375 0.0421875 0.05859375
1 0.81953125 0.81796875 0.08984375 0.10546875
1 0.62734375 0.70234375 0.03828125 0.04765625
1 0.39296875 0.678125 0.028125 0.0328125
1 0.54921875 0.70234375 0.02890625 0.0359375
1 0.5359375 0.64140625 0.021875 0.0234375
1 0.653125 0.97109375 0.09375 0.05625
1 0.16640625 0.93046875 0.1359375 0.13125
1 0.59453125 0.6578125 0.0296875 0.0390625
1 0.409375 0.61015625 0.01640625 0.0234375
1 0.59765625 0.6453125 0.02109375 0.01953125
1 0.528125 0.61875 0.01796875 0.01953125
1 0.43125 0.62265625 0.02109375 0.02578125
1 0.56171875 0.60859375 0.01796875 0.02109375
1 0.52421875 0.5984375 0.0140625 0.0171875
1 0.58203125 0.57578125 0.0109375 0.01640625
1 0.5796875 0.60234375 0.01484375 0.0171875
1 0.5390625 0.578125 0.01328125 0.01640625
1 0.5609375 0.58828125 0.01171875 0.01484375
1 0.446875 0.5984375 0.01328125 0.01875