1 0.79921875 0.675 0.08046875 0.1
1 0.6328125 0.53515625 0.0640625 0.0640625
1 0.5296875 0.5890625 0.075 0.0625
1 0.34453125 0.7015625 0.09375 0.1015625
1 0.5078125 0.434375 0.05234375 0.0484375
4 0.41171875 0.553125 0.07265625 0.08359375
1 0.03359375 0.49453125 0.0609375 0.08046875
1 0.153125 0.46484375 0.0546875 0.07109375
1 0.21640625 0.40078125 0.03984375 0.03828125
1 0.175 0.3796875 0.0328125 0.04609375
1 0.24765625 0.334375 0.0296875 0.03828125
1 0.4875 0.3625 0.03125 0.040625
1 0.5671875 0.3921875 0.040625 0.0328125
1 0.5140625 0.34609375 0.02578125 0.03046875
3 0.19453125 0.3203125 0.04765625 0.10234375
1 0.21171875 0.246875 0.028125 0.04140625
1 0.115625 0.1921875 0.01875 0.01875
3 0.14453125 0.21484375 0.0234375 0.04140625
1 0.465625 0.35390625 0.0234375 0.02734375