1 0.5875 0.1421875 0.05703125 0.0890625
1 0.59375 0.20859375 0.06640625 0.11015625
1 0.53984375 0.2421875 0.07109375 0.09609375
1 0.72890625 0.2796875 0.09140625 0.1546875
1 0.56328125 0.32890625 0.14921875 0.12265625
1 0.54140625 0.425 0.20703125 0.19765625
1 0.2609375 0.74921875 0.41015625 0.40078125
1 0.90234375 0.628125 0.1953125 0.48203125
1 0.9640625 0.16796875 0.0515625 0.07578125
0 0.83125 0.0859375 0.0484375 0.11171875
1 0.9234375 0.1484375 0.03671875 0.07734375
1 0.7546875 0.0578125 0.04609375 0.06640625
1 0.7984375 0.125 0.04140625 0.05625