1 0.9125 0.88515625 0.1625 0.2296875
1 0.4078125 0.725 0.1140625 0.12734375
1 0.64296875 0.6078125 0.0953125 0.1015625
1 0.821875 0.52734375 0.1 0.11796875
1 0.48046875 0.5140625 0.0890625 0.09921875
1 0.65234375 0.48125 0.08046875 0.0828125
1 0.78984375 0.4125 0.07109375 0.06796875
1 0.5375 0.3890625 0.0734375 0.078125
1 0.4359375 0.35859375 0.0578125 0.06328125
1 0.6640625 0.38359375 0.0625 0.0609375
1 0.7796875 0.3390625 0.06015625 0.06015625
1 0.97734375 0.28046875 0.0453125 0.05625
1 0.5921875 0.296875 0.04765625 0.05078125
1 0.796875 0.28046875 0.04609375 0.04296875
1 0.7125 0.278125 0.046875 0.05390625
3 0.13125 0.7 0.2625 0.528125