1 0.8609375 0.82109375 0.0796875 0.09375
1 0.6 0.81875 0.07109375 0.08203125
1 0.54765625 0.88984375 0.10625 0.12265625
1 0.33515625 0.85703125 0.0953125 0.11640625
1 0.44609375 0.74765625 0.06328125 0.06640625
1 0.6375 0.7359375 0.059375 0.0765625
1 0.2125 0.8171875 0.0671875 0.09375
1 0.92265625 0.60546875 0.040625 0.040625
1 0.5921875 0.6140625 0.0421875 0.0515625
1 0.33046875 0.75546875 0.06015625 0.06328125
1 0.34921875 0.784375 0.07109375 0.071875
1 0.5109375 0.71328125 0.0515625 0.05546875
1 0.14921875 0.859375 0.11953125 0.1609375
1 0.29609375 0.6703125 0.04375 0.053125
1 0.54921875 0.73984375 0.07578125 0.0828125
1 0.3390625 0.56484375 0.03046875 0.0328125
1 0.41484375 0.71796875 0.05859375 0.059375
1 0.44296875 0.5515625 0.0265625 0.0265625
1 0.503125 0.5453125 0.02109375 0.02578125
1 0.49765625 0.6734375 0.05234375 0.065625
1 0.384375 0.553125 0.0296875 0.03359375
1 0.546875 0.57109375 0.034375 0.040625
1 0.51015625 0.82109375 0.09453125 0.115625
1 0.4 0.6515625 0.0421875 0.046875
1 0.26328125 0.6234375 0.0375 0.04609375
1 0.7390625 0.5453125 0.0328125 0.03671875
1 0.32734375 0.6 0.040625 0.040625
1 0.47578125 0.63046875 0.04375 0.04609375
1 0.33203125 0.6515625 0.0421875 0.040625
1 0.42265625 0.67421875 0.05 0.05234375
1 0.32734375 0.69296875 0.0515625 0.06328125
1 0.9671875 0.59765625 0.0359375 0.03984375
1 0.415625 0.55 0.01796875 0.01953125
1 0.234375 0.70546875 0.0734375 0.0890625
1 0.21796875 0.7734375 0.05859375 0.06484375
1 0.99140625 0.63359375 0.015625 0.0515625