3 0.7546875 0.4953125 0.075 0.14453125
3 0.740625 0.659375 0.140625 0.221875
1 0.5921875 0.7484375 0.09296875 0.1328125
1 0.50234375 0.7015625 0.08203125 0.11875
1 0.18515625 0.90390625 0.13203125 0.17265625
1 0.0765625 0.6875 0.08203125 0.07265625
1 0.1078125 0.746875 0.08984375 0.1046875
1 0.2328125 0.5859375 0.0640625 0.0953125
1 0.3234375 0.5921875 0.0671875 0.0875
1 0.6609375 0.60390625 0.05234375 0.0875
1 0.403125 0.509375 0.0578125 0.08125
1 0.3171875 0.5171875 0.0625 0.0890625
1 0.0578125 0.58671875 0.06171875 0.0703125
1 0.04765625 0.64921875 0.0703125 0.08515625
3 0.25078125 0.3609375 0.0421875 0.0578125
3 0.31328125 0.44453125 0.078125 0.10859375
1 0.446875 0.446875 0.03671875 0.05390625