3 0.103125 0.0921875 0.08671875 0.15625
1 0.0265625 0.16328125 0.04765625 0.08671875
1 0.196875 0.1828125 0.06328125 0.0875
1 0.0859375 0.27265625 0.0765625 0.10078125
3 0.1625 0.3171875 0.09296875 0.15390625
1 0.22734375 0.38046875 0.0859375 0.08984375
1 0.26015625 0.453125 0.10078125 0.13125
1 0.44453125 0.58671875 0.13046875 0.1640625
1 0.67578125 0.8625 0.190625 0.196875
3 0.7921875 0.46796875 0.19453125 0.28671875
3 0.51796875 0.29296875 0.17109375 0.25546875
3 0.4765625 0.3765625 0.18046875 0.2515625