1 0.26796875 0.74296875 0.0390625 0.0703125
1 0.3421875 0.7859375 0.05390625 0.08828125
1 0.32890625 0.65625 0.03984375 0.05859375
1 0.271875 0.60859375 0.04296875 0.0625
1 0.4 0.70390625 0.05625 0.06796875
1 0.32890625 0.5765625 0.0390625 0.04921875
1 0.215625 0.54296875 0.02890625 0.0515625
1 0.271875 0.475 0.025 0.03359375
4 0.2265625 0.4796875 0.028125 0.0546875
1 0.24296875 0.41015625 0.01953125 0.0265625
1 0.20703125 0.4234375 0.021875 0.0328125
0 0.1796875 0.3953125 0.02109375 0.053125
1 0.20234375 0.39140625 0.015625 0.02421875
1 0.21484375 0.33359375 0.01484375 0.0234375
1 0.190625 0.35703125 0.01796875 0.0203125
1 0.20078125 0.30859375 0.0125 0.01796875
1 0.18125 0.31171875 0.01171875 0.0203125
1 0.165625 0.28359375 0.00859375 0.0171875
1 0.715625 0.93046875 0.07265625 0.09921875
1 0.68671875 0.96015625 0.07734375 0.0765625
1 0.8359375 0.83046875 0.0640625 0.075
2 0.859375 0.76796875 0.0296875 0.04375
2 0.8265625 0.765625 0.0296875 0.0453125
1 0.82578125 0.609375 0.059375 0.04375
1 0.59921875 0.59921875 0.0453125 0.0578125
2 0.571875 0.553125 0.0171875 0.03515625
2 0.61328125 0.58125 0.01640625 0.034375
1 0.63515625 0.83203125 0.07578125 0.0984375
1 0.5765625 0.83984375 0.0609375 0.090625
1 0.55859375 0.74609375 0.06328125 0.0828125
1 0.4921875 0.72578125 0.06328125 0.08125
1 0.50625 0.66875 0.0515625 0.07890625
1 0.44453125 0.66171875 0.046875 0.06015625
1 0.47734375 0.5296875 0.0453125 0.046875
1 0.4640625 0.56953125 0.0484375 0.05234375
1 0.4609375 0.6109375 0.04453125 0.06484375
1 0.403125 0.59453125 0.04609375 0.05859375
1 0.41640625 0.5625 0.0375 0.0546875
1 0.475 0.45078125 0.03984375 0.03984375
1 0.3859375 0.52265625 0.03203125 0.04140625
4 0.36015625 0.4859375 0.03359375 0.04765625
1 0.3625 0.5421875 0.0375 0.04453125
1 0.3875 0.425 0.025 0.02890625
1 0.375 0.45546875 0.02890625 0.0375
1 0.334375 0.4546875 0.03203125 0.0390625
1 0.3 0.44453125 0.02578125 0.0296875
1 0.3375 0.50078125 0.02734375 0.04140625
1 0.31640625 0.4734375 0.021875 0.03046875
1 0.34140625 0.3859375 0.0234375 0.0296875
3 0.3046875 0.3953125 0.01875 0.03046875
1 0.315625 0.43046875 0.02265625 0.02734375
1 0.290625 0.421875 0.01953125 0.02890625
1 0.275 0.4046875 0.01640625 0.0296875
1 0.259375 0.3703125 0.01484375 0.0265625
1 0.2703125 0.3625 0.01796875 0.02890625
1 0.25 0.35703125 0.01484375 0.03046875
1 0.275 0.33125 0.01640625 0.0171875
4 0.29921875 0.353125 0.01953125 0.028125
1 0.31328125 0.3234375 0.015625 0.01640625
4 0.2578125 0.334375 0.015625 0.02109375
1 0.253125 0.3046875 0.0125 0.01796875
1 0.29609375 0.32734375 0.01796875 0.0234375
4 0.23203125 0.31875 0.01171875 0.01875
1 0.25078125 0.26640625 0.009375 0.015625
1 0.2234375 0.2734375 0.0125 0.015625
1 0.22734375 0.29375 0.00859375 0.01796875
1 0.21796875 0.29453125 0.0078125 0.01796875
1 0.18671875 0.28203125 0.009375 0.01640625
1 0.1859375 0.2984375 0.01015625 0.0203125
1 0.17109375 0.27265625 0.01015625 0.01015625
1 0.21796875 0.2625 0.00703125 0.00703125
1 0.2390625 0.26015625 0.00859375 0.0109375
1 0.21328125 0.25703125 0.009375 0.0125
1 0.20390625 0.28203125 0.0078125 0.01015625