1 0.28203125 0.70625 0.04296875 0.08125
1 0.2140625 0.46171875 0.01953125 0.03671875
1 0.34140625 0.50859375 0.0265625 0.03984375
1 0.4703125 0.6875 0.05546875 0.0671875
4 0.5890625 0.7546875 0.06953125 0.12578125
4 0.2765625 0.365625 0.02109375 0.03984375
1 0.18984375 0.40234375 0.0171875 0.03125
1 0.29609375 0.4359375 0.02265625 0.034375
1 0.3828125 0.56171875 0.0328125 0.05
1 0.40078125 0.53984375 0.0328125 0.04453125
1 0.41796875 0.5109375 0.034375 0.0484375
1 0.4890625 0.50546875 0.0375 0.04140625
1 0.49296875 0.46875 0.03828125 0.0375
1 0.6015625 0.53984375 0.0453125 0.0421875
1 0.6203125 0.64140625 0.05625 0.0734375
1 0.4921875 0.65703125 0.04921875 0.0703125
2 0.790625 0.725 0.02265625 0.03359375
2 0.65625 0.61953125 0.0171875 0.025
1 0.82421875 0.7734375 0.0578125 0.07578125
1 0.8921875 0.5859375 0.0265625 0.0359375
1 0.9140625 0.52578125 0.0140625 0.028125
1 0.90859375 0.4796875 0.0140625 0.02890625
1 0.90078125 0.4375 0.01171875 0.01640625
1 0.6953125 0.95546875 0.0859375 0.08828125
1 0.96484375 0.90859375 0.0578125 0.071875
1 0.18359375 0.3515625 0.01015625 0.02109375
1 0.20703125 0.3375 0.009375 0.0203125
1 0.19140625 0.321875 0.009375 0.01640625
1 0.29609375 0.3984375 0.01875 0.028125
1 0.31484375 0.42578125 0.01875 0.03203125
1 0.31875 0.3890625 0.01875 0.02578125
1 0.29375 0.3359375 0.01640625 0.0234375
0 0.2609375 0.2921875 0.0234375 0.03984375
0 0.24609375 0.275 0.0203125 0.03359375
1 0.27890625 0.409375 0.01640625 0.0265625
1 0.27421875 0.39453125 0.01328125 0.01796875
1 0.2640625 0.38203125 0.0125 0.02109375
1 0.25625 0.3671875 0.01328125 0.021875
1 0.24765625 0.34609375 0.0109375 0.021875
1 0.25546875 0.32890625 0.01015625 0.01875
1 0.31328125 0.32265625 0.01484375 0.01640625
1 0.2078125 0.3203125 0.0109375 0.01484375
1 0.18671875 0.3 0.00859375 0.01484375
1 0.246875 0.321875 0.0109375 0.0171875
1 0.2328125 0.321875 0.01171875 0.01796875
1 0.08203125 0.34453125 0.00859375 0.00078125