1 0.265625 0.6140625 0.03203125 0.05546875
1 0.221875 0.57734375 0.0265625 0.04765625
1 0.3109375 0.5453125 0.0296875 0.04140625
1 0.27109375 0.52421875 0.021875 0.03671875
1 0.23359375 0.509375 0.025 0.04375
1 0.1953125 0.47421875 0.0234375 0.046875
1 0.27421875 0.46875 0.02265625 0.0375
4 0.2078125 0.4234375 0.021875 0.04140625
1 0.63515625 0.8265625 0.0734375 0.10625
1 0.68671875 0.9625 0.07578125 0.07421875
1 0.715625 0.93203125 0.071875 0.10703125
1 0.57734375 0.83984375 0.0578125 0.0953125
1 0.559375 0.74609375 0.06015625 0.0921875
1 0.5625 0.67734375 0.05703125 0.071875
1 0.490625 0.7265625 0.05546875 0.08203125
1 0.5078125 0.67265625 0.053125 0.07578125
1 0.44453125 0.65859375 0.04140625 0.07421875
1 0.4578125 0.61171875 0.04296875 0.071875
1 0.4 0.58984375 0.03203125 0.05078125
1 0.4171875 0.5609375 0.0359375 0.05859375
1 0.3625 0.53984375 0.0328125 0.05
1 0.38671875 0.52421875 0.0296875 0.05
1 0.434375 0.525 0.03515625 0.05
1 0.61796875 0.653125 0.0515625 0.06171875
1 0.77734375 0.7390625 0.0578125 0.06796875
1 0.36015625 0.48046875 0.03125 0.0515625
1 0.33671875 0.5 0.02578125 0.04140625
1 0.24140625 0.4015625 0.01640625 0.03046875
1 0.33203125 0.453125 0.02421875 0.0390625
1 0.3921875 0.4296875 0.02421875 0.03203125
1 0.5515625 0.50234375 0.04296875 0.0484375
2 0.49609375 0.49453125 0.01171875 0.034375
1 0.45625 0.490625 0.0296875 0.04609375
1 0.2984375 0.44609375 0.025 0.03984375
1 0.31484375 0.42578125 0.0234375 0.0328125