1 0.32578125 0.91015625 0.05703125 0.1234375
1 0.51015625 0.8921875 0.06875 0.09296875
1 0.38984375 0.7890625 0.053125 0.08046875
1 0.575 0.840625 0.0578125 0.09140625
1 0.55703125 0.74453125 0.0609375 0.08046875
1 0.71484375 0.928125 0.06953125 0.1
1 0.30703125 0.540625 0.0296875 0.04375
1 0.44453125 0.659375 0.04375 0.0609375
1 0.7484375 0.76328125 0.0609375 0.06796875
1 0.38203125 0.6703125 0.04375 0.06171875
1 0.68671875 0.959375 0.0796875 0.0796875
1 0.31171875 0.69765625 0.04296875 0.075
1 0.23359375 0.6109375 0.03203125 0.0609375
1 0.49453125 0.72734375 0.05546875 0.08203125
1 0.4390625 0.42109375 0.03046875 0.03515625
1 0.45859375 0.609375 0.04296875 0.06171875
1 0.63359375 0.8296875 0.06875 0.09296875
1 0.36171875 0.53828125 0.034375 0.04609375
1 0.759375 0.60234375 0.05078125 0.04140625
1 0.26328125 0.4515625 0.01953125 0.03203125
1 0.4015625 0.5921875 0.0375 0.05703125
1 0.50703125 0.66953125 0.0515625 0.0765625
1 0.41640625 0.56015625 0.0359375 0.053125
1 0.446875 0.96328125 0.0703125 0.06875
1 0.38671875 0.521875 0.0328125 0.04375
1 0.2171875 0.4546875 0.0203125 0.03984375
1 0.50703125 0.5265625 0.0359375 0.046875
1 0.903125 0.8609375 0.06171875 0.06171875
1 0.41953125 0.51796875 0.034375 0.0453125
1 0.346875 0.42421875 0.02265625 0.034375
1 0.31484375 0.365625 0.01796875 0.0234375
1 0.35546875 0.39296875 0.0203125 0.025
1 0.20859375 0.41640625 0.0140625 0.02734375
1 0.40703125 0.4671875 0.02890625 0.03515625
1 0.33671875 0.49921875 0.028125 0.04296875
1 0.2828125 0.3359375 0.01484375 0.0203125
1 0.22265625 0.35390625 0.0140625 0.02578125
1 0.31328125 0.3234375 0.01640625 0.01796875
1 0.3125 0.43046875 0.02265625 0.03359375
1 0.278125 0.3140625 0.01328125 0.0171875
1 0.1828125 0.32265625 0.009375 0.01875
1 0.30078125 0.4515625 0.0234375 0.03828125
4 0.24453125 0.5296875 0.03046875 0.0609375