1 0.68671875 0.96015625 0.07734375 0.07890625
1 0.57734375 0.83984375 0.059375 0.09296875
1 0.38125 0.8765625 0.0578125 0.08984375
1 0.5578125 0.74453125 0.06171875 0.08046875
1 0.71796875 0.93125 0.06796875 0.0984375
1 0.44453125 0.659375 0.04296875 0.06171875
3 0.28828125 0.6578125 0.03984375 0.0703125
3 0.49375 0.72734375 0.05625 0.08359375
1 0.6359375 0.8296875 0.06953125 0.09453125
1 0.45390625 0.79453125 0.0625 0.09765625
1 0.31796875 0.56015625 0.03125 0.04609375
1 0.3609375 0.5375 0.034375 0.04609375
1 0.459375 0.6078125 0.04296875 0.06328125
1 0.50703125 0.66953125 0.05078125 0.0765625
1 0.275 0.5796875 0.025 0.046875
1 0.803125 0.61015625 0.0515625 0.05
1 0.6890625 0.6 0.0515625 0.05078125
4 0.25625 0.5 0.02734375 0.04921875
1 0.49921875 0.4671875 0.034375 0.040625
1 0.40234375 0.5921875 0.0359375 0.05703125
1 0.415625 0.56015625 0.03515625 0.05234375
1 0.2765625 0.47890625 0.025 0.040625
1 0.2625 0.85703125 0.04921875 0.10703125
1 0.38984375 0.390625 0.02578125 0.0296875
4 0.4078125 0.81328125 0.0640625 0.109375
1 0.89921875 0.5109375 0.01640625 0.02890625
1 0.2375 0.4109375 0.015625 0.02734375
1 0.20234375 0.50546875 0.021875 0.0375
1 0.33515625 0.496875 0.02578125 0.040625
1 0.31875 0.4703125 0.02734375 0.040625
1 0.9609375 0.37890625 0.009375 0.0171875
1 0.3125 0.35078125 0.01640625 0.02265625
1 0.31328125 0.43125 0.021875 0.03125
1 0.2828125 0.3375 0.01484375 0.01953125
1 0.30078125 0.44765625 0.0234375 0.0375
1 0.29921875 0.328125 0.015625 0.01953125
1 0.3875 0.52265625 0.03203125 0.0453125
1 0.23046875 0.37109375 0.0140625 0.025
1 0.2765625 0.4078125 0.01796875 0.0296875
1 0.31328125 0.325 0.01484375 0.0171875
1 0.2 0.39296875 0.01328125 0.02421875
1 0.275 0.303125 0.01328125 0.0171875
1 0.29140625 0.41875 0.01953125 0.03046875
1 0.234375 0.2875 0.0109375 0.015625
1 0.33359375 0.45546875 0.0265625 0.04296875
1 0.35859375 0.48515625 0.0296875 0.05
1 0.16484375 0.33046875 0.01015625 0.02109375
1 0.17734375 0.39296875 0.0109375 0.0203125
1 0.25078125 0.2671875 0.0109375 0.0140625
1 0.2140625 0.3375 0.01171875 0.01953125
4 0.36015625 0.4078125 0.02734375 0.05234375
1 0.159375 0.31015625 0.0078125 0.01796875
0 0.18828125 0.42578125 0.02890625 0.06953125
3 0.20625 0.359375 0.01328125 0.0359375
1 0.19609375 0.32578125 0.01015625 0.0171875
1 0.1734375 0.31796875 0.01015625 0.0171875
4 0.25703125 0.33828125 0.01640625 0.0296875
1 0.171875 0.359375 0.009375 0.03046875
1 0.1875 0.3484375 0.01171875 0.0296875
1 0.178125 0.28828125 0.00859375 0.01484375
4 0.30859375 0.4 0.0203125 0.040625
1 0.26953125 0.38828125 0.0171875 0.0234375
1 0.259375 0.3734375 0.01328125 0.021875
1 0.26953125 0.36328125 0.01328125 0.02265625