1 0.17578125 0.77421875 0.06015625 0.07578125
1 0.6609375 0.509375 0.02734375 0.03828125
1 0.50703125 0.6578125 0.0484375 0.065625
1 0.30625 0.95546875 0.090625 0.0875
1 0.10703125 0.5859375 0.025 0.03671875
1 0.53046875 0.68828125 0.05234375 0.07421875
1 0.71796875 0.70859375 0.040625 0.08046875
1 0.3984375 0.53828125 0.04609375 0.046875
1 0.5109375 0.50625 0.03828125 0.04296875
1 0.38046875 0.64140625 0.05625 0.07265625
1 0.50703125 0.46796875 0.03671875 0.03828125
1 0.61875 0.5609375 0.03359375 0.04765625
1 0.60078125 0.53984375 0.03359375 0.04453125
3 0.4125 0.75234375 0.0703125 0.13046875
1 0.58125 0.51328125 0.034375 0.04765625
1 0.7859375 0.46171875 0.01796875 0.03671875
1 0.703125 0.39609375 0.01875 0.02734375
1 0.0859375 0.52578125 0.01484375 0.02734375
1 0.08984375 0.4796875 0.01328125 0.0265625
1 0.0390625 0.90859375 0.04921875 0.06640625
1 0.68125 0.3890625 0.01875 0.025
1 0.0390625 0.36640625 0.009375 0.01484375
1 0.6859375 0.4265625 0.0203125 0.03359375
1 0.70703125 0.3359375 0.015625 0.02109375
1 0.809375 0.40234375 0.0140625 0.02734375
1 0.55078125 0.38203125 0.0203125 0.01796875
1 0.7046875 0.43359375 0.0203125 0.03515625
1 0.815625 0.35234375 0.01171875 0.021875
1 0.09921875 0.4375 0.0125 0.01953125
1 0.02421875 0.37578125 0.00859375 0.01171875
1 0.69140625 0.32109375 0.0265625 0.025
1 0.7921875 0.33671875 0.0109375 0.021875
1 0.00703125 0.38515625 0.00859375 0.01328125
1 0.8390625 0.30390625 0.00859375 0.01796875
1 0.7921875 0.3171875 0.009375 0.0171875
1 0.72109375 0.409375 0.01796875 0.0296875
1 0.09765625 0.33828125 0.00703125 0.0125
1 0.80859375 0.32265625 0.0109375 0.01796875
1 0.05390625 0.346875 0.00703125 0.0125
1 0.82734375 0.30703125 0.00859375 0.0171875