1 0.57734375 0.83984375 0.0546875 0.09765625
1 0.5578125 0.74453125 0.0609375 0.08046875
1 0.73125 0.70546875 0.05390625 0.0671875
1 0.44453125 0.659375 0.04296875 0.06015625
1 0.640625 0.6640625 0.05703125 0.07265625
1 0.43515625 0.8953125 0.0625 0.096875
1 0.7140625 0.9265625 0.06875 0.09921875
1 0.45859375 0.60703125 0.0421875 0.06328125
1 0.6359375 0.8296875 0.07109375 0.09453125
3 0.49375 0.72578125 0.05703125 0.08203125
1 0.596875 0.56171875 0.0484375 0.05546875
1 0.2546875 0.71171875 0.03515625 0.0671875
1 0.9109375 0.846875 0.05390625 0.0671875
1 0.50703125 0.66875 0.0515625 0.07734375
1 0.36171875 0.53671875 0.03515625 0.04765625
1 0.6859375 0.95859375 0.07890625 0.08046875
3 0.85078125 0.60390625 0.0453125 0.04140625
1 0.415625 0.559375 0.034375 0.05078125
1 0.25078125 0.44765625 0.0203125 0.03125
1 0.403125 0.59140625 0.03671875 0.0578125
1 0.23046875 0.509375 0.021875 0.03671875
1 0.484375 0.85625 0.07421875 0.1046875
1 0.8296875 0.95859375 0.07109375 0.08046875
1 0.3546875 0.70234375 0.0421875 0.0671875
1 0.50078125 0.60859375 0.04375 0.06015625
1 0.21328125 0.54453125 0.0234375 0.0421875
1 0.36953125 0.42734375 0.025 0.03671875
1 0.31875 0.4703125 0.028125 0.0390625
1 0.3375 0.50078125 0.02734375 0.0421875
1 0.17578125 0.3921875 0.0125 0.025
1 0.31328125 0.43046875 0.02265625 0.0328125
1 0.35703125 0.3734375 0.021875 0.02421875
1 0.30078125 0.44609375 0.025 0.03671875
1 0.90703125 0.46640625 0.01328125 0.02421875
1 0.31328125 0.32421875 0.015625 0.0171875
1 0.9828125 0.40078125 0.0109375 0.01875
1 0.3875 0.52265625 0.03203125 0.04375
1 0.190625 0.365625 0.0125 0.02578125
1 0.33359375 0.45546875 0.02578125 0.0421875
1 0.17265625 0.35546875 0.01171875 0.02421875
1 0.2765625 0.40703125 0.0171875 0.028125
1 0.29140625 0.42109375 0.0203125 0.028125
1 0.1875 0.41953125 0.015625 0.028125
1 0.21796875 0.3453125 0.0125 0.021875
1 0.35859375 0.48359375 0.02890625 0.05
1 0.20234375 0.3484375 0.01171875 0.02265625
1 0.28125 0.33515625 0.0140625 0.01875
1 0.9625 0.36953125 0.00859375 0.015625
1 0.28984375 0.3953125 0.0203125 0.02890625
1 0.95703125 0.90703125 0.0203125 0.04921875
1 0.965625 0.34453125 0.0078125 0.0140625
1 0.9015625 0.3328125 0.00703125 0.01484375
1 0.19453125 0.29609375 0.009375 0.01640625
1 0.2078125 0.321875 0.01015625 0.01875
1 0.99609375 0.3828125 0.0078125 0.015625
1 0.97421875 0.38515625 0.01328125 0.0203125
1 0.26015625 0.37578125 0.01484375 0.0265625
1 0.26640625 0.278125 0.0109375 0.0140625
1 0.27890625 0.31640625 0.0125 0.01875
1 0.946875 0.3265625 0.01015625 0.0171875
1 0.9796875 0.359375 0.009375 0.0140625
1 0.928125 0.32265625 0.0078125 0.0140625
1 0.26875 0.30546875 0.01171875 0.01875
1 0.26875 0.3625 0.015625 0.03046875
1 0.17578125 0.30703125 0.0109375 0.0203125
1 0.18671875 0.28671875 0.0078125 0.01484375
1 0.9328125 0.31171875 0.009375 0.0171875
1 0.25859375 0.28828125 0.0109375 0.0171875
1 0.34296875 0.61953125 0.0109375 0.02734375
4 0.30546875 0.4 0.01796875 0.04375
4 0.1828125 0.328125 0.01171875 0.02890625
4 0.25703125 0.3390625 0.01640625 0.03046875
2 0.43984375 0.48671875 0.00859375 0.01796875
2 0.42109375 0.4125 0.009375 0.01796875