1 0.50390625 0.86171875 0.1171875 0.12109375
1 0.42890625 0.83984375 0.0796875 0.09765625
1 0.225 0.8484375 0.1046875 0.1046875
1 0.2828125 0.83515625 0.07734375 0.09140625
1 0.63125 0.828125 0.084375 0.1109375
1 0.77265625 0.80546875 0.0515625 0.0546875
1 0.68515625 0.82109375 0.05546875 0.08359375
1 0.1796875 0.81171875 0.06796875 0.075
1 0.72421875 0.8078125 0.040625 0.07265625
1 0.0890625 0.84140625 0.1421875 0.16640625
1 0.55859375 0.81484375 0.0328125 0.06484375
1 0.59296875 0.8265625 0.0546875 0.09921875
1 0.0171875 0.82109375 0.034375 0.084375
1 0.365625 0.7890625 0.03515625 0.03515625
1 0.4203125 0.79765625 0.05625 0.03046875
1 0.3828125 0.834375 0.0375 0.06328125
1 0.4625 0.79375 0.04921875 0.03828125
1 0.40078125 0.7796875 0.059375 0.034375
1 0.48828125 0.79375 0.04296875 0.015625