1 0.20859375 0.85546875 0.0828125 0.0859375
1 0.15859375 0.69375 0.059375 0.06328125
1 0.059375 0.6890625 0.05078125 0.05625
1 0.41171875 0.84375 0.0625 0.078125
1 0.4671875 0.68515625 0.0375 0.046875
1 0.36171875 0.70859375 0.05 0.05703125
1 0.284375 0.61953125 0.03125 0.03515625
1 0.36875 0.62578125 0.03203125 0.03359375
1 0.21015625 0.63046875 0.03203125 0.040625
0 0.0984375 0.58046875 0.04375 0.04921875
3 0.3046875 0.89140625 0.09375 0.15078125
4 0.60625 0.8078125 0.06015625 0.1078125
4 0.53984375 0.7515625 0.05546875 0.0890625
4 0.4921875 0.6296875 0.03046875 0.0453125
1 0.5453125 0.65625 0.0328125 0.0453125
3 0.59140625 0.559375 0.02109375 0.04765625
1 0.51484375 0.6171875 0.0234375 0.03203125
1 0.46953125 0.61640625 0.0203125 0.0328125
1 0.54296875 0.58671875 0.02109375 0.02578125
1 0.3875 0.59140625 0.02734375 0.03203125