1 0.61796875 0.925 0.1609375 0.15
1 0.78984375 0.64375 0.084375 0.1421875
1 0.3609375 0.19296875 0.01796875 0.015625
1 0.28515625 0.2140625 0.0203125 0.01640625
1 0.290625 0.275 0.0390625 0.034375
1 0.03984375 0.34296875 0.0171875 0.0296875
1 0.87265625 0.475 0.04609375 0.09375
1 0.24921875 0.265625 0.0375 0.03046875
1 0.2546875 0.30078125 0.0359375 0.0390625
1 0.359375 0.21328125 0.02421875 0.01953125
1 0.1828125 0.25546875 0.0203125 0.021875
1 0.22890625 0.3140625 0.03046875 0.03828125
1 0.29609375 0.31484375 0.04140625 0.040625
1 0.2796875 0.2296875 0.01953125 0.01640625
1 0.08515625 0.24375 0.0109375 0.01484375
1 0.37578125 0.18515625 0.01875 0.01953125
1 0.2984375 0.2109375 0.01640625 0.015625
1 0.3296875 0.21875 0.0265625 0.02109375
1 0.978125 0.24140625 0.0125 0.0109375
1 0.94375 0.3765625 0.021875 0.0375
1 0.2078125 0.2578125 0.0234375 0.02421875
1 0.27421875 0.21484375 0.01875 0.015625
1 0.72578125 0.2765625 0.028125 0.02421875
1 0.23046875 0.23046875 0.01953125 0.01796875
1 0.9640625 0.24375 0.01171875 0.009375
1 0.74921875 0.27265625 0.02578125 0.02265625
1 0.91796875 0.34765625 0.01953125 0.034375
1 0.0890625 0.25078125 0.0140625 0.0171875
1 0.26328125 0.23203125 0.02265625 0.01953125
1 0.13125 0.259375 0.01640625 0.021875
1 0.06875 0.24453125 0.0171875 0.01875
1 0.8125 0.25859375 0.01953125 0.0203125
1 0.7921875 0.26484375 0.01953125 0.01953125
1 0.22421875 0.26171875 0.02890625 0.028125
1 0.38671875 0.17734375 0.01875 0.01640625
1 0.97109375 0.31796875 0.01328125 0.02265625
1 0.91796875 0.42421875 0.040625 0.07734375
1 0.4046875 0.23984375 0.03359375 0.0265625
1 0.884375 0.24921875 0.01640625 0.015625
1 0.74765625 0.26171875 0.01875 0.0140625
1 0.8640625 0.25390625 0.01875 0.01328125
1 0.96171875 0.28125 0.01015625 0.0171875
1 0.12890625 0.2296875 0.0125 0.0125
1 0.7015625 0.2796875 0.03671875 0.028125