1 0.2984375 0.5421875 0.10390625 0.08359375
1 0.50703125 0.52734375 0.1078125 0.0984375
1 0.8828125 0.634375 0.05859375 0.14296875
1 0.79765625 0.546875 0.084375 0.096875
4 0.16015625 0.30234375 0.0296875 0.0546875
4 0.428125 0.35546875 0.0421875 0.06484375
0 0.39765625 0.303125 0.0390625 0.0578125
1 0.3015625 0.3625 0.03203125 0.04921875
1 0.54296875 0.36015625 0.07109375 0.05859375
4 0.759375 0.38359375 0.0828125 0.0625
4 0.69921875 0.75546875 0.128125 0.2171875
4 0.3625 0.31875 0.02890625 0.05234375
1 0.35546875 0.3734375 0.0390625 0.05859375
1 0.296875 0.325 0.025 0.02890625
1 0.3421875 0.2828125 0.02265625 0.0296875
1 0.3109375 0.2796875 0.0203125 0.02890625
1 0.9578125 0.41171875 0.03515625 0.03828125
3 0.9296875 0.47890625 0.059375 0.08984375
1 0.89296875 0.375 0.03671875 0.03515625
1 0.3375 0.340625 0.02734375 0.04375
1 0.33125 0.32109375 0.02578125 0.03671875
4 0.3609375 0.2453125 0.021875 0.0328125
4 0.38125 0.34609375 0.0328125 0.05546875
1 0.9359375 0.3796875 0.0265625 0.0421875