1 0.0953125 0.88828125 0.190625 0.1765625
1 0.7546875 0.721875 0.13125 0.11328125
1 0.9390625 0.6703125 0.11953125 0.1046875
1 0.94375 0.76328125 0.11171875 0.12265625
1 0.04140625 0.50859375 0.0484375 0.05703125
1 0.01875 0.4625 0.03671875 0.04921875
1 0.12578125 0.3984375 0.040625 0.0296875
1 0.11015625 0.4671875 0.0484375 0.05
1 0.865625 0.6921875 0.1296875 0.10234375
1 0.1671875 0.49140625 0.05859375 0.065625
1 0.0140625 0.4046875 0.028125 0.03125
1 0.0703125 0.40390625 0.03203125 0.0328125
1 0.771875 0.6390625 0.071875 0.0703125
1 0.24375 0.540625 0.06484375 0.059375