4 0.64296875 0.5296875 0.13046875 0.11640625
4 0.58984375 0.32421875 0.0390625 0.0484375
1 0.80390625 0.490625 0.08359375 0.07734375
1 0.2171875 0.446875 0.06796875 0.06953125
1 0.8484375 0.4140625 0.03203125 0.0578125
1 0.11328125 0.63671875 0.059375 0.1328125
1 0.07109375 0.4953125 0.04453125 0.075
1 0.17734375 0.5328125 0.0703125 0.11640625
1 0.1328125 0.46953125 0.05234375 0.06640625
1 0.56640625 0.3609375 0.03984375 0.05234375
1 0.190625 0.390625 0.0484375 0.03984375
1 0.8796875 0.3328125 0.02421875 0.034375
1 0.115625 0.4296875 0.05 0.0484375
1 0.0703125 0.365625 0.03359375 0.03125
1 0.0265625 0.4359375 0.0359375 0.0484375
1 0.6859375 0.37578125 0.03046875 0.053125
1 0.65703125 0.33828125 0.03125 0.0390625
1 0.60859375 0.3734375 0.040625 0.05234375
1 0.6484375 0.38046875 0.0375 0.0546875
1 0.8140625 0.246875 0.01640625 0.01875
1 0.696875 0.34296875 0.028125 0.04609375
1 0.6328125 0.3203125 0.03359375 0.03984375
1 0.64609375 0.29453125 0.02734375 0.03125
1 0.7078125 0.3046875 0.02421875 0.03359375
1 0.61796875 0.34453125 0.03671875 0.0421875
1 0.67734375 0.290625 0.0265625 0.03125
1 0.8109375 0.2234375 0.01015625 0.01171875