1 0.0921875 0.44921875 0.03671875 0.06484375
1 0.09375 0.36953125 0.02734375 0.03984375
1 0.796875 0.3 0.0296875 0.03359375
1 0.96171875 0.34375 0.02109375 0.03125
1 0.27421875 0.2765625 0.0296875 0.025
1 0.8109375 0.2546875 0.0328125 0.0234375
1 0.29765625 0.2796875 0.04375 0.02890625
1 0.7109375 0.271875 0.03828125 0.03359375
1 0.7546875 0.26484375 0.034375 0.02734375
1 0.25 0.27109375 0.025 0.0234375
1 0.7453125 0.3015625 0.0359375 0.0390625
1 0.7046875 0.3125 0.0421875 0.04296875
2 0.653125 0.30390625 0.0125 0.040625
1 0.7375 0.2328125 0.02265625 0.02109375
1 0.778125 0.26328125 0.028125 0.03046875
1 0.721875 0.22890625 0.021875 0.01796875
2 0.69296875 0.36796875 0.0203125 0.05