4 0.9140625 0.50703125 0.05390625 0.0890625
1 0.55703125 0.59609375 0.09296875 0.12734375
1 0.39140625 0.35 0.03515625 0.05234375
1 0.28984375 0.303125 0.02421875 0.03359375
1 0.39375 0.27578125 0.0203125 0.03125
1 0.46875 0.3328125 0.04765625 0.05859375
1 0.70859375 0.38828125 0.06015625 0.0546875
1 0.85234375 0.425 0.05625 0.05234375
1 0.9359375 0.365625 0.028125 0.03125
1 0.88203125 0.378125 0.040625 0.040625
2 0.03984375 0.89296875 0.0546875 0.1390625
2 0.2484375 0.48984375 0.05078125 0.06015625
3 0.325 0.29921875 0.03203125 0.06953125
0 0.078125 0.42890625 0.046875 0.109375
1 0.31171875 0.23359375 0.01484375 0.01953125
1 0.2875 0.25625 0.0140625 0.0203125
1 0.3546875 0.24140625 0.015625 0.02109375
1 0.9734375 0.35390625 0.021875 0.0265625