1 0.45546875 0.32890625 0.0796875 0.12265625
1 0.321875 0.190625 0.0390625 0.0515625
1 0.609375 0.225 0.06640625 0.06328125
1 0.5578125 0.20078125 0.05234375 0.0578125
1 0.371875 0.1390625 0.025 0.03671875
4 0.35390625 0.33515625 0.0859375 0.16796875
1 0.734375 0.309375 0.09921875 0.096875
4 0.353125 0.2453125 0.07109375 0.0796875
1 0.4328125 0.26640625 0.05703125 0.10078125
1 0.4109375 0.1015625 0.03125 0.021875
1 0.6765625 0.26875 0.090625 0.08125
4 0.3328125 0.1625 0.034375 0.06171875
1 0.5953125 0.2875 0.08359375 0.08671875
1 0.52578125 0.17421875 0.04609375 0.06796875
1 0.39296875 0.09765625 0.01875 0.025
1 0.3578125 0.09140625 0.01796875 0.0265625
4 0.4078125 0.1828125 0.053125 0.1015625
4 0.33984375 0.08359375 0.0171875 0.02109375
1 0.31875 0.09375 0.01171875 0.02109375
3 0.95703125 0.36484375 0.08515625 0.15234375