4 0.3625 0.4671875 0.20234375 0.1203125
1 0.071875 0.48359375 0.14375 0.0859375
1 0.0921875 0.5875 0.184375 0.14375
4 0.6921875 0.63359375 0.23359375 0.1921875
1 0.57265625 0.25234375 0.09453125 0.084375
1 0.83046875 0.29765625 0.0765625 0.07421875
1 0.91796875 0.34140625 0.096875 0.0671875
1 0.9015625 0.7234375 0.19375 0.22265625
4 0.88671875 0.275 0.08515625 0.0703125
4 0.9625 0.2984375 0.07265625 0.11640625
3 0.3953125 0.12890625 0.04765625 0.09296875
1 0.44140625 0.1046875 0.01953125 0.025
1 0.43203125 0.07421875 0.0203125 0.02578125
4 0.82734375 0.2078125 0.053125 0.05546875