1 0.278125 0.70390625 0.140625 0.10546875
1 0.44453125 0.67578125 0.125 0.096875
1 0.471875 0.6265625 0.1234375 0.0796875
1 0.29765625 0.6546875 0.1296875 0.07734375
1 0.05625 0.83515625 0.1125 0.1375
1 0.3765625 0.6046875 0.11484375 0.06796875
1 0.6234375 0.6609375 0.078125 0.08671875
1 0.09921875 0.76328125 0.13671875 0.0921875
1 0.45 0.51640625 0.0859375 0.05234375
1 0.24765625 0.63125 0.1203125 0.0859375
1 0.10625 0.69375 0.1359375 0.0859375
1 0.66484375 0.58515625 0.0765625 0.06171875
1 0.61796875 0.60234375 0.078125 0.05859375
1 0.30859375 0.49140625 0.0328125 0.0453125
1 0.503125 0.5765625 0.06328125 0.053125
1 0.66875 0.5046875 0.06875 0.05625
1 0.1609375 0.546875 0.05703125 0.06328125
1 0.728125 0.40703125 0.028125 0.0265625
1 0.3234375 0.43515625 0.03515625 0.0359375
1 0.69765625 0.3765625 0.02109375 0.021875
1 0.7640625 0.4359375 0.034375 0.0359375
1 0.36484375 0.41484375 0.02734375 0.0296875
1 0.21484375 0.5171875 0.04140625 0.0453125
1 0.33125 0.41875 0.02734375 0.028125
1 0.71328125 0.634375 0.0375 0.06640625
1 0.3609375 0.40234375 0.02421875 0.025
1 0.29453125 0.45625 0.02734375 0.03984375
1 0.76640625 0.36640625 0.028125 0.021875
1 0.24375 0.490625 0.046875 0.05234375
1 0.5125 0.3640625 0.0140625 0.01796875
1 0.6453125 0.35 0.0140625 0.0171875
3 0.834375 0.6109375 0.21484375 0.23203125