1 0.36640625 0.7640625 0.14140625 0.221875
1 0.55234375 0.5359375 0.06796875 0.1359375
1 0.68046875 0.403125 0.03671875 0.06796875
1 0.08671875 0.49140625 0.04453125 0.06953125
1 0.1015625 0.4359375 0.04609375 0.05390625
1 0.57890625 0.30234375 0.0296875 0.03515625
1 0.12578125 0.37890625 0.0390625 0.0390625
1 0.14609375 0.459375 0.05703125 0.06328125
1 0.4953125 0.3484375 0.05390625 0.05625
4 0.22265625 0.43984375 0.06640625 0.08125
1 0.68203125 0.30703125 0.025 0.03671875
1 0.053125 0.4375 0.04453125 0.05
1 0.55078125 0.32578125 0.03671875 0.0390625
1 0.02109375 0.4140625 0.0359375 0.046875
1 0.0671875 0.4546875 0.04765625 0.05
3 0.76953125 0.628125 0.17734375 0.3171875
1 0.35546875 0.38203125 0.07421875 0.05078125