1 0.0390625 0.8421875 0.07734375 0.1734375
1 0.05859375 0.6296875 0.06640625 0.103125
1 0.04140625 0.45546875 0.02578125 0.03359375
1 0.1375 0.4875 0.046875 0.05703125
1 0.690625 0.50078125 0.06171875 0.1109375
1 0.6625 0.36015625 0.03359375 0.0546875
1 0.75546875 0.27421875 0.02578125 0.040625
1 0.80390625 0.43984375 0.03984375 0.07109375
1 0.80234375 0.39296875 0.03359375 0.04609375
1 0.8171875 0.3640625 0.0703125 0.04765625
1 0.68046875 0.2796875 0.0234375 0.03515625
4 0.7171875 0.25703125 0.01875 0.0359375
1 0.1640625 0.45 0.04296875 0.05859375
1 0.11015625 0.43984375 0.0390625 0.0484375
4 0.04140625 0.415625 0.03828125 0.05390625
4 0.009375 0.43984375 0.01875 0.0390625
4 0.11875 0.93046875 0.1375 0.1390625