1 0.0625 0.64375 0.08203125 0.134375
1 0.12578125 0.46484375 0.03828125 0.07109375
1 0.11953125 0.40390625 0.03203125 0.053125
1 0.20234375 0.3828125 0.03125 0.05546875
1 0.59453125 0.3734375 0.0734375 0.05625
1 0.1625 0.37890625 0.0296875 0.04765625
1 0.8828125 0.4109375 0.053125 0.0453125
1 0.86640625 0.46796875 0.0578125 0.06875
1 0.35703125 0.30703125 0.025 0.03828125
1 0.96171875 0.4671875 0.03984375 0.059375
1 0.21875 0.30234375 0.01875 0.03046875
1 0.3890625 0.3703125 0.040625 0.05390625
1 0.82890625 0.43203125 0.05703125 0.05625
1 0.37265625 0.3421875 0.0328125 0.046875
1 0.30078125 0.38125 0.034375 0.0609375
1 0.91328125 0.48046875 0.0453125 0.0625
1 0.31484375 0.290625 0.021875 0.03671875
1 0.17578125 0.33046875 0.02265625 0.0390625
4 0.4296875 0.34765625 0.053125 0.0859375