1 0.18828125 0.5671875 0.0953125 0.08828125
1 0.328125 0.540625 0.1203125 0.08515625
1 0.296875 0.928125 0.175 0.13359375
1 0.89375 0.496875 0.05859375 0.08671875
1 0.65546875 0.64921875 0.1046875 0.14296875
1 0.52890625 0.5171875 0.109375 0.1
1 0.69296875 0.80390625 0.134375 0.20859375
1 0.9515625 0.4328125 0.03984375 0.059375
1 0.30234375 0.37890625 0.03125 0.05390625
1 0.3390625 0.3421875 0.0328125 0.046875
1 0.3796875 0.33828125 0.03203125 0.03671875
1 0.365625 0.3171875 0.028125 0.04140625
3 0.15078125 0.4640625 0.04296875 0.0890625
1 0.98359375 0.4109375 0.03125 0.04609375
1 0.296875 0.3359375 0.028125 0.0375
1 0.38203125 0.375 0.034375 0.0421875
1 0.32890625 0.31953125 0.028125 0.0375
1 0.28984375 0.303125 0.0234375 0.0328125
4 0.81875 0.46953125 0.0734375 0.1015625
1 0.31796875 0.28828125 0.02421875 0.0328125
1 0.93125 0.384375 0.03828125 0.04921875
1 0.29375 0.3171875 0.02578125 0.03046875
1 0.3109375 0.275 0.02265625 0.0328125
3 0.4296875 0.3515625 0.03984375 0.0703125
1 0.971875 0.31171875 0.028125 0.02578125