1 0.5609375 0.6375 0.046875 0.07421875
1 0.4328125 0.6453125 0.0515625 0.07421875
1 0.1359375 0.690625 0.10234375 0.078125
1 0.49296875 0.64765625 0.046875 0.07265625
1 0.56328125 0.5796875 0.0375 0.053125
1 0.209375 0.7046875 0.10078125 0.0796875
1 0.065625 0.68125 0.09921875 0.071875
1 0.03125 0.74296875 0.0625 0.0796875
1 0.28828125 0.6609375 0.07265625 0.06640625
1 0.3421875 0.6265625 0.0578125 0.06015625
4 0.4953125 0.57734375 0.03359375 0.06796875
1 0.5375 0.5203125 0.03046875 0.0453125
1 0.3984375 0.57734375 0.05 0.0515625
1 0.44375 0.603125 0.04453125 0.0546875
3 0.815625 0.83203125 0.365625 0.3359375