3 0.45859375 0.39765625 0.02734375 0.0375
3 0.44375 0.3625 0.02890625 0.0453125
1 0.4234375 0.3265625 0.0171875 0.0296875
1 0.34609375 0.29375 0.01796875 0.01953125
1 0.3546875 0.30390625 0.01484375 0.02109375
1 0.35859375 0.3359375 0.01875 0.02890625
1 0.33515625 0.340625 0.02109375 0.03203125
1 0.62890625 0.57578125 0.0359375 0.03984375
1 0.6609375 0.625 0.03828125 0.0515625
1 0.5921875 0.52890625 0.03515625 0.040625
1 0.57265625 0.50390625 0.03984375 0.03359375
4 0.540625 0.44765625 0.02578125 0.0484375
0 0.24140625 0.4203125 0.028125 0.0640625
0 0.27734375 0.38671875 0.0328125 0.0609375