1 0.61796875 0.36875 0.03671875 0.0578125
1 0.6765625 0.31015625 0.02734375 0.0390625
1 0.5875 0.29375 0.02578125 0.03515625
1 0.02421875 0.4140625 0.0390625 0.046875
1 0.53203125 0.33984375 0.046875 0.04453125
1 0.6109375 0.271875 0.0234375 0.02890625
1 0.0953125 0.43203125 0.05546875 0.0578125
1 0.1234375 0.378125 0.04140625 0.0359375
1 0.6328125 0.2578125 0.0234375 0.02421875
1 0.08828125 0.49296875 0.04375 0.071875
1 0.1453125 0.45859375 0.05703125 0.06328125
1 0.065625 0.4546875 0.04765625 0.04921875
1 0.67265625 0.234375 0.0234375 0.025
1 0.646875 0.24609375 0.021875 0.02265625
1 0.36875 0.375 0.065625 0.0609375
1 0.22265625 0.4390625 0.06875 0.078125
1 0.65546875 0.2328125 0.01484375 0.0171875
1 0.68984375 0.221875 0.0140625 0.01875
1 0.7046875 0.215625 0.009375 0.0125