1 0.13828125 0.78046875 0.08203125 0.17734375
1 0.09609375 0.5421875 0.04609375 0.08125
1 0.0234375 0.87578125 0.046875 0.18515625
1 0.16328125 0.55546875 0.0515625 0.109375
1 0.1953125 0.40234375 0.03203125 0.053125
1 0.16875 0.35859375 0.02890625 0.046875
1 0.30234375 0.3796875 0.0296875 0.0546875
1 0.3390625 0.3421875 0.0328125 0.046875
1 0.77265625 0.39140625 0.0578125 0.04765625
1 0.8546875 0.459375 0.05390625 0.06171875
1 0.2046875 0.32421875 0.021875 0.03671875
1 0.9015625 0.434375 0.05 0.05546875
1 0.97578125 0.41328125 0.03359375 0.04609375
1 0.93046875 0.4578125 0.0484375 0.0546875
1 0.3796875 0.33671875 0.0296875 0.03515625
1 0.328125 0.309375 0.02578125 0.0484375
1 0.9125 0.48984375 0.04140625 0.065625
1 0.2203125 0.2765625 0.01953125 0.02578125
1 0.29296875 0.31796875 0.02578125 0.0375
1 0.1890625 0.28203125 0.0171875 0.028125
1 0.3078125 0.27109375 0.01875 0.0296875
1 0.9703125 0.375 0.0375 0.0453125
1 0.17734375 0.309375 0.01875 0.02890625
1 0.7765625 0.440625 0.065625 0.07890625
4 0.43046875 0.35234375 0.0390625 0.07109375
1 0.2984375 0.33671875 0.02578125 0.03515625
1 0.4234375 0.303125 0.0359375 0.03203125
0 0.134375 0.3265625 0.0328125 0.06328125
1 0.2875 0.28984375 0.01953125 0.0203125
1 0.22109375 0.2390625 0.01171875 0.015625
1 0.95234375 0.43125 0.0390625 0.0421875
1 0.22265625 0.25390625 0.0125 0.01875
1 0.92265625 0.40859375 0.0328125 0.0296875
2 0.86171875 0.60703125 0.04296875 0.0859375