1 0.08203125 0.92578125 0.1640625 0.1484375
1 0.42421875 0.47734375 0.0984375 0.0875
1 0.5703125 0.34140625 0.05859375 0.04609375
1 0.26484375 0.24921875 0.02109375 0.03046875
1 0.2921875 0.21015625 0.01875 0.02734375
1 0.29296875 0.2453125 0.0171875 0.0203125
1 0.278125 0.2328125 0.01484375 0.0203125
1 0.31484375 0.2078125 0.015625 0.02265625
1 0.34609375 0.2078125 0.015625 0.0203125
3 0.3421875 0.22890625 0.0296875 0.0328125
4 0.37265625 0.5234375 0.1328125 0.14140625
4 0.33046875 0.42421875 0.09296875 0.0953125
1 0.67734375 0.36328125 0.06171875 0.0609375
1 0.1421875 0.31484375 0.02421875 0.0375