1 0.4109375 0.809375 0.11328125 0.1234375
1 0.57578125 0.9203125 0.1703125 0.1578125
1 0.43828125 0.928125 0.14453125 0.1375
1 0.271875 0.74140625 0.05546875 0.071875
1 0.2609375 0.9078125 0.1125 0.1546875
1 0.1625 0.6578125 0.03828125 0.04609375
1 0.1265625 0.68515625 0.034375 0.04921875
1 0.025 0.7171875 0.04609375 0.0625
1 0.3765625 0.61796875 0.03515625 0.021875
1 0.21328125 0.621875 0.02109375 0.02734375
1 0.046875 0.6671875 0.04765625 0.046875
0 0.259375 0.62421875 0.06015625 0.071875
0 0.33203125 0.67890625 0.084375 0.12734375