0 0.01796875 0.5515625 0.03515625 0.09140625
0 0.090625 0.4125 0.06796875 0.065625
0 0.1671875 0.39765625 0.0640625 0.05703125
0 0.1171875 0.37890625 0.05078125 0.05546875
0 0.1328125 0.35703125 0.053125 0.0328125
0 0.21328125 0.3328125 0.0390625 0.0328125
0 0.1234375 0.3078125 0.02578125 0.03671875
0 0.0703125 0.34921875 0.03828125 0.0484375
0 0.26015625 0.29921875 0.0296875 0.028125
0 0.18671875 0.3578125 0.04921875 0.04921875
0 0.18515625 0.37265625 0.05390625 0.0515625
0 0.14375 0.3421875 0.04765625 0.02265625
0 0.14921875 0.33203125 0.04921875 0.0265625
0 0.165625 0.32109375 0.034375 0.02109375
0 0.23359375 0.31171875 0.0390625 0.03515625
0 0.10625 0.4859375 0.08125 0.09375
0 0.28125 0.3875 0.03671875 0.0578125
0 0.04375 0.528125 0.0875 0.10859375
0 0.17734375 0.30078125 0.03203125 0.01640625
0 0.303125 0.32421875 0.01953125 0.0328125
1 0.51796875 0.853125 0.05078125 0.096875
0 0.178125 0.3078125 0.0328125 0.0328125
0 0.2078125 0.31796875 0.03515625 0.02421875
1 0.41875 0.53828125 0.0234375 0.04375
4 0.390625 0.56953125 0.02734375 0.05703125
1 0.70625 0.67109375 0.0453125 0.046875
1 0.746875 0.72578125 0.05078125 0.05390625
1 0.66328125 0.61875 0.040625 0.0421875
1 0.80234375 0.790625 0.0609375 0.0640625
1 0.928125 0.9484375 0.08515625 0.09140625
1 0.40234375 0.47265625 0.0234375 0.03125
1 0.86171875 0.86640625 0.075 0.0796875
1 0.62734375 0.575 0.03515625 0.0375
1 0.5875 0.52265625 0.02890625 0.03125
1 0.60859375 0.55 0.034375 0.034375
1 0.5734375 0.5015625 0.02578125 0.03046875
1 0.921875 0.5359375 0.04296875 0.03125
1 0.5484375 0.4671875 0.0234375 0.03046875
1 0.33828125 0.37421875 0.0125 0.0171875
1 0.42578125 0.33984375 0.01171875 0.01484375
1 0.50703125 0.4109375 0.0171875 0.02265625
1 0.415625 0.31171875 0.009375 0.0109375
3 0.4796875 0.4203125 0.03046875 0.059375
1 0.35546875 0.3046875 0.01015625 0.01171875
1 0.83359375 0.4859375 0.03359375 0.0234375
1 0.56328125 0.484375 0.0234375 0.02734375
1 0.88046875 0.50546875 0.034375 0.03828125
1 0.36796875 0.2984375 0.00859375 0.0109375
4 0.5328125 0.44296875 0.02890625 0.03984375
1 0.80390625 0.47421875 0.028125 0.02265625
1 0.8515625 0.47265625 0.0296875 0.02421875
1 0.365625 0.2671875 0.0078125 0.009375
1 0.35390625 0.2578125 0.00625 0.00703125
1 0.3671875 0.28828125 0.009375 0.0125
1 0.7625 0.4515625 0.025 0.01875