4 0.8328125 0.6921875 0.11953125 0.17578125
4 0.6828125 0.86953125 0.29140625 0.24921875
1 0.2859375 0.90234375 0.228125 0.14765625
1 0.64609375 0.63046875 0.10390625 0.08671875
1 0.72578125 0.58671875 0.06484375 0.0828125
1 0.784375 0.56640625 0.05859375 0.0640625
4 0.96796875 0.48125 0.06171875 0.046875
4 0.8453125 0.5484375 0.0484375 0.05859375
1 0.39609375 0.6171875 0.121875 0.1
1 0.321875 0.56015625 0.0859375 0.09375
4 0.12421875 0.57578125 0.0734375 0.13984375
1 0.234375 0.5109375 0.04765625 0.0484375
1 0.2671875 0.53515625 0.05390625 0.0484375
1 0.209375 0.48828125 0.04140625 0.040625
1 0.1625 0.4390625 0.0515625 0.04375
4 0.35859375 0.4328125 0.05859375 0.05234375