1 0.2296875 0.8953125 0.0796875 0.1296875
1 0.1875 0.6796875 0.0484375 0.08359375
1 0.3703125 0.54765625 0.03828125 0.06015625
1 0.39609375 0.475 0.0296875 0.0578125
1 0.328125 0.5171875 0.0390625 0.06953125
1 0.34765625 0.60078125 0.059375 0.10859375
1 0.39453125 0.3734375 0.015625 0.0265625
1 0.38671875 0.35546875 0.015625 0.0234375
1 0.3765625 0.340625 0.0125 0.01953125
0 0.4046875 0.409375 0.02578125 0.0640625
0 0.3109375 0.40546875 0.0328125 0.0578125
1 0.31953125 0.3265625 0.01015625 0.01328125
1 0.2890625 0.28203125 0.01015625 0.0140625
0 0.36328125 0.425 0.03203125 0.07265625
0 0.2921875 0.478125 0.0484375 0.0859375