1 0.83671875 0.478125 0.06015625 0.0734375
1 0.91171875 0.50546875 0.0453125 0.08125
1 0.9046875 0.4453125 0.0484375 0.06796875
1 0.95 0.4703125 0.046875 0.0671875
1 0.8390625 0.43125 0.05546875 0.05234375
1 0.4328125 0.359375 0.03828125 0.05234375
1 0.0984375 0.5453125 0.05078125 0.08671875
1 0.3515625 0.378125 0.0375 0.05625
1 0.31328125 0.37578125 0.03046875 0.053125
1 0.13359375 0.45859375 0.0359375 0.0609375
1 0.15703125 0.640625 0.05625 0.10859375
1 0.1796875 0.48984375 0.04296875 0.071875
1 0.3921875 0.375 0.0375 0.04921875
1 0.98671875 0.425 0.02421875 0.046875
1 0.3796875 0.3375 0.03203125 0.040625
1 0.753125 0.38515625 0.0515625 0.05546875
1 0.13515625 0.915625 0.09453125 0.16015625
1 0.340625 0.32890625 0.03046875 0.0375
1 0.95234375 0.3578125 0.02265625 0.0265625
1 0.30390625 0.340625 0.02890625 0.0453125
1 0.29296875 0.303125 0.025 0.03515625
1 0.171875 0.3546875 0.025 0.03828125
1 0.20703125 0.3578125 0.028125 0.04375
1 0.39765625 0.3125 0.03203125 0.0484375
1 0.921875 0.38671875 0.04375 0.0359375
1 0.6 0.37265625 0.07265625 0.0609375
1 0.21640625 0.296875 0.01875 0.02734375
1 0.1796875 0.31953125 0.02109375 0.02578125
1 0.353125 0.24140625 0.02109375 0.02265625
1 0.03046875 0.8703125 0.059375 0.16328125
0 0.078125 0.415625 0.04453125 0.0859375
1 0.1671875 0.296875 0.01640625 0.025
1 0.88828125 0.4078125 0.0359375 0.03515625