1 0.43515625 0.57109375 0.10546875 0.17109375
1 0.53046875 0.3640625 0.04453125 0.06328125
1 0.92265625 0.75625 0.15 0.21171875
1 0.32109375 0.340625 0.06796875 0.06171875
1 0.615625 0.3765625 0.0546875 0.0640625
1 0.61640625 0.496875 0.07265625 0.11171875
1 0.74765625 0.9125 0.16875 0.1375
1 0.5 0.28125 0.0265625 0.0328125
1 0.50859375 0.31328125 0.03984375 0.05
1 0.47109375 0.3234375 0.03515625 0.05546875
4 0.703125 0.46796875 0.10390625 0.15
1 0.690625 0.628125 0.15546875 0.25234375
2 0.578125 0.7796875 0.0640625 0.1546875