1 0.85078125 0.44765625 0.03984375 0.06640625
1 0.85 0.3765625 0.03046875 0.04375
1 0.1 0.66953125 0.06171875 0.14375
1 0.69921875 0.3796875 0.0359375 0.0609375
1 0.80859375 0.3125 0.021875 0.03359375
1 0.165625 0.434375 0.05546875 0.05859375
1 0.640625 0.31328125 0.02890625 0.03828125
1 0.62578125 0.34296875 0.0390625 0.046875
1 0.0171875 0.371875 0.0296875 0.0375
1 0.63203125 0.25078125 0.01796875 0.021875
1 0.65703125 0.36640625 0.0390625 0.059375
1 0.61015625 0.37265625 0.0390625 0.04765625
1 0.8328125 0.25390625 0.01640625 0.01953125
1 0.82890625 0.23359375 0.01171875 0.0140625
1 0.70234375 0.33515625 0.0296875 0.0359375
1 0.80625 0.26015625 0.01171875 0.0171875
1 0.6625 0.340625 0.03515625 0.04765625
1 0.85703125 0.284375 0.01875 0.02421875
1 0.709375 0.2890625 0.02421875 0.028125
1 0.68359375 0.28515625 0.025 0.03203125
1 0.815625 0.290625 0.01953125 0.02265625
1 0.8078125 0.2328125 0.01015625 0.01171875
0 0.5953125 0.31953125 0.04296875 0.07421875
1 0.571875 0.3515625 0.05 0.065625