1 0.865625 0.6875 0.090625 0.1671875
1 0.90703125 0.540625 0.0546875 0.08359375
1 0.80859375 0.43046875 0.03515625 0.0625
1 0.8484375 0.40703125 0.02890625 0.04921875
1 0.796875 0.35703125 0.02734375 0.0453125
1 0.43671875 0.36875 0.06640625 0.05859375
1 0.9859375 0.684375 0.028125 0.115625
1 0.1453125 0.45859375 0.05625 0.06328125
1 0.6203125 0.33671875 0.03125 0.03828125
1 0.61796875 0.37265625 0.0328125 0.0484375
1 0.6609375 0.33984375 0.03359375 0.046875
1 0.1 0.43515625 0.04921875 0.05546875
1 0.69765625 0.38125 0.03046875 0.04921875
1 0.7828125 0.3109375 0.01953125 0.03125
1 0.67265625 0.30703125 0.025 0.04375
1 0.08828125 0.49765625 0.04375 0.0671875
1 0.8703125 0.33515625 0.03046875 0.05625
1 0.0234375 0.415625 0.03515625 0.04609375
1 0.821875 0.31328125 0.01875 0.03046875
1 0.71015625 0.3046875 0.0234375 0.03046875
1 0.70234375 0.33828125 0.02734375 0.03359375
1 0.83046875 0.2609375 0.0125 0.02109375
1 0.06796875 0.4546875 0.0453125 0.053125
1 0.03125 0.32109375 0.03046875 0.028125
1 0.81953125 0.27890625 0.01484375 0.0265625
1 0.22109375 0.440625 0.06796875 0.08046875
4 0.5375 0.3328125 0.06015625 0.08203125