1 0.44453125 0.6 0.15390625 0.16796875
4 0.24609375 0.92890625 0.1828125 0.14140625
2 0.953125 0.903125 0.090625 0.16640625
1 0.08671875 0.509375 0.05078125 0.0984375
4 0.2921875 0.39609375 0.10078125 0.071875
1 0.15078125 0.42109375 0.084375 0.065625
1 0.06171875 0.3625 0.0390625 0.04140625
1 0.11875 0.375 0.05625 0.040625
1 0.609375 0.35390625 0.04609375 0.05546875
1 0.7140625 0.30390625 0.0296875 0.040625
3 0.66953125 0.3015625 0.034375 0.0828125
1 0.603125 0.275 0.03125 0.040625
1 0.71328125 0.2578125 0.0171875 0.021875
1 0.6890625 0.23671875 0.021875 0.02109375
1 0.64375 0.24296875 0.01875 0.02578125
2 0.7546875 0.4921875 0.059375 0.06484375
0 0.921875 0.42109375 0.0515625 0.0984375