4 0.52578125 0.51875 0.090625 0.16171875
4 0.7046875 0.309375 0.059375 0.1015625
1 0.82890625 0.35234375 0.06796875 0.10390625
1 0.70625 0.55546875 0.1 0.14765625
3 0.91484375 0.59453125 0.16484375 0.315625
1 0.74375 0.4140625 0.07265625 0.09453125
1 0.9703125 0.89296875 0.05625 0.16953125
1 0.86328125 0.259375 0.07109375 0.06328125
1 0.33046875 0.2546875 0.02421875 0.0421875
3 0.36640625 0.23984375 0.05859375 0.1125
1 0.78984375 0.23203125 0.078125 0.053125
1 0.82109375 0.2890625 0.046875 0.03984375
1 0.88828125 0.23828125 0.07109375 0.0515625
1 0.29921875 0.2203125 0.02109375 0.021875