4 0.378125 0.68359375 0.41640625 0.3421875
1 0.3296875 0.17890625 0.0484375 0.03671875
1 0.2203125 0.28828125 0.06953125 0.08125
1 0.36484375 0.221875 0.04375 0.04921875
1 0.4921875 0.34609375 0.03984375 0.06640625
1 0.334375 0.12421875 0.01953125 0.02421875
1 0.3328125 0.146875 0.0171875 0.02421875
1 0.48984375 0.125 0.015625 0.0171875
1 0.47265625 0.1265625 0.0125 0.015625
1 0.52265625 0.1734375 0.0234375 0.02578125
3 0.35703125 0.13828125 0.01875 0.03359375
1 0.40625 0.2109375 0.03828125 0.0328125
1 0.41484375 0.2375 0.03515625 0.04375
1 0.42890625 0.2609375 0.04765625 0.05703125
1 0.44140625 0.29921875 0.04375 0.06484375
1 0.309375 0.2453125 0.0453125 0.05
1 0.93828125 0.203125 0.06171875 0.065625