1 0.2265625 0.4421875 0.07265625 0.06796875
1 0.11953125 0.53984375 0.06328125 0.1140625
4 0.64765625 0.37421875 0.0375 0.05546875
1 0.5421875 0.3328125 0.0421875 0.0453125
1 0.146875 0.41328125 0.04921875 0.05
4 0.065625 0.465625 0.0578125 0.1046875
1 0.13125 0.38125 0.04296875 0.03828125
1 0.6984375 0.3625 0.0328125 0.05078125
1 0.58515625 0.29140625 0.03671875 0.04921875
1 0.853125 0.453125 0.0359375 0.06640625
1 0.02421875 0.45546875 0.0296875 0.059375
1 0.0390625 0.353125 0.02578125 0.0296875
1 0.80234375 0.3828125 0.0296875 0.0484375
1 0.628125 0.25859375 0.02265625 0.025
4 0.63984375 0.315625 0.0328125 0.0484375
1 0.853125 0.33828125 0.0234375 0.03828125
1 0.8734375 0.3203125 0.02421875 0.0328125
1 0.00859375 0.38203125 0.0171875 0.0265625
1 0.70234375 0.32890625 0.02578125 0.0328125
1 0.9859375 0.69140625 0.028125 0.1140625
4 0.81328125 0.3109375 0.0203125 0.03828125
4 0.9375 0.4546875 0.059375 0.10234375
1 0.87578125 0.80703125 0.07890625 0.1921875
1 0.15234375 0.48125 0.04765625 0.06875
4 0.090625 0.44609375 0.046875 0.05234375
4 0.571875 0.3515625 0.04296875 0.06484375
4 0.621875 0.34765625 0.02890625 0.05625
2 0.8359375 0.53359375 0.0375 0.08046875