1 0.8640625 0.76328125 0.0734375 0.15390625
1 0.9546875 0.72265625 0.07578125 0.14453125
1 0.9171875 0.4828125 0.04609375 0.065625
1 0.81484375 0.45546875 0.03671875 0.06328125
1 0.9 0.5671875 0.05234375 0.0953125
4 0.98203125 0.6296875 0.0359375 0.11015625
1 0.8453125 0.40625 0.034375 0.05234375
1 0.0390625 0.4671875 0.0375 0.05703125
1 0.128125 0.4625 0.053125 0.0671875
1 0.85703125 0.37421875 0.02890625 0.03828125
1 0.3890625 0.38203125 0.07421875 0.053125
1 0.6109375 0.36796875 0.040625 0.05390625
1 0.6984375 0.38125 0.03359375 0.05859375
1 0.8125 0.3203125 0.0203125 0.0328125
1 0.16796875 0.428125 0.06015625 0.0515625
1 0.78984375 0.3328125 0.02265625 0.03671875
1 0.65703125 0.36796875 0.0375 0.05703125
1 0.6140625 0.27109375 0.02421875 0.0296875
1 0.7 0.2671875 0.01875 0.02421875
1 0.628125 0.34140625 0.0328125 0.04609375
1 0.66484375 0.3375 0.03203125 0.0421875
1 0.77734375 0.28359375 0.01796875 0.02890625
1 0.6703125 0.31015625 0.02734375 0.0515625
1 0.70234375 0.3328125 0.02734375 0.0359375
1 0.08671875 0.47734375 0.0453125 0.06484375
1 0.0203125 0.40546875 0.0328125 0.0375
1 0.06875 0.36015625 0.02421875 0.025
4 0.53125 0.33125 0.05078125 0.06796875
1 0.84296875 0.32109375 0.01953125 0.0328125
1 0.01171875 0.42890625 0.0234375 0.0515625
1 0.8578125 0.3046875 0.0171875 0.02578125
1 0.85625 0.284375 0.0171875 0.02265625
1 0.63203125 0.2484375 0.0171875 0.021875
1 0.7984375 0.22578125 0.0125 0.015625
1 0.78203125 0.234375 0.01015625 0.01796875
1 0.7078125 0.24296875 0.0140625 0.01875
1 0.12109375 0.4109375 0.046875 0.04375
1 0.01015625 0.38125 0.01953125 0.034375
1 0.84609375 0.2671875 0.01328125 0.02421875
1 0.87421875 0.31875 0.0171875 0.0265625
1 0.8140625 0.2515625 0.01171875 0.0171875
1 0.665625 0.23046875 0.0171875 0.0203125
1 0.57578125 0.34375 0.04296875 0.06171875
1 0.08203125 0.428125 0.03828125 0.04296875
1 0.03203125 0.35078125 0.025 0.02578125
1 0.04921875 0.4171875 0.03515625 0.04296875
1 0.8140625 0.2359375 0.01015625 0.0140625
1 0.68203125 0.22421875 0.01640625 0.01484375
1 0.0921875 0.39453125 0.03984375 0.03359375
1 0.8109375 0.26875 0.01484375 0.02265625