1 0.5203125 0.79609375 0.23125 0.20078125
2 0.6140625 0.6140625 0.09375 0.140625
1 0.63203125 0.1515625 0.02109375 0.03671875
1 0.66015625 0.14921875 0.02109375 0.02734375
1 0.6578125 0.17265625 0.02890625 0.02109375
1 0.65546875 0.209375 0.0296875 0.046875
3 0.58828125 0.21640625 0.03828125 0.06328125
1 0.57421875 0.26171875 0.03984375 0.06484375
1 0.55703125 0.290625 0.0375 0.071875
1 0.53125 0.33359375 0.0625 0.08125
0 0.60703125 0.3609375 0.08125 0.1796875
1 0.51015625 0.12890625 0.01328125 0.01953125
4 0.52734375 0.125 0.0125 0.02265625