1 0.3140625 0.3734375 0.02890625 0.05390625
1 0.35234375 0.3796875 0.0359375 0.05390625
1 0.4328125 0.36015625 0.040625 0.0515625
1 0.3921875 0.375 0.03828125 0.0515625
1 0.384375 0.35234375 0.0375 0.04765625
1 0.1203125 0.33671875 0.028125 0.034375
1 0.30390625 0.34296875 0.025 0.04375
1 0.29140625 0.30859375 0.021875 0.03828125
1 0.35703125 0.290625 0.025 0.03046875
1 0.34375 0.33671875 0.03046875 0.040625
1 0.57734375 0.3765625 0.06640625 0.05234375
1 0.3328125 0.321875 0.0265625 0.0375
1 0.30078125 0.321875 0.02421875 0.0359375
1 0.365625 0.315625 0.02734375 0.03125
1 0.9359375 0.39765625 0.03203125 0.0375
1 0.32734375 0.29765625 0.0265625 0.0328125
1 0.41015625 0.32734375 0.03515625 0.053125
1 0.34609375 0.27578125 0.021875 0.0296875
1 0.31796875 0.2796875 0.02578125 0.03046875
1 0.20859375 0.26953125 0.0140625 0.02109375
0 0.55625 0.49921875 0.425 0.21484375