1 0.43046875 0.5578125 0.09296875 0.1140625
1 0.58828125 0.38359375 0.040625 0.0609375
1 0.09765625 0.5515625 0.05546875 0.0921875
1 0.63203125 0.390625 0.0421875 0.07578125
1 0.19765625 0.453125 0.05859375 0.0640625
1 0.134375 0.47109375 0.053125 0.08125
1 0.5828125 0.2984375 0.03359375 0.03671875
1 0.0703125 0.49453125 0.04765625 0.0890625
1 0.65703125 0.2953125 0.02265625 0.03359375
1 0.3671875 0.378125 0.06953125 0.053125
1 0.69609375 0.284375 0.0234375 0.03984375
1 0.04765625 0.465625 0.03046875 0.05859375
1 0.0734375 0.35859375 0.03359375 0.040625
4 0.61171875 0.29375 0.040625 0.0734375
2 0.3828125 0.49375 0.04296875 0.03515625