1 0.10546875 0.57109375 0.06015625 0.103125
4 0.0703125 0.49296875 0.046875 0.08359375
1 0.19609375 0.453125 0.05859375 0.06484375
1 0.13828125 0.4734375 0.05078125 0.07734375
1 0.60234375 0.36640625 0.03984375 0.05625
1 0.69375 0.3890625 0.034375 0.04921875
1 0.04609375 0.4625 0.03515625 0.05390625
1 0.084375 0.43203125 0.04453125 0.06640625
1 0.49921875 0.35078125 0.05390625 0.05
1 0.11875 0.40703125 0.0484375 0.04765625
1 0.6234375 0.33828125 0.0359375 0.0484375
1 0.66328125 0.35703125 0.034375 0.06328125
1 0.27265625 0.3890625 0.06015625 0.05
3 0.5625 0.34453125 0.05390625 0.09921875
1 0.7796875 0.26328125 0.015625 0.02578125
1 0.67734375 0.3046875 0.0265625 0.0359375
1 0.70625 0.3203125 0.028125 0.0328125
1 0.70234375 0.35234375 0.03046875 0.046875
1 0.784375 0.23046875 0.01328125 0.01640625
1 0.6671875 0.3296875 0.02734375 0.03046875
1 0.62890625 0.31640625 0.0265625 0.028125
3 0.65 0.27734375 0.03125 0.07265625
1 0.68984375 0.27421875 0.0234375 0.0296875
1 0.71015625 0.303125 0.01953125 0.01953125
1 0.80390625 0.23125 0.0109375 0.01640625
1 0.8390625 0.28203125 0.01953125 0.0390625
1 0.825 0.24296875 0.0109375 0.01328125
1 0.81484375 0.25390625 0.0125 0.0140625
1 0.81171875 0.22734375 0.01015625 0.01328125
1 0.83515625 0.22578125 0.01171875 0.01328125
1 0.0703125 0.365625 0.04375 0.06015625
3 0.8859375 0.3515625 0.03671875 0.06328125
1 0.69609375 0.2671875 0.01328125 0.015625
1 0.81328125 0.2828125 0.01484375 0.0234375
1 0.00703125 0.3875 0.0140625 0.0359375
1 0.875 0.31171875 0.01640625 0.025
1 0.8125 0.2625 0.0125 0.015625