3 0.92109375 0.3515625 0.1578125 0.146875
1 0.37265625 0.45859375 0.1234375 0.159375
1 0.03984375 0.30625 0.07890625 0.10234375
1 0.27421875 0.265625 0.0640625 0.08203125
1 0.21875 0.1796875 0.04296875 0.0609375
1 0.37265625 0.1125 0.053125 0.0375
1 0.20078125 0.12578125 0.02890625 0.0328125
1 0.1828125 0.0828125 0.021875 0.0265625
1 0.25703125 0.1 0.05234375 0.03046875
4 0.43046875 0.15078125 0.059375 0.0703125
4 0.015625 0.3703125 0.03046875 0.13984375
1 0.09765625 0.25625 0.02890625 0.046875
2 0.60234375 0.36171875 0.04453125 0.08046875
4 0.5015625 0.16640625 0.0328125 0.05859375
1 0.47578125 0.1703125 0.021875 0.03125