1 0.571875 0.74609375 0.14609375 0.2046875
1 0.77421875 0.6734375 0.10390625 0.15703125
1 0.9171875 0.528125 0.046875 0.0984375
1 0.84921875 0.51484375 0.0671875 0.1
1 0.93046875 0.4 0.0296875 0.05625
1 0.8890625 0.38125 0.03203125 0.04765625
1 0.85625 0.42890625 0.04375 0.05703125
1 0.95234375 0.33515625 0.0203125 0.03515625
1 0.66640625 0.325 0.046875 0.03984375
1 0.5765625 0.35546875 0.0671875 0.05078125
1 0.32109375 0.43125 0.0890625 0.0625
1 0.43515625 0.41640625 0.08125 0.06953125
1 0.2953125 0.31484375 0.04375 0.0421875
1 0.59453125 0.31796875 0.0515625 0.040625
1 0.73671875 0.30390625 0.03671875 0.03125
1 0.78203125 0.29375 0.03203125 0.0296875
1 0.8328125 0.27890625 0.0203125 0.02578125
1 0.9671875 0.303125 0.0125 0.025
1 0.0421875 0.3421875 0.0203125 0.03125
2 0.12890625 0.3953125 0.028125 0.04609375
2 0.34140625 0.31015625 0.015625 0.03046875
1 0.25546875 0.30234375 0.03203125 0.04296875