4 0.62578125 0.6796875 0.1015625 0.20625
4 0.4328125 0.73125 0.159375 0.26953125
1 0.534375 0.56328125 0.078125 0.1203125
1 0.66640625 0.525 0.0671875 0.10234375
4 0.365625 0.590625 0.12421875 0.17734375
1 0.5125 0.4 0.0390625 0.07734375
4 0.1546875 0.28046875 0.0609375 0.08671875
1 0.571875 0.2796875 0.03125 0.04921875
1 0.56015625 0.48203125 0.06171875 0.0921875
1 0.57734375 0.41171875 0.05078125 0.07734375
1 0.52265625 0.35078125 0.0421875 0.06796875
1 0.584375 0.31796875 0.03359375 0.02578125
1 0.084375 0.63046875 0.16796875 0.15234375
1 0.59140625 0.38515625 0.0453125 0.08203125
3 0.45625 0.43828125 0.090625 0.20703125
1 0.3953125 0.44609375 0.05625 0.08125
1 0.06328125 0.88125 0.12578125 0.184375
1 0.58359375 0.3421875 0.03515625 0.0421875
1 0.02734375 0.421875 0.05390625 0.07421875
1 0.24140625 0.1984375 0.0171875 0.028125
3 0.66171875 0.38046875 0.0875 0.2125
1 0.67734375 0.1890625 0.03125 0.01796875
1 0.25625 0.15703125 0.015625 0.01640625
1 0.03671875 0.30859375 0.07109375 0.05625
1 0.25625 0.14453125 0.0140625 0.01328125
1 0.31328125 0.171875 0.02421875 0.01796875
3 0.49375 0.22109375 0.04296875 0.07421875