1 0.25 0.490625 0.0953125 0.109375
1 0.378125 0.28125 0.03828125 0.0515625
1 0.59609375 0.52578125 0.0828125 0.13125
1 0.478125 0.271875 0.03203125 0.0453125
1 0.43671875 0.17265625 0.0171875 0.025
1 0.7234375 0.525 0.0890625 0.13515625
1 0.653125 0.17265625 0.04765625 0.02734375
1 0.5703125 0.41796875 0.0625 0.09609375
1 0.6296875 0.359375 0.046875 0.065625
1 0.54765625 0.34296875 0.0484375 0.071875
1 0.60390625 0.31015625 0.04609375 0.06796875
1 0.540625 0.31171875 0.0421875 0.05546875
4 0.375 0.2265625 0.03125 0.0453125
1 0.721875 0.94453125 0.37109375 0.10625
1 0.4390625 0.12734375 0.01328125 0.0171875
1 0.5359375 0.271875 0.03671875 0.0484375
1 0.5078125 0.12578125 0.0109375 0.01640625
1 0.5828125 0.2625 0.04609375 0.059375
1 0.44921875 0.1171875 0.0109375 0.01328125
1 0.56328125 0.2234375 0.02265625 0.046875
3 0.6734375 0.42734375 0.0953125 0.12265625