1 0.7484375 0.6125 0.10078125 0.0828125
1 0.69609375 0.52421875 0.0625 0.07890625
1 0.77734375 0.5171875 0.05390625 0.06875
1 0.26875 0.8375 0.1578125 0.17890625
1 0.853125 0.63125 0.06328125 0.103125
1 0.8078125 0.55625 0.0546875 0.06953125
1 0.66328125 0.915625 0.16171875 0.16328125
1 0.43203125 0.7234375 0.134375 0.13046875
1 0.72734375 0.790625 0.10859375 0.17421875
4 0.10546875 0.925 0.17890625 0.140625
1 0.74453125 0.49296875 0.05234375 0.0640625
1 0.84453125 0.40859375 0.03046875 0.0375
4 0.521875 0.64296875 0.09921875 0.13125
1 0.83359375 0.43984375 0.03515625 0.06015625