1 0.1609375 0.88203125 0.09921875 0.12421875
4 0.75703125 0.89296875 0.20859375 0.2015625
1 0.665625 0.94375 0.15625 0.1125
1 0.50078125 0.865625 0.15078125 0.13125
1 0.3546875 0.76484375 0.07421875 0.08359375
1 0.5921875 0.846875 0.11328125 0.1109375
1 0.93125 0.9625 0.134375 0.075
0 0.05390625 0.678125 0.06875 0.1015625
0 0.1109375 0.653125 0.05234375 0.08515625
1 0.16796875 0.65390625 0.0359375 0.05234375
1 0.365625 0.69375 0.04296875 0.0390625
4 0.44609375 0.73984375 0.08203125 0.10390625
1 0.5515625 0.75703125 0.08515625 0.075