1 0.8765625 0.8046875 0.08125 0.1859375
1 0.9859375 0.68828125 0.028125 0.1109375
1 0.85390625 0.45390625 0.04140625 0.06796875
1 0.8015625 0.38359375 0.03046875 0.053125
1 0.22421875 0.446875 0.06328125 0.06015625
1 0.15703125 0.47890625 0.05546875 0.06875
1 0.02421875 0.45703125 0.021875 0.05859375
1 0.121875 0.43515625 0.04609375 0.0484375
1 0.0390625 0.35390625 0.02734375 0.021875
1 0.071875 0.3625 0.03125 0.02890625
4 0.06484375 0.46953125 0.05859375 0.1109375
4 0.11875 0.53125 0.0546875 0.10625
4 0.0875 0.44453125 0.04609375 0.05546875
4 0.57265625 0.35234375 0.04296875 0.0671875
4 0.63828125 0.315625 0.0296875 0.05078125
0 0.93828125 0.45703125 0.05703125 0.1125
2 0.8375 0.540625 0.02421875 0.0515625
1 0.646875 0.37421875 0.0359375 0.0546875
1 0.853125 0.33671875 0.02421875 0.0375
1 0.7828125 0.30546875 0.0203125 0.03515625
1 0.69765625 0.36171875 0.0296875 0.0546875
4 0.6203125 0.34765625 0.0296875 0.0515625
4 0.58203125 0.29140625 0.034375 0.04765625
1 0.54140625 0.3328125 0.03828125 0.04296875
1 0.66171875 0.3453125 0.03046875 0.0484375
1 0.61171875 0.2734375 0.02265625 0.02890625
1 0.65 0.30234375 0.025 0.034375
1 0.7015625 0.32578125 0.02734375 0.0296875
1 0.70859375 0.29921875 0.0265625 0.02890625
1 0.628125 0.2578125 0.01875 0.025
1 0.1484375 0.4109375 0.04375 0.04375
1 0.015625 0.42421875 0.03125 0.0515625
1 0.009375 0.38359375 0.01875 0.02421875
4 0.8125 0.31171875 0.02578125 0.04453125