1 0.12421875 0.63828125 0.03984375 0.06015625
1 0.3875 0.70078125 0.04296875 0.0703125
1 0.2828125 0.73828125 0.03359375 0.05234375
1 0.28359375 0.67265625 0.0296875 0.0515625
1 0.25703125 0.47265625 0.02578125 0.0421875
1 0.27421875 0.4515625 0.03203125 0.04296875
1 0.2796875 0.61875 0.0265625 0.0359375
1 0.29140625 0.58203125 0.025 0.03515625
1 0.29453125 0.546875 0.02578125 0.02890625
1 0.3625 0.5265625 0.0265625 0.04375
0 0.36015625 0.45625 0.034375 0.0421875
4 0.23203125 0.571875 0.0359375 0.0734375
3 0.3171875 0.35625 0.02109375 0.040625
1 0.30703125 0.40234375 0.01953125 0.03984375
1 0.27890625 0.79375 0.03046875 0.0578125
1 0.29765625 0.86484375 0.04296875 0.078125
1 0.3125 0.953125 0.0546875 0.09140625