1 0.64140625 0.4109375 0.01875 0.0265625
1 0.63203125 0.328125 0.01015625 0.0125
1 0.4265625 0.50390625 0.0265625 0.03125
1 0.64140625 0.3515625 0.01171875 0.01796875
1 0.19765625 0.7921875 0.059375 0.0640625
1 0.24921875 0.7296875 0.05078125 0.053125
1 0.4375 0.48515625 0.0296875 0.0296875
1 0.29609375 0.6734375 0.0453125 0.046875
1 0.3734375 0.57734375 0.0359375 0.03671875
1 0.41328125 0.5265625 0.03046875 0.03125
1 0.59921875 0.2828125 0.00703125 0.009375
1 0.38125 0.678125 0.03984375 0.0453125
1 0.3375 0.6234375 0.040625 0.0421875
1 0.4453125 0.47265625 0.02578125 0.028125
1 0.07734375 0.53828125 0.0421875 0.03125
1 0.13671875 0.86875 0.0765625 0.08203125
1 0.69453125 0.46328125 0.01640625 0.02265625
1 0.1671875 0.4921875 0.03671875 0.0265625
1 0.06953125 0.95 0.08203125 0.0875
1 0.390625 0.5515625 0.03359375 0.0328125
4 0.4671875 0.44375 0.02421875 0.0390625
1 0.12265625 0.50625 0.0328125 0.03515625
3 0.653125 0.28125 0.009375 0.02578125
0 0.94453125 0.73203125 0.1109375 0.209375
0 0.9296875 0.353125 0.0390625 0.046875
0 0.87578125 0.3109375 0.0234375 0.0296875
0 0.72265625 0.38828125 0.028125 0.053125
0 0.89296875 0.49296875 0.084375 0.08984375