1 0.1640625 0.57890625 0.0671875 0.11171875
1 0.07890625 0.528125 0.0421875 0.08515625
1 0.21171875 0.50703125 0.0625 0.09140625
1 0.11484375 0.48359375 0.0421875 0.0765625
1 0.08359375 0.4078125 0.0296875 0.053125
1 0.93046875 0.54609375 0.08359375 0.0859375
1 0.7375 0.31484375 0.03203125 0.0375
1 0.4671875 0.83046875 0.16796875 0.22265625
1 0.96171875 0.3453125 0.021875 0.0328125
1 0.77265625 0.2890625 0.03125 0.03359375
1 0.06953125 0.38046875 0.021875 0.04140625
1 0.84375 0.25625 0.01875 0.02421875
1 0.2984375 0.278125 0.0375 0.028125
1 0.27265625 0.275 0.0296875 0.02734375
1 0.03359375 0.33984375 0.0140625 0.025
1 0.0703125 0.32421875 0.0171875 0.0296875
1 0.59453125 0.240625 0.0328125 0.02578125
1 0.325 0.28203125 0.03828125 0.02734375
1 0.25 0.2703125 0.02578125 0.02578125
1 0.8625 0.25546875 0.01640625 0.0203125
1 0.7375 0.23359375 0.02265625 0.0203125
1 0.0546875 0.30546875 0.0125 0.01796875
1 0.09296875 0.3515625 0.02734375 0.0484375
1 0.728125 0.215625 0.02109375 0.01796875
1 0.04375 0.284375 0.01015625 0.015625
1 0.7140625 0.2140625 0.0203125 0.01953125
1 0.76953125 0.23359375 0.01875 0.01796875
4 0.1265625 0.38828125 0.04296875 0.0859375
1 0.20859375 0.2640625 0.02109375 0.02109375
1 0.034375 0.29921875 0.0109375 0.0140625
3 0.48046875 0.3328125 0.0953125 0.0984375
1 0.18828125 0.259375 0.01953125 0.0203125
1 0.03046875 0.2859375 0.01171875 0.015625
1 0.08203125 0.34375 0.02109375 0.03046875
1 0.03515625 0.3109375 0.01171875 0.01796875