0 0.04609375 0.79765625 0.0921875 0.2375
1 0.1640625 0.78359375 0.06484375 0.09453125
1 0.23984375 0.6765625 0.040625 0.04921875
1 0.67890625 0.81875 0.115625 0.1140625
1 0.4 0.79375 0.096875 0.09921875
1 0.50859375 0.86796875 0.1171875 0.13125
1 0.46640625 0.76484375 0.06875 0.09921875
1 0.33203125 0.71015625 0.04140625 0.06328125
1 0.6 0.8453125 0.1296875 0.12578125
1 0.36953125 0.69375 0.0453125 0.05
1 0.56484375 0.7640625 0.08671875 0.078125
1 0.1046875 0.9515625 0.11484375 0.09140625
1 0.20390625 0.64921875 0.02890625 0.03515625
1 0.13828125 0.62890625 0.02265625 0.025
1 0.38515625 0.7328125 0.065625 0.059375
1 0.41171875 0.69609375 0.04453125 0.04375
1 0.87265625 0.921875 0.19375 0.1375
1 0.31640625 0.66953125 0.04609375 0.04921875