1 0.81953125 0.66875 0.1234375 0.1765625
1 0.865625 0.44921875 0.06953125 0.10390625
1 0.41328125 0.421875 0.0578125 0.071875
1 0.7125 0.18984375 0.02265625 0.025
1 0.4640625 0.35 0.04921875 0.0640625
1 0.9015625 0.1328125 0.01484375 0.01953125
1 0.7703125 0.1390625 0.01796875 0.0265625
1 0.8546875 0.32109375 0.06328125 0.10078125
1 0.58125 0.30546875 0.0421875 0.0484375
1 0.946875 0.1546875 0.02265625 0.03203125
0 0.6859375 0.30234375 0.371875 0.38046875
4 0.90703125 0.2296875 0.05078125 0.07109375