1 0.9578125 0.7421875 0.0828125 0.14609375
4 0.84375 0.5859375 0.0609375 0.11875
1 0.1125 0.503125 0.0515625 0.07265625
1 0.6765625 0.38515625 0.0328125 0.05859375
1 0.059375 0.4765625 0.04609375 0.065625
1 0.6078125 0.3609375 0.0375 0.05546875
1 0.16171875 0.48203125 0.0609375 0.07109375
1 0.653125 0.36328125 0.0328125 0.05390625
1 0.646875 0.3 0.02421875 0.0328125
1 0.68125 0.29921875 0.021875 0.0328125
1 0.165625 0.43671875 0.0609375 0.05625
1 0.16953125 0.38671875 0.05234375 0.0390625
1 0.6703125 0.33046875 0.02734375 0.0421875
1 0.10703125 0.4421875 0.04765625 0.0515625
1 0.678125 0.2640625 0.01953125 0.01953125
1 0.090625 0.396875 0.03515625 0.03984375
1 0.4015625 0.3734375 0.0640625 0.05859375
1 0.6375 0.2546875 0.02578125 0.02734375
1 0.12421875 0.4046875 0.04609375 0.05078125
1 0.07109375 0.3859375 0.03046875 0.034375
0 0.5671875 0.3453125 0.05859375 0.09140625