1 0.8390625 0.55625 0.053125 0.09765625
1 0.87265625 0.46484375 0.05 0.07265625
1 0.8078125 0.40546875 0.03828125 0.0640625
1 0.846875 0.35625 0.02890625 0.03984375
1 0.8203125 0.3140625 0.02109375 0.03359375
1 0.69765625 0.38046875 0.0296875 0.0515625
1 0.08828125 0.49765625 0.04296875 0.0671875
1 0.14609375 0.45859375 0.05625 0.06328125
1 0.6609375 0.340625 0.0328125 0.046875
1 0.78984375 0.31875 0.02109375 0.03515625
1 0.096875 0.43359375 0.04921875 0.05703125
1 0.02421875 0.415625 0.03515625 0.046875
1 0.315625 0.384375 0.06875 0.053125
1 0.778125 0.2796875 0.01796875 0.02421875
1 0.06875 0.45390625 0.04453125 0.05078125
4 0.22109375 0.43984375 0.07109375 0.08671875
1 0.8078125 0.27890625 0.0140625 0.021875
1 0.67265625 0.3078125 0.0234375 0.04453125
1 0.5875 0.29140625 0.02265625 0.0375
1 0.61875 0.36953125 0.0328125 0.06015625
1 0.71015625 0.3125 0.025 0.03984375
0 0.86484375 0.32890625 0.03515625 0.06796875
4 0.47734375 0.340625 0.0890625 0.08515625
4 0.57109375 0.35234375 0.03984375 0.0703125
2 0.2609375 0.53359375 0.0296875 0.04921875