1 0.82578125 0.72734375 0.04765625 0.07109375
1 0.86875 0.7015625 0.0375 0.05546875
1 0.64609375 0.74921875 0.0609375 0.078125
1 0.396875 0.915625 0.1640625 0.14453125
1 0.403125 0.8390625 0.13671875 0.10625
1 0.5890625 0.7921875 0.09453125 0.10234375
1 0.43125 0.7625 0.0890625 0.078125
1 0.5734375 0.70703125 0.06875 0.0625
1 0.2828125 0.83125 0.109375 0.1046875
1 0.6390625 0.71171875 0.05390625 0.04375
4 0.24453125 0.89453125 0.171875 0.18046875
1 0.73984375 0.66015625 0.02734375 0.03671875
1 0.8578125 0.63125 0.0203125 0.028125
1 0.8125 0.628125 0.0203125 0.0234375
1 0.6390625 0.66875 0.053125 0.0515625
1 0.52265625 0.76640625 0.07421875 0.12265625
1 0.75859375 0.65546875 0.02421875 0.03515625
1 0.690625 0.68984375 0.05 0.04453125
1 0.8296875 0.64375 0.02578125 0.0359375
1 0.69375 0.65625 0.04375 0.040625
1 0.79140625 0.63515625 0.02265625 0.0234375
0 0.9609375 0.68359375 0.078125 0.1109375