1 0.6890625 0.59296875 0.0859375 0.0890625
1 0.6734375 0.71171875 0.10859375 0.12734375
1 0.43125 0.725 0.134375 0.13203125
1 0.69765625 0.51796875 0.06171875 0.06953125
1 0.26875 0.840625 0.15703125 0.17734375
1 0.7578125 0.621875 0.0734375 0.08984375
1 0.6640625 0.915625 0.1578125 0.165625
4 0.10546875 0.9265625 0.178125 0.13984375
1 0.74140625 0.4921875 0.046875 0.0671875
1 0.853125 0.63125 0.06328125 0.10390625
1 0.73046875 0.784375 0.1078125 0.165625
4 0.521875 0.6421875 0.096875 0.1296875
4 0.76640625 0.459375 0.05625 0.0796875