3 0.1484375 0.9078125 0.29375 0.184375
1 0.21171875 0.62578125 0.1140625 0.1328125
1 0.00390625 0.3453125 0.00703125 0.0234375
1 0.96015625 0.34375 0.01953125 0.02890625
1 0.7265625 0.21640625 0.0203125 0.0171875
1 0.7703125 0.2328125 0.01796875 0.01484375
1 0.01953125 0.24296875 0.0109375 0.01015625
1 0.7015625 0.21171875 0.01796875 0.01640625
1 0.80859375 0.25625 0.02109375 0.0203125
1 0.6140625 0.178125 0.01796875 0.01796875
1 0.23046875 0.26640625 0.02890625 0.0234375
1 0.56796875 0.696875 0.12578125 0.1296875
1 0.640625 0.2140625 0.025 0.0234375
1 0.671875 0.21953125 0.0265625 0.01875
1 0.25 0.27109375 0.02734375 0.021875
1 0.0984375 0.2453125 0.00859375 0.00859375
1 0.5078125 0.3875 0.0609375 0.0609375
1 0.06328125 0.2375 0.0125 0.0109375
1 0.76484375 0.2625 0.034375 0.0265625
1 0.84375 0.2453125 0.0140625 0.01796875
1 0.19140625 0.25625 0.015625 0.0171875
1 0.259375 0.28671875 0.03515625 0.02890625
1 0.7921875 0.2296875 0.01171875 0.01015625
1 0.9234375 0.234375 0.02109375 0.01484375
1 0.01171875 0.31953125 0.01328125 0.01953125
1 0.0875 0.24296875 0.00859375 0.009375
1 0.053125 0.23515625 0.015625 0.01171875
1 0.665625 0.27421875 0.04375 0.03125
1 0.62734375 0.1859375 0.025 0.021875
1 0.87578125 0.23046875 0.01796875 0.01484375
1 0.01015625 0.30078125 0.01171875 0.021875
1 0.7390625 0.6265625 0.09296875 0.14140625
1 0.7375 0.234375 0.0234375 0.0234375
1 0.303125 0.2796875 0.04375 0.028125
1 0.07421875 0.3328125 0.0171875 0.02734375
1 0.8296875 0.38515625 0.0375 0.05
1 0.7125 0.21484375 0.01484375 0.0140625
1 0.21015625 0.26484375 0.021875 0.01875
1 0.06015625 0.275 0.00859375 0.01328125
1 0.65 0.384375 0.05703125 0.06484375
1 0.90703125 0.40703125 0.034375 0.053125
1 0.89453125 0.2703125 0.015625 0.015625
1 0.93046875 0.23046875 0.01484375 0.01015625
1 0.025 0.28125 0.009375 0.02421875
1 0.7140625 0.265625 0.03515625 0.02578125
1 0.4265625 0.45859375 0.0890625 0.090625
1 0.59453125 0.2390625 0.03046875 0.02578125
1 0.00390625 0.40078125 0.0078125 0.025
1 0.11484375 0.24765625 0.0125 0.01328125
1 0.33984375 0.28828125 0.05234375 0.0265625
1 0.340625 0.26875 0.034375 0.0171875
1 0.90625 0.24921875 0.01875 0.021875
1 0.375 0.29609375 0.0546875 0.03359375
1 0.0328125 0.271875 0.009375 0.0171875
1 0.9703125 0.3125 0.01328125 0.0203125
1 0.8234375 0.459375 0.0421875 0.078125
1 0.62578125 0.9015625 0.2421875 0.196875
1 0.14140625 0.421875 0.0375 0.0578125
1 0.09375 0.453125 0.03359375 0.0640625
2 0.2875 0.41484375 0.03515625 0.046875