1 0.55625 0.87734375 0.19375 0.17265625
1 0.24140625 0.88828125 0.18046875 0.15390625
1 0.33515625 0.6703125 0.11171875 0.09609375
1 0.3671875 0.76640625 0.10546875 0.134375
4 0.534375 0.73359375 0.140625 0.1453125
1 0.353125 0.6296875 0.0953125 0.07734375
4 0.2203125 0.57265625 0.0578125 0.06875
3 0.615625 0.61640625 0.1125 0.11171875
3 0.68125 0.5625 0.08203125 0.090625
4 0.275 0.5890625 0.07578125 0.08359375
1 0.91328125 0.51640625 0.0375 0.053125
1 0.83671875 0.5546875 0.04375 0.07578125
4 0.1578125 0.55 0.05078125 0.065625
1 0.73125 0.53984375 0.0625 0.059375
1 0.7859375 0.48515625 0.03046875 0.03984375
1 0.928125 0.47109375 0.02890625 0.0453125
4 0.75625 0.646875 0.12578125 0.2046875
4 0.8765625 0.5734375 0.06875 0.1234375
1 0.8171875 0.58203125 0.04453125 0.09140625
4 0.171875 0.69453125 0.12890625 0.17421875