3 0.384375 0.61875 0.11171875 0.10546875
3 0.321875 0.55625 0.0734375 0.09296875
3 0.68046875 0.915625 0.35859375 0.16875
1 0.76171875 0.8796875 0.171875 0.134375
1 0.6484375 0.6296875 0.0953125 0.078125
4 0.721875 0.590625 0.07109375 0.08828125
1 0.89921875 0.56171875 0.05 0.05703125
4 0.828125 0.69453125 0.12578125 0.17265625
4 0.24921875 0.66171875 0.1 0.16796875
4 0.1265625 0.56796875 0.0609375 0.12109375
4 0.24609375 0.5484375 0.0828125 0.11484375
4 0.35625 0.43671875 0.04296875 0.0328125
0 0.13515625 0.45078125 0.040625 0.0734375
1 0.175 0.50625 0.0390625 0.04609375
1 0.84140625 0.54921875 0.046875 0.0640625
4 0.78359375 0.5703125 0.059375 0.0640625