1 0.3734375 0.48671875 0.015625 0.02109375
1 0.3421875 0.4921875 0.01953125 0.02734375
1 0.359375 0.49921875 0.0171875 0.021875
1 0.35625 0.5171875 0.01875 0.02890625
1 0.38046875 0.509375 0.01875 0.0125
1 0.390625 0.5125 0.03046875 0.01640625
1 0.3859375 0.5265625 0.01875 0.01875
1 0.40703125 0.56015625 0.02734375 0.04140625
1 0.43203125 0.565625 0.03046875 0.0578125
1 0.43828125 0.63359375 0.046875 0.05859375
1 0.46171875 0.6671875 0.05859375 0.090625
1 0.4890625 0.734375 0.078125 0.12265625
1 0.5484375 0.82421875 0.11953125 0.1734375
4 0.36640625 0.70078125 0.09375 0.17109375
3 0.30546875 0.58203125 0.0671875 0.1046875