1 0.13828125 0.5546875 0.1125 0.1328125
1 0.34453125 0.3671875 0.03359375 0.05390625
1 0.871875 0.4609375 0.05078125 0.06484375
1 0.5484375 0.3625 0.06484375 0.0484375
1 0.434375 0.31953125 0.03125 0.03984375
1 0.35078125 0.30625 0.02578125 0.03828125
1 0.96171875 0.46484375 0.03984375 0.05390625
1 0.371875 0.3453125 0.034375 0.04609375
1 0.9125 0.47421875 0.04609375 0.05859375
1 0.74375 0.3921875 0.06875 0.040625
1 0.82890625 0.42890625 0.05625 0.0484375
1 0.3015625 0.38046875 0.0328125 0.059375
1 0.3109375 0.2671875 0.0171875 0.02421875
1 0.40625 0.28984375 0.02578125 0.03046875
1 0.34765625 0.2484375 0.01953125 0.025
1 0.290625 0.2453125 0.01484375 0.0203125
1 0.29375 0.31171875 0.02265625 0.03671875
1 0.9734375 0.4078125 0.0390625 0.04296875
1 0.29609375 0.34453125 0.02734375 0.03828125
1 0.9171875 0.4328125 0.0421875 0.04453125
1 0.14375 0.28359375 0.01875 0.028125
1 0.86015625 0.3828125 0.046875 0.03671875
1 0.3671875 0.2484375 0.01875 0.02265625