1 0.81953125 0.521875 0.07421875 0.0765625
1 0.69609375 0.5234375 0.0640625 0.078125
1 0.74375 0.4921875 0.0484375 0.0625
1 0.8671875 0.4765625 0.0328125 0.04453125
1 0.42890625 0.725 0.1296875 0.1296875
1 0.659375 0.915625 0.15625 0.1609375
1 0.27109375 0.83515625 0.15859375 0.17265625
4 0.10859375 0.925 0.1828125 0.14375
1 0.83125 0.44921875 0.0328125 0.04375
1 0.853125 0.63203125 0.06484375 0.103125
1 0.80625 0.4421875 0.02890625 0.05078125
1 0.84453125 0.4078125 0.028125 0.03828125
1 0.728125 0.790625 0.10859375 0.175
1 0.92109375 0.4203125 0.02578125 0.04609375
1 0.88203125 0.384375 0.01953125 0.0203125
4 0.534375 0.84296875 0.17890625 0.23203125
1 0.5203125 0.646875 0.09765625 0.13515625
1 0.7671875 0.45703125 0.053125 0.07421875