1 0.8125 0.55390625 0.065625 0.09609375
1 0.090625 0.66875 0.11875 0.13515625
1 0.96015625 0.34375 0.01953125 0.03203125
1 0.74921875 0.2953125 0.0421875 0.0375
1 0.3 0.2796875 0.04296875 0.0296875
1 0.9015625 0.2828125 0.01640625 0.01875
1 0.0984375 0.4328125 0.03828125 0.06171875
1 0.59296875 0.2390625 0.02734375 0.02578125
3 0.725 0.2359375 0.0421875 0.03515625
1 0.7203125 0.2140625 0.02890625 0.01875
1 0.27421875 0.2765625 0.03125 0.02421875
1 0.05859375 0.44375 0.03203125 0.05703125
1 0.77109375 0.23125 0.0171875 0.0171875
1 0.0734375 0.39765625 0.03203125 0.053125
1 0.05078125 0.41328125 0.03046875 0.05234375
1 0.04140625 0.37265625 0.0265625 0.0453125
1 0.103125 0.3734375 0.02890625 0.04453125
1 0.125 0.39765625 0.04765625 0.075
1 0.08046875 0.33828125 0.02734375 0.0375
1 0.0671875 0.31875 0.0203125 0.03203125
1 0.18359375 0.36796875 0.034375 0.04921875