1 0.4203125 0.50546875 0.0921875 0.153125
1 0.21875 0.578125 0.153125 0.18671875
1 0.3625 0.38671875 0.05859375 0.0828125
1 0.39453125 0.35703125 0.05625 0.06953125
1 0.3125 0.4390625 0.0953125 0.1296875
1 0.4671875 0.29140625 0.059375 0.04140625
1 0.4109375 0.32890625 0.05 0.06953125
4 0.50703125 0.29609375 0.05703125 0.05859375
1 0.5375 0.2734375 0.025 0.04609375
1 0.07734375 0.775 0.1546875 0.39921875
1 0.4890625 0.25234375 0.0421875 0.02734375
1 0.5390625 0.22890625 0.01875 0.0203125
1 0.49921875 0.234375 0.03125 0.025
1 0.5375 0.24609375 0.02109375 0.0234375