1 0.3703125 0.68515625 0.1109375 0.225
4 0.56484375 0.73125 0.1609375 0.2703125
1 0.46484375 0.565625 0.075 0.11875
4 0.63671875 0.590625 0.12265625 0.17890625
1 0.334375 0.5265625 0.06875 0.1046875
1 0.4875 0.40078125 0.0390625 0.08125
4 0.84453125 0.28203125 0.06015625 0.0875
1 0.428125 0.28203125 0.03125 0.04765625
1 0.440625 0.48359375 0.059375 0.096875
3 0.54296875 0.43984375 0.0859375 0.19921875
1 0.4234375 0.41171875 0.05078125 0.0796875
1 0.91484375 0.6328125 0.16953125 0.15
1 0.3703125 0.2640625 0.01875 0.034375
1 0.47734375 0.353125 0.04296875 0.0734375
1 0.4125 0.37265625 0.046875 0.08984375
1 0.603125 0.44609375 0.0546875 0.08515625
1 0.7578125 0.1984375 0.0171875 0.02734375
1 0.9375 0.8796875 0.125 0.18203125
1 0.41640625 0.340625 0.0359375 0.03984375
1 0.4171875 0.3203125 0.028125 0.0265625
3 0.5078125 0.22109375 0.03828125 0.0703125
1 0.36171875 0.1796875 0.01640625 0.01796875
1 0.971875 0.42109375 0.05625 0.07578125
1 0.33828125 0.18203125 0.02109375 0.01953125
1 0.371875 0.16875 0.0234375 0.02109375