4 0.6546875 0.6453125 0.13828125 0.14296875
1 0.6921875 0.80390625 0.13515625 0.2109375
1 0.52890625 0.5171875 0.109375 0.10078125
1 0.89375 0.496875 0.05859375 0.08671875
1 0.18671875 0.5671875 0.0921875 0.0875
1 0.290625 0.928125 0.1875 0.1328125
4 0.81796875 0.4703125 0.0734375 0.10234375
1 0.9515625 0.4328125 0.03984375 0.05859375
1 0.365625 0.3171875 0.02890625 0.04140625
1 0.328125 0.54140625 0.1203125 0.0859375
4 0.15078125 0.46328125 0.04296875 0.08828125
1 0.3390625 0.34296875 0.03359375 0.046875
1 0.30546875 0.38671875 0.04296875 0.05234375
0 0.3921875 0.26171875 0.05546875 0.06640625