1 0.86875 0.68828125 0.06875 0.1390625
1 0.90703125 0.540625 0.0546875 0.084375
1 0.8078125 0.43046875 0.03515625 0.0609375
1 0.84765625 0.40546875 0.02890625 0.04609375
1 0.61796875 0.36875 0.0328125 0.05234375
1 0.1453125 0.45859375 0.05546875 0.0640625
1 0.6609375 0.33828125 0.03203125 0.04609375
1 0.796875 0.35703125 0.02734375 0.04375
1 0.0859375 0.490625 0.05078125 0.071875
1 0.67265625 0.31015625 0.025 0.0484375
1 0.9859375 0.6796875 0.02734375 0.10703125
4 0.8703125 0.3375 0.03125 0.06171875
1 0.4359375 0.36875 0.06796875 0.06171875
1 0.6984375 0.38046875 0.03046875 0.0484375
1 0.0234375 0.4125 0.03671875 0.04453125
1 0.6203125 0.33671875 0.03125 0.03828125
1 0.7828125 0.31015625 0.0203125 0.0328125
1 0.10078125 0.43515625 0.04765625 0.0546875
4 0.540625 0.31953125 0.0578125 0.0734375
4 0.2203125 0.43984375 0.06875 0.08046875