1 0.075 0.490625 0.0640625 0.084375
1 0.5359375 0.39609375 0.0453125 0.0625
1 0.19609375 0.45234375 0.05859375 0.06640625
1 0.01171875 0.41484375 0.02265625 0.05
1 0.68671875 0.37734375 0.03046875 0.0546875
1 0.0875 0.37265625 0.02890625 0.03046875
1 0.60703125 0.3765625 0.0421875 0.0578125
1 0.65546875 0.33984375 0.03515625 0.046875
1 0.7015625 0.32109375 0.02578125 0.0375
1 0.83515625 0.2796875 0.01328125 0.021875
1 0.67109375 0.30625 0.02890625 0.0359375
1 0.7109375 0.28359375 0.0203125 0.028125
1 0.64375 0.29296875 0.0265625 0.034375
1 0.684375 0.2734375 0.0234375 0.03359375
2 0.1890625 0.4796875 0.04375 0.0609375
4 0.61015625 0.2921875 0.0359375 0.053125
4 0.5859375 0.33046875 0.0359375 0.05390625
0 0.859375 0.36171875 0.0609375 0.15625