1 0.8734375 0.68671875 0.07109375 0.153125
1 0.90625 0.53984375 0.05390625 0.08515625
1 0.8078125 0.43046875 0.0359375 0.06328125
1 0.4359375 0.36796875 0.0671875 0.05703125
1 0.84765625 0.40703125 0.02890625 0.05
1 0.14609375 0.46015625 0.05625 0.0640625
1 0.08515625 0.496875 0.0484375 0.06875
1 0.6609375 0.3375 0.034375 0.0484375
1 0.10078125 0.43515625 0.04765625 0.05859375
1 0.0234375 0.41484375 0.0359375 0.04375
1 0.6734375 0.30859375 0.02421875 0.0453125
1 0.9859375 0.68125 0.02734375 0.1109375
1 0.61796875 0.37109375 0.0328125 0.04921875
1 0.69765625 0.37890625 0.03125 0.0515625
1 0.8703125 0.3390625 0.03125 0.065625
1 0.7828125 0.31015625 0.0203125 0.03359375
1 0.796875 0.3578125 0.02734375 0.04375
1 0.62109375 0.33671875 0.03125 0.0375
1 0.71015625 0.30546875 0.02421875 0.03125
1 0.221875 0.44140625 0.06796875 0.08125
1 0.03125 0.3203125 0.03125 0.03125
4 0.5390625 0.3203125 0.05625 0.06484375