1 0.57109375 0.7265625 0.1296875 0.13515625
1 0.72734375 0.83515625 0.1546875 0.1734375
1 0.33671875 0.915625 0.16015625 0.16484375
4 0.89140625 0.92421875 0.1859375 0.14609375
1 0.2578125 0.49296875 0.04921875 0.06015625
1 0.30234375 0.5203125 0.0625 0.07265625
3 0.31875 0.6046875 0.09375 0.11640625
1 0.2703125 0.7796875 0.1078125 0.1625
1 0.15625 0.44765625 0.034375 0.0578125
4 0.47734375 0.64375 0.1015625 0.13203125
1 0.146875 0.63046875 0.0671875 0.1078125
1 0.12890625 0.53125 0.0640625 0.07578125
4 0.23046875 0.45625 0.053125 0.07578125