1 0.76953125 0.54375 0.0921875 0.1390625
1 0.93515625 0.4671875 0.06875 0.1015625
1 0.903125 0.57265625 0.090625 0.13671875
1 0.90625 0.34296875 0.04921875 0.07578125
1 0.96328125 0.4 0.05390625 0.07421875
1 0.92265625 0.3109375 0.04765625 0.07578125
1 0.8796875 0.3921875 0.04921875 0.07421875
1 0.94609375 0.28671875 0.0328125 0.0578125
1 0.98125 0.31484375 0.0375 0.05234375
1 0.978125 0.34609375 0.03984375 0.05390625
1 0.8625 0.19609375 0.05 0.0296875
3 0.8296875 0.45078125 0.10703125 0.1453125