1 0.7640625 0.875 0.18125 0.1296875
1 0.60703125 0.75546875 0.115625 0.13671875
1 0.38515625 0.61015625 0.11015625 0.09140625
1 0.634375 0.63203125 0.0734375 0.084375
1 0.22265625 0.615625 0.0703125 0.1203125
1 0.23828125 0.509375 0.053125 0.05859375
1 0.31875 0.56953125 0.08125 0.0796875
1 0.97109375 0.6 0.046875 0.053125
1 0.2703125 0.53828125 0.0515625 0.05390625
1 0.21015625 0.48828125 0.0390625 0.046875
1 0.78125 0.59765625 0.07734375 0.10078125
1 0.08671875 0.51953125 0.03515625 0.05390625
4 0.3734375 0.771875 0.20078125 0.26640625
4 0.82421875 0.68828125 0.12734375 0.18828125
4 0.12578125 0.571875 0.06171875 0.1515625