4 0.0796875 0.76796875 0.159375 0.41484375
1 0.21640625 0.5796875 0.1546875 0.20078125
1 0.46796875 0.43359375 0.0671875 0.109375
1 0.3640625 0.38671875 0.05703125 0.08125
4 0.3125 0.43828125 0.09609375 0.134375
1 0.39453125 0.35703125 0.05703125 0.07109375
1 0.4734375 0.2921875 0.0578125 0.0421875
1 0.4234375 0.303125 0.0609375 0.04921875
1 0.4109375 0.33125 0.05234375 0.0671875
4 0.2796875 0.27265625 0.0765625 0.06015625
1 0.53671875 0.28125 0.02890625 0.05
1 0.46953125 0.271875 0.05859375 0.03125
1 0.540625 0.24140625 0.021875 0.0265625
1 0.4859375 0.26328125 0.03515625 0.025
1 0.534375 0.26484375 0.0234375 0.0265625
1 0.4921875 0.24921875 0.034375 0.02421875
1 0.48671875 0.25234375 0.03515625 0.01484375