1 0.840625 0.6671875 0.1359375 0.2296875
1 0.87421875 0.52265625 0.09453125 0.14140625
1 0.878125 0.16875 0.02578125 0.03125
1 0.86796875 0.12578125 0.0203125 0.0296875
1 0.8234375 0.134375 0.02421875 0.02578125
1 0.8390625 0.1078125 0.025 0.021875
1 0.6375 0.22421875 0.1046875 0.0734375
1 0.9 0.22890625 0.03203125 0.0296875
1 0.8578125 0.0921875 0.01953125 0.01875
1 0.81484375 0.1109375 0.02734375 0.0234375
1 0.240625 0.453125 0.1734375 0.20703125
1 0.92890625 0.11171875 0.02421875 0.04296875
1 0.696875 0.20078125 0.065625 0.0640625
1 0.9 0.0703125 0.01640625 0.0203125
1 0.87421875 0.42109375 0.0609375 0.0625
1 0.878125 0.0953125 0.01640625 0.0171875
1 0.496875 0.27421875 0.13671875 0.1390625
1 0.38828125 0.3515625 0.12421875 0.15625