1 0.37265625 0.79453125 0.16953125 0.24921875
1 0.62421875 0.42421875 0.04453125 0.07421875
1 0.09765625 0.55234375 0.05546875 0.09296875
1 0.53828125 0.4578125 0.065625 0.1
1 0.19765625 0.453125 0.05859375 0.065625
1 0.07109375 0.49609375 0.0453125 0.0875
4 0.134375 0.47109375 0.053125 0.08125
1 0.6828125 0.45546875 0.04375 0.0828125
4 0.5953125 0.38125 0.0421875 0.0734375
1 0.81875 0.7640625 0.1109375 0.18984375
1 0.03515625 0.4484375 0.03359375 0.0546875
1 0.65234375 0.34296875 0.03125 0.05234375
1 0.646875 0.30625 0.0265625 0.03828125
1 0.684375 0.290625 0.021875 0.034375
1 0.70078125 0.31875 0.02578125 0.04140625
1 0.71171875 0.2859375 0.0203125 0.0390625
1 0.665625 0.26953125 0.02109375 0.0296875
0 0.259375 0.72109375 0.18671875 0.30546875
1 0.6515625 0.24765625 0.0234375 0.03984375
3 0.825 0.24296875 0.0296875 0.04609375
3 0.62734375 0.2703125 0.03359375 0.059375
3 0.69375 0.25 0.03515625 0.06171875