1 0.1125 0.6546875 0.0421875 0.05390625
1 0.14921875 0.5953125 0.02890625 0.0390625
1 0.0609375 0.7546875 0.04921875 0.0796875
1 0.2296875 0.590625 0.0265625 0.03984375
1 0.2984375 0.84453125 0.04296875 0.07734375
1 0.284375 0.79375 0.0359375 0.05625
1 0.28359375 0.6609375 0.0265625 0.0390625
1 0.36015625 0.5265625 0.01796875 0.02734375
1 0.2875 0.6296875 0.02578125 0.0375
1 0.28046875 0.73359375 0.03125 0.05078125
1 0.29765625 0.5578125 0.02109375 0.03046875
1 0.15234375 0.49609375 0.03515625 0.03203125
1 0.290625 0.46484375 0.01953125 0.025
4 0.109375 0.48359375 0.021875 0.040625
1 0.30859375 0.434375 0.01640625 0.02578125
1 0.2765625 0.696875 0.028125 0.0421875
1 0.28515625 0.59921875 0.02421875 0.0375
1 0.26875 0.453125 0.025 0.03125
1 0.3453125 0.428125 0.01640625 0.02578125
1 0.3703125 0.446875 0.01484375 0.02421875
1 0.38203125 0.37421875 0.01328125 0.021875
3 0.33046875 0.3546875 0.0140625 0.02890625
3 0.3171875 0.9390625 0.05703125 0.11015625
1 0.3671875 0.4578125 0.01328125 0.0203125
1 0.32890625 0.46328125 0.0203125 0.03125
1 0.303125 0.5328125 0.021875 0.03125
1 0.35703125 0.49453125 0.01484375 0.0234375
1 0.37109375 0.415625 0.01640625 0.028125
1 0.3578125 0.4765625 0.01484375 0.02578125
1 0.3546875 0.39609375 0.01328125 0.02421875
1 0.31171875 0.50546875 0.021875 0.03125
1 0.38203125 0.353125 0.01171875 0.01796875
1 0.36328125 0.3578125 0.0140625 0.02109375
1 0.37421875 0.3953125 0.01484375 0.021875
1 0.3640625 0.34375 0.01328125 0.01875
1 0.39140625 0.33125 0.01171875 0.01796875
1 0.3828125 0.33984375 0.01328125 0.01796875
1 0.315625 0.484375 0.01328125 0.0234375
4 0.371875 0.31328125 0.01640625 0.0234375
1 0.35625 0.41171875 0.01484375 0.02421875
1 0.36171875 0.3703125 0.0125 0.01953125
1 0.35 0.33515625 0.01015625 0.01796875