1 0.646875 0.628125 0.0984375 0.08125
1 0.28359375 0.9078125 0.22421875 0.1734375
1 0.26953125 0.540625 0.05078125 0.05234375
3 0.384375 0.615625 0.11015625 0.1078125
1 0.78046875 0.57109375 0.05625 0.06328125
1 0.2109375 0.49140625 0.03984375 0.0484375
1 0.23828125 0.5125 0.05390625 0.0578125
1 0.725 0.58984375 0.075 0.084375
1 0.8765625 0.54140625 0.0328125 0.0453125
3 0.31796875 0.5671875 0.08359375 0.08125
1 0.8421875 0.54921875 0.04765625 0.0625
1 0.08671875 0.5171875 0.03359375 0.05234375
1 0.184375 0.47109375 0.03671875 0.04765625
1 0.07265625 0.47109375 0.03203125 0.0484375
1 0.90390625 0.946875 0.15625 0.10390625
4 0.82890625 0.69296875 0.1265625 0.165625
4 0.67890625 0.8671875 0.28828125 0.25703125
4 0.9671875 0.4875 0.04765625 0.05859375
4 0.12578125 0.5734375 0.06328125 0.1203125
1 0.16171875 0.434375 0.0453125 0.0328125