1 0.21953125 0.29375 0.02890625 0.0296875
1 0.1734375 0.2796875 0.02265625 0.0234375
1 0.4109375 0.3234375 0.04921875 0.040625
1 0.65625 0.44765625 0.09609375 0.07578125
1 0.13828125 0.5046875 0.05078125 0.1
1 0.1671875 0.45078125 0.0453125 0.06875
1 0.0859375 0.42734375 0.0296875 0.053125
1 0.2921875 0.31484375 0.0390625 0.03671875
1 0.27109375 0.2734375 0.02734375 0.025
1 0.09375 0.35546875 0.025 0.040625
1 0.04921875 0.34140625 0.02109375 0.0390625
1 0.0734375 0.3265625 0.01953125 0.0359375
0 0.03515625 0.31015625 0.025 0.05234375
1 0.70390625 0.3140625 0.04296875 0.0421875
1 0.74453125 0.3015625 0.03359375 0.03828125
1 0.8203125 0.25390625 0.02265625 0.02265625
1 0.959375 0.3421875 0.0171875 0.03046875
1 0.71015625 0.27734375 0.03984375 0.02578125
1 0.75390625 0.265625 0.0328125 0.03046875
1 0.5953125 0.23984375 0.03359375 0.028125
4 0.61015625 0.2796875 0.05859375 0.04296875
4 0.5515625 0.37734375 0.0703125 0.0671875
2 0.65859375 0.303125 0.0171875 0.0390625
1 0.7375 0.23203125 0.021875 0.021875