1 0.6640625 0.79375 0.1890625 0.18984375
1 0.81328125 0.509375 0.059375 0.08125
1 0.5890625 0.28125 0.05078125 0.03515625
1 0.38046875 0.29375 0.05625 0.0359375
1 0.0921875 0.4546875 0.034375 0.06484375
1 0.13828125 0.4234375 0.0390625 0.0609375
1 0.9609375 0.34375 0.0203125 0.03046875
1 0.1171875 0.39140625 0.028125 0.04765625
1 0.2390625 0.28359375 0.03046875 0.02734375
1 0.6984375 0.26953125 0.03515625 0.0265625
1 0.48828125 0.28984375 0.053125 0.03515625
1 0.06015625 0.3640625 0.0171875 0.0375
1 0.87265625 0.3265625 0.0234375 0.0328125
1 0.940625 0.29921875 0.01484375 0.0234375
1 0.275 0.27578125 0.0328125 0.025
3 0.91328125 0.384375 0.06171875 0.1015625
3 0.8375 0.3515625 0.084375 0.0859375
3 0.6125 0.60546875 0.23515625 0.32265625