1 0.83046875 0.56640625 0.05625 0.09921875
1 0.80390625 0.43671875 0.0375 0.065625
4 0.903125 0.55546875 0.053125 0.09609375
1 0.1625 0.48046875 0.06484375 0.07734375
1 0.96484375 0.803125 0.0703125 0.184375
4 0.08984375 0.50546875 0.04453125 0.0859375
1 0.8421875 0.41015625 0.03515625 0.05234375
1 0.5671875 0.359375 0.03984375 0.0515625
1 0.05390625 0.471875 0.04140625 0.071875
1 0.096875 0.44765625 0.04765625 0.0734375
1 0.64765625 0.378125 0.03671875 0.0546875
1 0.79453125 0.35859375 0.0265625 0.04140625
1 0.6859375 0.37421875 0.03046875 0.053125
1 0.60859375 0.3734375 0.03984375 0.0515625
1 0.7890625 0.32421875 0.025 0.03203125
1 0.01328125 0.4296875 0.0265625 0.05
1 0.16015625 0.425 0.05546875 0.0578125
1 0.696875 0.3421875 0.028125 0.0453125
1 0.8140625 0.30625 0.01953125 0.0296875
1 0.61796875 0.34375 0.0359375 0.04453125
1 0.7078125 0.3046875 0.0234375 0.03359375
1 0.66015625 0.33359375 0.03203125 0.0421875
1 0.6375 0.3140625 0.028125 0.03984375
1 0.67890625 0.2890625 0.025 0.03203125
1 0.771875 0.26171875 0.01796875 0.02421875
1 0.58984375 0.32734375 0.03359375 0.05390625
0 0.8703125 0.334375 0.03671875 0.0625
1 0.1078125 0.3984375 0.04296875 0.05703125
1 0.684375 0.27265625 0.02265625 0.03046875
1 0.6703125 0.3078125 0.0265625 0.03359375
1 0.69609375 0.26640625 0.01640625 0.02578125
4 0.05859375 0.35859375 0.025 0.03828125
1 0.6453125 0.24140625 0.0203125 0.02265625
1 0.81875 0.25390625 0.01171875 0.0171875
1 0.778125 0.2359375 0.01171875 0.015625
1 0.81015625 0.2703125 0.01328125 0.01953125
1 0.79609375 0.2484375 0.01171875 0.0171875
1 0.790625 0.22734375 0.01328125 0.0140625
1 0.815625 0.2265625 0.0125 0.01484375
1 0.65859375 0.27421875 0.01953125 0.021875
0 0.921875 0.42578125 0.04765625 0.1046875
2 0.0859375 0.62265625 0.0234375 0.07265625
2 0.121875 0.49765625 0.021875 0.04453125
2 0.3890625 0.38359375 0.03125 0.03203125