1 0.8625 0.65625 0.084375 0.1296875
1 0.8171875 0.44375 0.0359375 0.0640625
1 0.91953125 0.6109375 0.05703125 0.096875
1 0.57578125 0.359375 0.03828125 0.0546875
1 0.93828125 0.5234375 0.04921875 0.0734375
1 0.43671875 0.36484375 0.0671875 0.05234375
1 0.6359375 0.37578125 0.0375 0.0578125
1 0.8078125 0.30546875 0.01875 0.03046875
1 0.0625 0.4640625 0.04296875 0.059375
1 0.7015625 0.359375 0.03046875 0.05
1 0.0328125 0.4390625 0.034375 0.053125
1 0.84296875 0.34375 0.025 0.0390625
1 0.1390625 0.47109375 0.053125 0.06796875
1 0.56171875 0.31484375 0.03359375 0.03828125
1 0.27734375 0.38984375 0.06953125 0.05078125
1 0.096875 0.49765625 0.04765625 0.071875
0 0.103125 0.37578125 0.1609375 0.08671875