1 0.20234375 0.5421875 0.16953125 0.12421875
1 0.72109375 0.5203125 0.14140625 0.109375
1 0.73984375 0.6515625 0.17421875 0.13984375
4 0.87109375 0.42265625 0.10703125 0.10234375
1 0.5890625 0.3421875 0.04609375 0.0671875
1 0.51875 0.2984375 0.046875 0.059375
1 0.8 0.365625 0.1078125 0.065625
1 0.81484375 0.4015625 0.1015625 0.0875
1 0.6609375 0.21484375 0.02578125 0.034375
1 0.4703125 0.2859375 0.04765625 0.04140625
1 0.8125 0.31640625 0.06328125 0.0546875
1 0.4140625 0.328125 0.06171875 0.06796875
1 0.56171875 0.21015625 0.02890625 0.03203125
1 0.978125 0.32421875 0.04296875 0.046875
1 0.4671875 0.3359375 0.05546875 0.0671875
1 0.9578125 0.29375 0.07109375 0.04765625
1 0.6765625 0.1890625 0.01875 0.0234375
1 0.9703125 0.24609375 0.04765625 0.028125
1 0.6515625 0.18359375 0.02109375 0.025
1 0.5546875 0.26640625 0.03828125 0.05078125
1 0.98515625 0.21875 0.028125 0.02421875
1 0.93125 0.2734375 0.06015625 0.04296875
1 0.95234375 0.21953125 0.03515625 0.021875
2 0.3828125 0.634375 0.09453125 0.13359375