1 0.10078125 0.6578125 0.05390625 0.13515625
1 0.8171875 0.41484375 0.0328125 0.06171875
1 0.0796875 0.5 0.04375 0.06953125
1 0.77421875 0.51640625 0.09140625 0.0828125
1 0.24140625 0.4609375 0.06328125 0.06796875
1 0.121875 0.46875 0.05078125 0.06171875
1 0.571875 0.359375 0.04140625 0.05390625
1 0.41875 0.515625 0.103125 0.09140625
1 0.03671875 0.371875 0.02734375 0.0390625
1 0.6359375 0.375 0.03984375 0.053125
1 0.11875 0.40859375 0.0421875 0.04765625
1 0.47421875 0.35546875 0.0546875 0.0484375
1 0.70078125 0.359375 0.03203125 0.05234375
1 0.621875 0.34765625 0.0359375 0.0515625
3 0.190625 0.37421875 0.090625 0.0765625
2 0.60234375 0.515625 0.04921875 0.0765625
1 0.31484375 0.38515625 0.0734375 0.0515625
1 0.70625 0.3203125 0.02578125 0.03359375
1 0.65859375 0.35 0.0328125 0.04609375
1 0.69609375 0.2515625 0.015625 0.021875
1 0.68203125 0.30390625 0.02578125 0.03984375
1 0.66640625 0.31484375 0.0296875 0.04453125
1 0.6625 0.2640625 0.02265625 0.0203125
4 0.8953125 0.37265625 0.04296875 0.07109375
1 0.8578125 0.2828125 0.0203125 0.02890625
3 0.59765625 0.31328125 0.04296875 0.06875
1 0.7140625 0.271875 0.01484375 0.01875
1 0.68671875 0.2703125 0.01640625 0.01640625