1 0.3921875 0.58203125 0.028125 0.05
1 0.365625 0.63125 0.03046875 0.0515625
1 0.3734375 0.48828125 0.02109375 0.03125
1 0.34296875 0.49140625 0.02109375 0.034375
4 0.4703125 0.67109375 0.03359375 0.0671875
1 0.52265625 0.87265625 0.053125 0.1015625
1 0.4671875 0.87578125 0.04921875 0.10390625
1 0.35703125 0.5484375 0.02578125 0.0390625
1 0.43828125 0.59140625 0.02890625 0.05859375
1 0.415625 0.6984375 0.0421875 0.05859375
1 0.565625 0.4921875 0.03203125 0.03984375
1 0.7484375 0.7265625 0.05078125 0.0546875
1 0.80390625 0.7921875 0.0609375 0.06328125
1 0.48984375 0.7640625 0.0453125 0.084375
1 0.37109375 0.725 0.03515625 0.06796875
1 0.6265625 0.5765625 0.03515625 0.03671875
1 0.659375 0.621875 0.04609375 0.04296875
1 0.6109375 0.55078125 0.03984375 0.0359375
1 0.39296875 0.446875 0.021875 0.03046875
1 0.5875 0.52578125 0.03203125 0.03203125
1 0.86328125 0.86796875 0.075 0.0796875
1 0.92890625 0.94765625 0.0796875 0.0890625
0 0.325 0.3390625 0.0125 0.0265625
1 0.7046875 0.67109375 0.046875 0.0453125
1 0.4984375 0.4046875 0.021875 0.028125
1 0.340625 0.40546875 0.015625 0.02578125
1 0.3421875 0.35 0.0109375 0.01640625
1 0.4875 0.384375 0.0171875 0.02265625
0 0.38828125 0.809375 0.05234375 0.1484375
1 0.30546875 0.46171875 0.0171875 0.02109375
0 0.3421875 0.2703125 0.0078125 0.01328125
1 0.5328125 0.44296875 0.021875 0.0375
1 0.471875 0.35859375 0.0203125 0.0296875
1 0.44765625 0.32578125 0.0140625 0.02109375
1 0.42734375 0.29453125 0.0109375 0.0140625
1 0.03515625 0.2640625 0.0140625 0.015625
1 0.4375 0.30859375 0.01328125 0.0171875
0 0.0703125 0.35078125 0.0390625 0.046875
0 0.27734375 0.38828125 0.02890625 0.05390625
0 0.1234375 0.3109375 0.0234375 0.03359375
0 0.10625 0.48984375 0.0796875 0.0953125
0 0.090625 0.4125 0.06875 0.06484375