1 0.90234375 0.66875 0.0640625 0.14765625
1 0.83203125 0.434375 0.0546875 0.05703125
1 0.15 0.378125 0.03046875 0.04609375
1 0.146875 0.4484375 0.03515625 0.065625
1 0.19140625 0.31171875 0.021875 0.03671875
1 0.30078125 0.38203125 0.03359375 0.059375
1 0.37734375 0.34609375 0.040625 0.05078125
1 0.3875 0.37109375 0.04140625 0.053125
1 0.34296875 0.36640625 0.0375 0.059375
1 0.36015625 0.3109375 0.0265625 0.03671875
4 0.428125 0.35390625 0.0484375 0.06640625
1 0.296875 0.3421875 0.03203125 0.0375
1 0.2953125 0.32265625 0.0296875 0.03515625
1 0.3375 0.3375 0.03359375 0.04453125
1 0.16796875 0.28984375 0.015625 0.02421875
1 0.31484375 0.28359375 0.02109375 0.0296875
1 0.18359375 0.290625 0.01875 0.02265625
1 0.3265625 0.3015625 0.02734375 0.03515625