1 0.43125 0.72421875 0.1328125 0.134375
1 0.26875 0.83828125 0.16015625 0.178125
1 0.6625 0.91640625 0.1625 0.165625
4 0.1046875 0.925 0.1796875 0.14140625
1 0.69609375 0.525 0.06328125 0.0796875
4 0.70703125 0.659375 0.09140625 0.1203125
1 0.74375 0.4921875 0.04921875 0.0640625
1 0.72734375 0.790625 0.11015625 0.1765625
4 0.5203125 0.6453125 0.09609375 0.13203125
1 0.85234375 0.63203125 0.0625 0.10703125
4 0.81328125 0.528125 0.059375 0.0890625
1 0.88125 0.446875 0.02890625 0.04296875
4 0.7703125 0.45625 0.0578125 0.0765625