1 0.0984375 0.67578125 0.06640625 0.15625
1 0.16796875 0.434375 0.0578125 0.0609375
1 0.01953125 0.3703125 0.025 0.02890625
1 0.85390625 0.44609375 0.0421875 0.06328125
1 0.85 0.37890625 0.03125 0.04921875
1 0.809375 0.3140625 0.0234375 0.034375
1 0.6984375 0.3828125 0.0359375 0.0625
1 0.65625 0.3703125 0.03359375 0.0609375
1 0.6109375 0.3734375 0.03671875 0.05625
1 0.64140625 0.31171875 0.0234375 0.03515625
1 0.6296875 0.34140625 0.03203125 0.0453125
1 0.7046875 0.3484375 0.03125 0.04375
1 0.83203125 0.2890625 0.01640625 0.02890625
1 0.81484375 0.290625 0.01875 0.0296875
4 0.5703125 0.353125 0.04375 0.0671875
0 0.59609375 0.31640625 0.04296875 0.0796875
1 0.87578125 0.3203125 0.021875 0.0296875
1 0.85859375 0.30078125 0.01640625 0.0265625
1 0.80703125 0.2609375 0.0140625 0.021875
1 0.68671875 0.27890625 0.0171875 0.0234375
4 0.71015625 0.29453125 0.02578125 0.034375
4 0.67265625 0.30390625 0.028125 0.03671875
3 0.65 0.26796875 0.0375 0.0734375
1 0.6640625 0.33828125 0.03359375 0.03984375
1 0.63125 0.2484375 0.01796875 0.02578125
1 0.80859375 0.23203125 0.00859375 0.0125
1 0.828125 0.2328125 0.01171875 0.01328125
4 0.83203125 0.25234375 0.01953125 0.01640625
4 0.84765625 0.26328125 0.015625 0.028125
1 0.85390625 0.2828125 0.01328125 0.01796875
1 0.7015625 0.3234375 0.02578125 0.03203125