1 0.27890625 0.82421875 0.16640625 0.209375
1 0.43046875 0.725 0.13203125 0.13046875
4 0.1046875 0.925 0.17890625 0.14140625
1 0.66328125 0.91640625 0.16015625 0.16328125
1 0.69140625 0.69765625 0.0984375 0.1125
1 0.728125 0.7890625 0.10859375 0.17109375
1 0.7921875 0.571875 0.05859375 0.0765625
1 0.696875 0.521875 0.06171875 0.08203125
1 0.5203125 0.6453125 0.096875 0.13359375
1 0.73828125 0.49296875 0.0390625 0.0640625
1 0.853125 0.6296875 0.0640625 0.1046875
4 0.86796875 0.53203125 0.05546875 0.0796875
3 0.784375 0.48828125 0.06796875 0.109375
1 0.828125 0.4453125 0.03515625 0.05546875
1 0.88125 0.46796875 0.03203125 0.0453125
4 0.909375 0.35234375 0.0484375 0.0296875