1 0.4828125 0.56796875 0.0875 0.121875
1 0.6453125 0.4984375 0.05703125 0.103125
1 0.62578125 0.41796875 0.0453125 0.0703125
1 0.6890625 0.3734375 0.034375 0.06875
1 0.425 0.88359375 0.13828125 0.221875
1 0.19765625 0.45390625 0.0578125 0.0671875
1 0.1359375 0.47109375 0.05 0.07890625
1 0.6421875 0.31015625 0.028125 0.040625
1 0.09765625 0.55078125 0.05546875 0.09453125
1 0.0703125 0.49375 0.04921875 0.0859375
1 0.04765625 0.46484375 0.03359375 0.0578125
3 0.6765625 0.29296875 0.0375 0.09296875
4 0.565625 0.35234375 0.06015625 0.10078125