1 0.71640625 0.81328125 0.13046875 0.21328125
1 0.85703125 0.52890625 0.0609375 0.10625
1 0.76171875 0.53046875 0.071875 0.10625
1 0.91328125 0.41953125 0.034375 0.05703125
1 0.93828125 0.36328125 0.0234375 0.0375
1 0.1671875 0.5359375 0.096875 0.0828125
1 0.12734375 0.5078125 0.08359375 0.0796875
1 0.03984375 0.34296875 0.01875 0.028125
1 0.47578125 0.3984375 0.0796875 0.0625
1 0.41796875 0.39296875 0.07421875 0.0578125
4 0.48359375 0.34375 0.0609375 0.05
1 0.29765625 0.31328125 0.0375 0.04453125
1 0.25546875 0.30078125 0.02890625 0.0359375
1 0.57421875 0.33515625 0.053125 0.04296875
1 0.64453125 0.334375 0.05 0.04609375
1 0.728125 0.30703125 0.0359375 0.0328125
1 0.6796875 0.29609375 0.03984375 0.03203125
1 0.9125 0.34609375 0.01875 0.0375
1 0.78984375 0.2890625 0.02578125 0.02578125
1 0.7578125 0.2859375 0.028125 0.02578125
1 0.7296875 0.27265625 0.0234375 0.0234375
1 0.83203125 0.27421875 0.015625 0.0234375
1 0.29140625 0.27421875 0.0296875 0.025
1 0.22421875 0.31484375 0.03046875 0.03984375
1 0.2859375 0.2640625 0.03828125 0.02265625
1 0.40390625 0.23828125 0.03125 0.0265625
1 0.390625 0.278125 0.0546875 0.04765625
1 0.34296875 0.27578125 0.03671875 0.03125
2 0.34296875 0.309375 0.015625 0.028125
2 0.41796875 0.3203125 0.02109375 0.0296875
1 0.93359375 0.31953125 0.015625 0.025
1 0.8765625 0.38359375 0.03125 0.05703125
1 0.24765625 0.95546875 0.1671875 0.0890625