1 0.4171875 0.50703125 0.09765625 0.1453125
1 0.2203125 0.58125 0.1546875 0.18984375
1 0.36171875 0.3875 0.05859375 0.0828125
1 0.3140625 0.43515625 0.09453125 0.1265625
1 0.39609375 0.35703125 0.05625 0.0703125
1 0.41171875 0.328125 0.05 0.06796875
1 0.46953125 0.28984375 0.059375 0.0421875
1 0.07890625 0.76875 0.1578125 0.40859375
4 0.50703125 0.29609375 0.05703125 0.059375
1 0.5375 0.271875 0.02421875 0.05078125
1 0.4890625 0.2515625 0.0421875 0.02734375
1 0.5390625 0.22890625 0.01953125 0.01953125
1 0.4984375 0.23359375 0.0328125 0.02265625