1 0.85703125 0.45078125 0.053125 0.059375
1 0.853125 0.33828125 0.0234375 0.03828125
1 0.15390625 0.48125 0.05859375 0.07421875
1 0.5421875 0.3328125 0.04296875 0.0453125
1 0.0921875 0.446875 0.0484375 0.06640625
1 0.22421875 0.44453125 0.05859375 0.06015625
1 0.12265625 0.4359375 0.05 0.0546875
4 0.64921875 0.37421875 0.0375 0.05390625
1 0.6609375 0.34453125 0.03046875 0.04609375
1 0.02421875 0.45625 0.0359375 0.0640625
1 0.1484375 0.41328125 0.0515625 0.05234375
1 0.6984375 0.36328125 0.03125 0.0515625
1 0.8015625 0.3828125 0.03046875 0.0484375
1 0.11875 0.53671875 0.05546875 0.10703125
1 0.61171875 0.271875 0.02265625 0.02890625
1 0.64921875 0.30078125 0.021875 0.0328125
1 0.87421875 0.31953125 0.0234375 0.03359375
4 0.57421875 0.35234375 0.040625 0.0625
4 0.6203125 0.34609375 0.034375 0.0546875
1 0.70234375 0.3296875 0.02578125 0.03359375
1 0.98671875 0.6984375 0.0265625 0.1234375
1 0.7078125 0.3078125 0.021875 0.028125
1 0.628125 0.259375 0.02265625 0.025
1 0.12890625 0.3765625 0.04140625 0.0296875
1 0.81328125 0.31171875 0.01953125 0.0375
1 0.87734375 0.81015625 0.08125 0.19921875
1 0.7125 0.27265625 0.01484375 0.01953125
1 0.8140625 0.24296875 0.0125 0.01875
4 0.9421875 0.46015625 0.08671875 0.11015625
3 0.0625 0.46796875 0.06171875 0.10078125
4 0.784375 0.30625 0.03203125 0.0421875