1 0.825 0.48203125 0.04609375 0.08046875
1 0.85 0.41953125 0.0328125 0.05546875
1 0.5734375 0.35859375 0.03671875 0.05390625
1 0.87578125 0.40703125 0.03203125 0.05234375
1 0.6359375 0.3734375 0.0375 0.05546875
1 0.70078125 0.35859375 0.03203125 0.05546875
1 0.51484375 0.34375 0.05234375 0.046875
1 0.09609375 0.49765625 0.0484375 0.07109375
1 0.1953125 0.43984375 0.059375 0.06015625
1 0.1375 0.46796875 0.053125 0.0625
1 0.83046875 0.35234375 0.02421875 0.03828125
1 0.6609375 0.34609375 0.0296875 0.04453125
1 0.790625 0.32890625 0.0234375 0.0375
1 0.06328125 0.465625 0.04296875 0.06015625
1 0.67265625 0.3015625 0.02578125 0.04296875
1 0.8921875 0.5359375 0.0515625 0.0921875
1 0.03203125 0.4390625 0.034375 0.0515625
1 0.82578125 0.3171875 0.02109375 0.03046875
1 0.58125 0.3 0.03046875 0.0359375
1 0.70390625 0.3234375 0.02421875 0.0265625
1 0.67734375 0.265625 0.021875 0.025
1 0.6015625 0.2828125 0.0265625 0.0296875
1 0.8265625 0.29375 0.0171875 0.025
1 0.8109375 0.275 0.0140625 0.02109375
1 0.55859375 0.32421875 0.0359375 0.040625
1 0.78203125 0.28671875 0.015625 0.02578125
1 0.02109375 0.3765625 0.03671875 0.03984375
1 0.7859375 0.23984375 0.01171875 0.01875
1 0.98515625 0.6140625 0.0296875 0.17109375
1 0.85546875 0.284375 0.015625 0.02265625
1 0.8234375 0.2375 0.0109375 0.01328125
1 0.0171875 0.42421875 0.0328125 0.0484375
4 0.08203125 0.425 0.053125 0.0578125