4 0.10859375 0.9203125 0.1875 0.1234375
0 0.53671875 0.8375 0.184375 0.22578125
1 0.27109375 0.828125 0.1578125 0.16875
1 0.66171875 0.91484375 0.1609375 0.1640625
1 0.7296875 0.7890625 0.10859375 0.1765625
1 0.85546875 0.6265625 0.06875 0.09921875
1 0.82421875 0.53046875 0.05078125 0.06640625
1 0.6953125 0.5265625 0.059375 0.0890625
1 0.74453125 0.49609375 0.0453125 0.06328125
0 0.76640625 0.46015625 0.05546875 0.08359375
1 0.86640625 0.47734375 0.03671875 0.05
4 0.83203125 0.44296875 0.03671875 0.0671875
1 0.43046875 0.72265625 0.1359375 0.13125
4 0.52109375 0.64609375 0.1015625 0.13828125