1 0.76953125 0.51953125 0.19140625 0.15078125
1 0.66328125 0.2109375 0.08671875 0.0578125
1 0.7515625 0.240625 0.0765625 0.065625
1 0.82578125 0.2609375 0.07421875 0.0625
1 0.24453125 0.2203125 0.06171875 0.07265625
1 0.1640625 0.13125 0.0515625 0.0671875
1 0.7515625 0.3484375 0.08515625 0.10390625
1 0.05625 0.69140625 0.1125 0.1578125
1 0.23125 0.5515625 0.18828125 0.13046875
0 0.4640625 0.54609375 0.2765625 0.26640625
4 0.6203125 0.26171875 0.059375 0.05
3 0.63125 0.38203125 0.228125 0.21171875