4 0.4890625 0.7703125 0.14921875 0.1828125
4 0.821875 0.70078125 0.15234375 0.15859375
4 0.7296875 0.590625 0.078125 0.08125
1 0.74765625 0.87265625 0.1890625 0.13515625
1 0.51484375 0.9328125 0.16875 0.134375
1 0.4671875 0.675 0.15390625 0.0890625
1 0.3890625 0.6140625 0.1046875 0.09765625
1 0.31953125 0.559375 0.09140625 0.10078125
1 0.64453125 0.628125 0.0921875 0.0875
4 0.8421875 0.5484375 0.05078125 0.06640625
1 0.23828125 0.5109375 0.053125 0.05859375
1 0.21015625 0.4890625 0.040625 0.046875
1 0.2703125 0.540625 0.05390625 0.053125
4 0.121875 0.571875 0.06640625 0.12265625
4 0.90078125 0.528125 0.03515625 0.0484375
4 0.08671875 0.5171875 0.03515625 0.05546875
1 0.18515625 0.47109375 0.03828125 0.0484375
4 0.940625 0.5125 0.0359375 0.040625
1 0.96796875 0.60078125 0.03671875 0.0515625
1 0.89921875 0.94921875 0.1375 0.1015625
4 0.3578125 0.43515625 0.040625 0.0328125
1 0.07109375 0.46875 0.03125 0.03515625
1 0.16171875 0.43515625 0.04140625 0.0375
4 0.78515625 0.56875 0.05859375 0.06640625
1 0.12265625 0.4515625 0.03828125 0.0390625