3 0.42265625 0.83203125 0.4078125 0.3359375
1 0.2078125 0.60859375 0.078125 0.146875
1 0.1 0.48125 0.04375 0.0625
1 0.7140625 0.21484375 0.01875 0.01484375
1 0.7046875 0.31171875 0.0421875 0.04453125
1 0.8171875 0.2546875 0.0234375 0.02109375
1 0.9609375 0.34375 0.021875 0.03125
1 0.77890625 0.26484375 0.02890625 0.0265625
1 0.72578125 0.21484375 0.01796875 0.01484375
1 0.79765625 0.2578125 0.025 0.02109375
1 0.71015625 0.27265625 0.040625 0.034375
1 0.72265625 0.23046875 0.02265625 0.01875
1 0.73671875 0.2328125 0.02265625 0.01953125
1 0.009375 0.309375 0.01796875 0.046875
1 0.76953125 0.3140625 0.0390625 0.0375
1 0.6359375 0.1921875 0.01328125 0.01484375
1 0.6234375 0.18515625 0.0171875 0.01875
1 0.64140625 0.2140625 0.02578125 0.01875
1 0.76953125 0.2296875 0.01875 0.01796875
1 0.10859375 0.259375 0.01640625 0.0171875
1 0.75390625 0.26484375 0.0359375 0.02734375
1 0.02734375 0.34765625 0.01328125 0.03515625
1 0.05546875 0.346875 0.0171875 0.0375
1 0.2109375 0.2640625 0.02734375 0.02265625
1 0.2296875 0.2671875 0.025 0.021875
1 0.06875 0.3703125 0.02109375 0.034375
1 0.29765625 0.2796875 0.04765625 0.0296875
1 0.6125 0.178125 0.02109375 0.01796875
1 0.01015625 0.28671875 0.01484375 0.0234375
1 0.09375 0.2546875 0.0203125 0.01640625
1 0.03984375 0.321875 0.01640625 0.0375
1 0.74609375 0.3015625 0.03515625 0.03828125
1 0.67109375 0.2171875 0.0234375 0.01796875
1 0.025 0.28515625 0.0109375 0.02265625
1 0.06875 0.40390625 0.025 0.04296875
1 0.07890625 0.2484375 0.01640625 0.01640625
1 0.0671875 0.24921875 0.0140625 0.0125
1 0.25546875 0.28203125 0.04140625 0.05390625
1 0.27578125 0.2625 0.01484375 0.01484375
1 0.03828125 0.28046875 0.009375 0.0140625
1 0.05234375 0.23984375 0.0203125 0.01875
1 0.13671875 0.4234375 0.0390625 0.07421875