1 0.4265625 0.65625 0.0859375 0.10078125
1 0.403125 0.821875 0.1 0.10546875
1 0.546875 0.71953125 0.08515625 0.1
1 0.515625 0.54140625 0.07890625 0.09453125
1 0.796875 0.6921875 0.084375 0.0828125
1 0.40625 0.53203125 0.0625 0.08125
1 0.66328125 0.6234375 0.08046875 0.09296875
1 0.434375 0.4828125 0.06796875 0.0890625
1 0.621875 0.678125 0.08671875 0.096875
4 0.4875 0.58828125 0.0890625 0.1
1 0.74140625 0.73359375 0.08125 0.08828125
1 0.74140625 0.815625 0.09765625 0.0875
1 0.33984375 0.3953125 0.05 0.08203125
1 0.8625 0.78125 0.0859375 0.08515625
1 0.81875 0.9421875 0.08984375 0.09609375
1 0.08984375 0.76640625 0.06171875 0.1109375
1 0.8734375 0.859375 0.08125 0.08046875
1 0.946875 0.75703125 0.071875 0.07421875
1 0.62890625 0.9515625 0.1015625 0.096875
1 0.11953125 0.26171875 0.0296875 0.046875
1 0.18984375 0.34375 0.02890625 0.06953125
4 0.0859375 0.4015625 0.03125 0.090625
4 0.14453125 0.1421875 0.021875 0.06015625