1 0.36640625 0.76484375 0.1390625 0.2171875
1 0.553125 0.5359375 0.06796875 0.1359375
1 0.68046875 0.403125 0.0375 0.06796875
1 0.08671875 0.4921875 0.04375 0.06953125
1 0.1015625 0.4359375 0.046875 0.05546875
1 0.57890625 0.30234375 0.03046875 0.0359375
1 0.12578125 0.3796875 0.03984375 0.0390625
1 0.49453125 0.3484375 0.0546875 0.05625
1 0.14609375 0.45859375 0.05703125 0.0625
1 0.68203125 0.30703125 0.025 0.0375
1 0.0203125 0.4140625 0.03671875 0.04609375
1 0.221875 0.43984375 0.0671875 0.08046875
1 0.05234375 0.4359375 0.0453125 0.05
1 0.35234375 0.38359375 0.0765625 0.05234375
1 0.55078125 0.32578125 0.03671875 0.03828125
1 0.603125 0.275 0.02734375 0.03671875
1 0.62265625 0.26328125 0.0265625 0.03203125
1 0.87421875 0.321875 0.0234375 0.03125
1 0.075 0.40859375 0.034375 0.03203125
1 0.05703125 0.35390625 0.0265625 0.03984375
3 0.76875 0.6234375 0.17578125 0.296875