1 0.10703125 0.92578125 0.18515625 0.1484375
1 0.27578125 0.83515625 0.16171875 0.2
1 0.43203125 0.728125 0.1375 0.1390625
4 0.52265625 0.6484375 0.10078125 0.15078125
1 0.73046875 0.790625 0.1140625 0.16796875
1 0.6734375 0.71328125 0.11484375 0.1234375
1 0.85234375 0.6328125 0.065625 0.10859375
1 0.75703125 0.62265625 0.07421875 0.09765625
1 0.68671875 0.59140625 0.08359375 0.0859375
1 0.6953125 0.52109375 0.06015625 0.07109375
1 0.7390625 0.49453125 0.04921875 0.07109375
4 0.76796875 0.45703125 0.05390625 0.07578125
4 0.83046875 0.4390625 0.03359375 0.06796875
1 0.87421875 0.43046875 0.0265625 0.04296875