3 0.078125 0.7046875 0.0546875 0.12265625
1 0.19453125 0.78984375 0.034375 0.07890625
3 0.3203125 0.946875 0.0703125 0.10625
1 0.29921875 0.84453125 0.0421875 0.078125
1 0.284375 0.79140625 0.03515625 0.05234375
1 0.2828125 0.74375 0.0296875 0.046875
1 0.27734375 0.70390625 0.03125 0.04296875
1 0.14921875 0.58671875 0.0296875 0.0453125
1 0.18359375 0.54609375 0.03125 0.03828125
1 0.2828125 0.6640625 0.0296875 0.0390625
1 0.2875 0.628125 0.028125 0.0359375
1 0.284375 0.596875 0.0265625 0.0375
1 0.29609375 0.57265625 0.0203125 0.0328125
1 0.22421875 0.503125 0.02578125 0.0328125
1 0.278125 0.46796875 0.0171875 0.03125
1 0.296875 0.54453125 0.02109375 0.03203125
1 0.359375 0.559375 0.0203125 0.034375
1 0.35703125 0.52734375 0.01796875 0.0328125
1 0.30625 0.51953125 0.02734375 0.03359375
1 0.10859375 0.48671875 0.021875 0.04765625
1 0.15390625 0.49453125 0.03671875 0.03046875
1 0.11328125 0.66015625 0.02265625 0.053125
1 0.33515625 0.44375 0.01328125 0.03203125
1 0.35546875 0.39921875 0.0171875 0.02265625
1 0.33046875 0.3859375 0.0171875 0.01875
1 0.33984375 0.36953125 0.01328125 0.01640625
1 0.03671875 0.95703125 0.0640625 0.08515625