1 0.909375 0.45 0.03671875 0.0625
1 0.85859375 0.42109375 0.0390625 0.06015625
1 0.88125 0.3953125 0.0265625 0.04765625
1 0.92109375 0.415625 0.02734375 0.04921875
4 0.9125 0.3375 0.0296875 0.05625
1 0.2359375 0.6109375 0.08125 0.1
1 0.16328125 0.37890625 0.0390625 0.0515625
1 0.103125 0.35859375 0.02734375 0.03828125
1 0.03984375 0.34296875 0.01875 0.03046875
1 0.09921875 0.290625 0.025 0.02421875
0 0.07109375 0.28359375 0.021875 0.0421875
3 0.11875 0.29140625 0.03359375 0.07109375
3 0.08828125 0.25625 0.01953125 0.03671875
1 0.2671875 0.2828125 0.03359375 0.0375
1 0.4234375 0.2828125 0.04921875 0.04140625
1 0.55 0.2859375 0.06015625 0.03515625
1 0.725 0.28828125 0.040625 0.03125
1 0.78828125 0.28203125 0.0296875 0.03046875
1 0.82265625 0.26953125 0.02421875 0.0203125
1 0.70234375 0.27578125 0.03125 0.02265625
1 0.728125 0.26953125 0.02734375 0.01796875
1 0.40546875 0.2390625 0.03203125 0.02734375
1 0.26171875 0.2328125 0.021875 0.0203125
1 0.2765625 0.22734375 0.02109375 0.01640625
1 0.27109375 0.21484375 0.01953125 0.01640625
1 0.2875 0.21328125 0.01796875 0.021875