1 0.5828125 0.625 0.17890625 0.1390625
1 0.2 0.5453125 0.1765625 0.121875
1 0.53515625 0.378125 0.08984375 0.08828125
4 0.83125 0.55390625 0.165625 0.12734375
4 0.659375 0.42734375 0.08125 0.1125
4 0.5921875 0.3921875 0.0984375 0.10390625
1 0.3046875 0.26484375 0.0671875 0.04921875
1 0.284375 0.21171875 0.02890625 0.03515625
1 0.3328125 0.20703125 0.02578125 0.0328125
1 0.38515625 0.17265625 0.01953125 0.02421875
1 0.36796875 0.1609375 0.0171875 0.01953125
1 0.521875 0.30703125 0.05234375 0.0328125
1 0.7796875 0.4109375 0.028125 0.078125
1 0.9515625 0.309375 0.04453125 0.04296875
1 0.98046875 0.31796875 0.0390625 0.0484375
1 0.99296875 0.3359375 0.01328125 0.03359375
1 0.8953125 0.27578125 0.0578125 0.0390625
1 0.7296875 0.325 0.0484375 0.05234375
1 0.6875 0.2875 0.0375 0.0421875
1 0.6671875 0.26171875 0.05078125 0.0421875
1 0.68046875 0.215625 0.04375 0.028125
1 0.8296875 0.21484375 0.03515625 0.02421875
1 0.75390625 0.1625 0.02734375 0.01796875
1 0.73515625 0.19140625 0.0234375 0.02265625
1 0.76015625 0.19140625 0.02421875 0.01875
1 0.69375 0.1890625 0.0265625 0.0234375
1 0.73515625 0.2609375 0.065625 0.04765625
1 0.82265625 0.24453125 0.040625 0.0296875
4 0.8984375 0.1984375 0.02265625 0.028125
3 0.7953125 0.33828125 0.09921875 0.0734375
1 0.53828125 0.2953125 0.0515625 0.05
1 0.8625 0.33203125 0.0578125 0.03828125
1 0.87265625 0.2671875 0.05 0.03203125
1 0.78515625 0.290625 0.05546875 0.0328125