4 0.4390625 0.7296875 0.15390625 0.15546875
4 0.64609375 0.50859375 0.07890625 0.1015625
4 0.84609375 0.56953125 0.04375 0.11328125
4 0.07734375 0.7390625 0.07265625 0.0984375
1 0.43203125 0.590625 0.090625 0.0890625
1 0.2546875 0.67421875 0.090625 0.09375
1 0.2625 0.77421875 0.0953125 0.0765625
1 0.25625 0.84375 0.09375 0.05859375
1 0.42578125 0.821875 0.1015625 0.103125
1 0.371875 0.9515625 0.10390625 0.09375
1 0.6015625 0.75625 0.0984375 0.08984375
1 0.80390625 0.37578125 0.03203125 0.0859375
1 0.8765625 0.2609375 0.028125 0.05078125
0 0.8921875 0.48046875 0.0421875 0.12734375
4 0.91484375 0.3984375 0.03125 0.0828125
4 0.8546875 0.1421875 0.02578125 0.059375
1 0.8359375 0.140625 0.021875 0.04296875
1 0.78046875 0.134375 0.02421875 0.05078125