1 0.66171875 0.9171875 0.1609375 0.165625
1 0.24609375 0.840625 0.11015625 0.1640625
1 0.45 0.7109375 0.08984375 0.10546875
1 0.728125 0.78671875 0.1109375 0.1765625
1 0.85390625 0.63046875 0.06953125 0.1015625
1 0.725 0.63125 0.075 0.09375
1 0.821875 0.5203125 0.0421875 0.0578125
1 0.7421875 0.49375 0.04296875 0.06953125
1 0.87578125 0.4671875 0.03515625 0.03671875
3 0.3328125 0.82890625 0.21875 0.3421875
3 0.4546875 0.9140625 0.21640625 0.171875
4 0.7703125 0.45234375 0.05625 0.07421875
4 0.51953125 0.6484375 0.10390625 0.13984375
4 0.10625 0.92421875 0.171875 0.1515625
4 0.86953125 0.52734375 0.0625 0.0828125
4 0.69609375 0.521875 0.05859375 0.08203125
4 0.909375 0.3484375 0.040625 0.025