1 0.121875 0.54453125 0.06875 0.10625
1 0.16328125 0.49375 0.05234375 0.08515625
1 0.2203125 0.44453125 0.0625 0.0609375
1 0.64765625 0.3796875 0.04453125 0.05234375
1 0.6984375 0.365625 0.03359375 0.0453125
4 0.6203125 0.3484375 0.0375 0.05703125
4 0.5734375 0.3546875 0.0484375 0.0640625
1 0.53828125 0.33515625 0.04453125 0.046875
1 0.4203125 0.37109375 0.06015625 0.046875
1 0.14921875 0.4109375 0.05234375 0.04609375
1 0.12578125 0.43671875 0.04375 0.05234375
4 0.06640625 0.46875 0.0578125 0.09921875
1 0.02421875 0.45546875 0.03046875 0.0546875
4 0.909375 0.40859375 0.0765625 0.08515625
0 0.60234375 0.3109375 0.04375 0.075
1 0.6765625 0.26171875 0.028125 0.02421875
1 0.70390625 0.3296875 0.03046875 0.03046875
4 0.7890625 0.2921875 0.03203125 0.04453125
4 0.81171875 0.27109375 0.02890625 0.03203125
1 0.82421875 0.3109375 0.03203125 0.02890625
4 0.8625 0.3140625 0.04921875 0.0484375
4 0.6390625 0.31328125 0.03359375 0.04140625
1 0.70625 0.30390625 0.02578125 0.0234375
4 0.57578125 0.3015625 0.03203125 0.0421875
1 0.63671875 0.25546875 0.025 0.02890625
1 0.796875 0.24453125 0.01875 0.01640625
1 0.69609375 0.2328125 0.02109375 0.0296875