1 0.59765625 0.52890625 0.078125 0.13203125
1 0.72578125 0.52734375 0.0875 0.13984375
1 0.57109375 0.4171875 0.0625 0.096875
1 0.47265625 0.4671875 0.0609375 0.1078125
1 0.3359375 0.32109375 0.04453125 0.0546875
3 0.671875 0.425 0.09765625 0.1375
3 0.3046875 0.73046875 0.29609375 0.5078125
3 0.37734375 0.2125 0.03515625 0.05
1 0.43359375 0.165625 0.02265625 0.03359375
1 0.55234375 0.353125 0.04921875 0.07265625
1 0.62890625 0.35546875 0.04765625 0.06953125
1 0.53828125 0.31015625 0.040625 0.053125
4 0.590625 0.2703125 0.04140625 0.07421875
1 0.53515625 0.26953125 0.0421875 0.03984375
1 0.653125 0.17265625 0.053125 0.028125
1 0.53828125 0.1640625 0.0203125 0.02890625
4 0.6046875 0.30625 0.053125 0.0640625