1 0.8203125 0.2421875 0.01484375 0.02578125
1 0.77890625 0.2578125 0.02265625 0.0296875
1 0.78046875 0.28046875 0.01953125 0.034375
1 0.80859375 0.2546875 0.02265625 0.02734375
1 0.81171875 0.2796875 0.01796875 0.0359375
1 0.82578125 0.31015625 0.02265625 0.0359375
1 0.7953125 0.32890625 0.02578125 0.0453125
1 0.834375 0.35703125 0.03984375 0.05859375
1 0.80625 0.40234375 0.03828125 0.06875
1 0.9078125 0.54296875 0.05859375 0.1
1 0.834375 0.5484375 0.065625 0.115625
1 0.8609375 0.7890625 0.09375 0.2171875
1 0.9703125 0.85390625 0.059375 0.19375
1 0.225 0.38515625 0.07109375 0.0359375
1 0.02265625 0.41875 0.03125 0.04296875
1 0.04609375 0.43125 0.02578125 0.04609375
1 0.07109375 0.4578125 0.0296875 0.05390625
1 0.07265625 0.409375 0.03515625 0.03203125
1 0.10625 0.43359375 0.03359375 0.0578125
1 0.14609375 0.459375 0.05390625 0.06640625
1 0.09921875 0.490625 0.04296875 0.07109375
1 0.61953125 0.334375 0.0296875 0.046875
1 0.7125 0.29453125 0.02109375 0.02890625
1 0.70703125 0.30859375 0.02265625 0.03828125
1 0.69765625 0.38203125 0.0359375 0.0515625
4 0.69375 0.26640625 0.02421875 0.04296875
1 0.67578125 0.31484375 0.01953125 0.03671875
1 0.6609375 0.33984375 0.03359375 0.06015625
1 0.70390625 0.340625 0.02421875 0.0328125
1 0.61640625 0.37265625 0.040625 0.04765625
4 0.4078125 0.36328125 0.10546875 0.06171875
4 0.56953125 0.35078125 0.04296875 0.084375
2 0.52109375 0.375 0.02265625 0.05546875
3 0.86640625 0.32578125 0.034375 0.07734375
2 0.0734375 0.53984375 0.034375 0.0796875
2 0.13828125 0.609375 0.046875 0.08984375
4 0.0375 0.38515625 0.034375 0.046875
1 0.11640625 0.39921875 0.03359375 0.0484375
1 0.15546875 0.4203125 0.0484375 0.0484375
4 0.22109375 0.43984375 0.0765625 0.0875