1 0.7328125 0.82578125 0.1515625 0.175
1 0.56640625 0.72578125 0.13359375 0.1375
1 0.3265625 0.715625 0.10859375 0.1328125
4 0.8921875 0.925 0.18515625 0.146875
1 0.3109375 0.59296875 0.07890625 0.090625
1 0.3375 0.915625 0.15625 0.16484375
1 0.24296875 0.62421875 0.075 0.09375
1 0.303125 0.51796875 0.06171875 0.071875
1 0.26953125 0.7859375 0.11171875 0.16484375
1 0.2515625 0.49140625 0.05703125 0.06796875
4 0.47890625 0.64296875 0.09921875 0.1328125
1 0.14609375 0.63203125 0.06484375 0.10703125