1 0.2359375 0.7078125 0.15234375 0.1046875
1 0.4171875 0.68515625 0.12578125 0.096875
1 0.05234375 0.7359375 0.1046875 0.08828125
1 0.48359375 0.6140625 0.1140625 0.06796875
1 0.42421875 0.52421875 0.071875 0.05546875
1 0.02421875 0.79765625 0.0484375 0.10390625
1 0.9875 0.40703125 0.02421875 0.03046875
1 0.5453125 0.44140625 0.02890625 0.0359375
1 0.5515625 0.6375 0.05234375 0.08984375
1 0.45390625 0.50703125 0.03515625 0.0421875
1 0.5828125 0.42109375 0.0265625 0.02890625
4 0.484375 0.48125 0.04140625 0.046875
1 0.63984375 0.390625 0.0203125 0.02109375
1 0.73359375 0.371875 0.0125 0.01640625
4 0.93046875 0.353125 0.02734375 0.03203125
1 0.86796875 0.33359375 0.0140625 0.01796875
1 0.52734375 0.45390625 0.02421875 0.0375
1 0.7515625 0.36796875 0.0140625 0.02578125
1 0.6546875 0.375 0.0140625 0.01484375
1 0.553125 0.41953125 0.021875 0.0203125
1 0.8890625 0.3484375 0.0140625 0.01640625
1 0.75859375 0.3375 0.0109375 0.01328125
3 0.78515625 0.640625 0.4296875 0.275