1 0.15234375 0.42578125 0.05703125 0.05703125
4 0.090625 0.50625 0.0421875 0.0890625
4 0.05234375 0.475 0.03828125 0.08359375
1 0.4265625 0.371875 0.065625 0.0484375
1 0.54140625 0.33828125 0.04296875 0.0484375
4 0.590625 0.28984375 0.02734375 0.04296875
1 0.60625 0.37265625 0.0375 0.05703125
1 0.65 0.36953125 0.03671875 0.05234375
1 0.68671875 0.37578125 0.0265625 0.05234375
4 0.66171875 0.3296875 0.02890625 0.04765625
1 0.69921875 0.3265625 0.025 0.04765625
0 0.92265625 0.42265625 0.04296875 0.09921875
0 0.8828125 0.3453125 0.0328125 0.0734375
4 0.88125 0.7875 0.08203125 0.16796875