1 0.38046875 0.75703125 0.125 0.19765625
1 0.815625 0.7328125 0.1171875 0.18203125
1 0.7015625 0.3578125 0.0296875 0.05546875
1 0.128125 0.4625 0.05390625 0.06796875
1 0.56171875 0.31640625 0.034375 0.0390625
1 0.68203125 0.30390625 0.02421875 0.03515625
1 0.03828125 0.46875 0.0390625 0.0609375
1 0.16953125 0.428125 0.05546875 0.05
1 0.61640625 0.26953125 0.02421875 0.02421875
1 0.07265625 0.36328125 0.03359375 0.0265625
1 0.0875 0.47421875 0.04375 0.06328125
1 0.5265625 0.3453125 0.05234375 0.04453125
1 0.45703125 0.3609375 0.07109375 0.05234375
1 0.6328125 0.25 0.01796875 0.02109375
1 0.846875 0.26484375 0.0140625 0.028125
1 0.8578125 0.28359375 0.0203125 0.0265625
1 0.66484375 0.22890625 0.015625 0.01796875
1 0.715625 0.25625 0.015625 0.0296875