1 0.3375 0.678125 0.1203125 0.18359375
1 0.08671875 0.61875 0.05546875 0.13125
1 0.3734375 0.49765625 0.1046875 0.0859375
1 0.15703125 0.496875 0.05625 0.08515625
1 0.2828125 0.3875 0.065625 0.05234375
1 0.75625 0.51015625 0.09609375 0.08046875
1 0.8609375 0.4375 0.03359375 0.0609375
1 0.6546875 0.9078125 0.18828125 0.1671875
1 0.1078125 0.371875 0.03984375 0.03515625
1 0.075 0.4171875 0.03984375 0.0515625
1 0.6015625 0.36796875 0.03828125 0.0578125
1 0.03203125 0.93046875 0.0609375 0.1328125
1 0.04921875 0.46171875 0.0515625 0.071875
1 0.69375 0.38828125 0.0359375 0.053125
1 0.62265625 0.33828125 0.034375 0.0484375
1 0.015625 0.41640625 0.0296875 0.046875
1 0.675 0.3140625 0.02890625 0.0390625
1 0.70625 0.32265625 0.02734375 0.0359375
4 0.66328125 0.3640625 0.03515625 0.0578125
3 0.55625 0.35703125 0.05625 0.10546875
1 0.7 0.35546875 0.03203125 0.04375
4 0.178125 0.41953125 0.071875 0.09453125
1 0.01328125 0.32109375 0.02578125 0.0234375
1 0.81953125 0.240625 0.0125 0.02578125
1 0.68984375 0.27578125 0.021875 0.02734375
1 0.628125 0.3140625 0.02734375 0.03046875
1 0.8734375 0.31953125 0.03125 0.0328125
3 0.64609375 0.28828125 0.02890625 0.06015625