1 0.14921875 0.65859375 0.07421875 0.14453125
1 0.0640625 0.5421875 0.04921875 0.08125
1 0.80390625 0.45234375 0.05625 0.06484375
1 0.1296875 0.4734375 0.04140625 0.06875
1 0.02578125 0.82109375 0.05078125 0.17578125
1 0.903125 0.5515625 0.05546875 0.09140625
1 0.16484375 0.4015625 0.0328125 0.0515625
1 0.93125 0.490625 0.04765625 0.08203125
4 0.86484375 0.4703125 0.05078125 0.0765625
1 0.39765625 0.365625 0.03828125 0.05546875
1 0.18984375 0.4375 0.03359375 0.0578125
1 0.3265625 0.31640625 0.0265625 0.03359375
1 0.30703125 0.384375 0.034375 0.0546875
1 0.346875 0.2484375 0.01875 0.021875
1 0.29375 0.32109375 0.028125 0.0375
1 0.37109375 0.31875 0.02734375 0.03828125
1 0.2984375 0.3515625 0.02890625 0.04609375
1 0.915625 0.42890625 0.04609375 0.06484375
1 0.3375 0.3578125 0.03515625 0.065625
1 0.9515625 0.46640625 0.04765625 0.06484375
1 0.378125 0.3390625 0.034375 0.04765625
1 0.31796875 0.2234375 0.01640625 0.015625
1 0.3265625 0.22578125 0.0171875 0.015625
1 0.321875 0.2984375 0.025 0.040625
1 0.1828125 0.33828125 0.02421875 0.04140625
1 0.52421875 0.3578125 0.07890625 0.04921875
1 0.8828125 0.40625 0.04609375 0.04765625
1 0.38515625 0.26875 0.02578125 0.02578125
3 0.925 0.37265625 0.0390625 0.05
1 0.32109375 0.28515625 0.01875 0.0203125
3 0.09296875 0.39921875 0.04140625 0.0921875
1 0.2890625 0.2984375 0.01875 0.01953125
1 0.21796875 0.31875 0.01953125 0.03125
1 0.1953125 0.23359375 0.01015625 0.01328125
4 0.13359375 0.32421875 0.03515625 0.0578125
3 0.45234375 0.32109375 0.0453125 0.0609375
1 0.1703125 0.24921875 0.01015625 0.015625
1 0.421875 0.2953125 0.02734375 0.0421875
1 0.3328125 0.3296875 0.02734375 0.034375
2 0.85078125 0.53046875 0.025 0.0734375