1 0.790625 0.50703125 0.0859375 0.115625
1 0.2171875 0.44375 0.0671875 0.06484375
1 0.0703125 0.49609375 0.0453125 0.07734375
1 0.1140625 0.6359375 0.0578125 0.1328125
4 0.64140625 0.5234375 0.11875 0.10546875
1 0.8484375 0.41484375 0.03203125 0.06015625
1 0.565625 0.36015625 0.040625 0.05390625
1 0.025 0.4296875 0.04375 0.0515625
1 0.17734375 0.5296875 0.06953125 0.1125
1 0.87890625 0.33125 0.02578125 0.0375
1 0.0703125 0.36484375 0.03203125 0.03203125
1 0.68671875 0.3765625 0.03125 0.053125
1 0.121875 0.446875 0.0640625 0.08203125
1 0.6484375 0.3796875 0.0375 0.0546875
1 0.60859375 0.37421875 0.040625 0.053125
1 0.8140625 0.24609375 0.015625 0.01796875
1 0.7078125 0.3046875 0.02421875 0.03515625
1 0.696875 0.34296875 0.0296875 0.0453125
4 0.590625 0.32578125 0.03515625 0.04921875
1 0.18515625 0.3875 0.03984375 0.0359375
1 0.6453125 0.29140625 0.0296875 0.034375
1 0.625 0.32890625 0.0359375 0.0390625
1 0.65703125 0.3375 0.0328125 0.0375