0 0.8984375 0.4796875 0.1078125 0.1171875
0 0.95703125 0.52890625 0.084375 0.10859375
0 0.90703125 0.41015625 0.065625 0.06171875
0 0.92890625 0.35 0.0359375 0.04375
0 0.86875 0.36796875 0.05625 0.05078125
0 0.7203125 0.3875 0.028125 0.05078125
0 0.81328125 0.371875 0.053125 0.053125
0 0.94375 0.740625 0.109375 0.2234375
0 0.76796875 0.3125 0.03515625 0.03515625
0 0.78984375 0.334375 0.03828125 0.04453125
0 0.87578125 0.31171875 0.02421875 0.0359375
0 0.8234375 0.30859375 0.0328125 0.0296875
1 0.584375 0.67890625 0.040625 0.07265625
0 0.79609375 0.30625 0.0328125 0.02890625
0 0.83125 0.321875 0.03203125 0.02578125
1 0.51640625 0.74765625 0.03984375 0.07265625
0 0.85 0.3375 0.0421875 0.02890625
1 0.25078125 0.72734375 0.05078125 0.0546875
1 0.1984375 0.7921875 0.06015625 0.065625
1 0.29375 0.67265625 0.0453125 0.04765625
1 0.371875 0.57890625 0.0359375 0.03671875
1 0.590625 0.48515625 0.0203125 0.03671875
1 0.0703125 0.94765625 0.08203125 0.08984375
1 0.13671875 0.86875 0.07578125 0.08046875
1 0.42734375 0.503125 0.02734375 0.03203125
1 0.434375 0.48515625 0.0296875 0.0296875
1 0.3921875 0.55234375 0.03671875 0.0359375
1 0.4125 0.525 0.03046875 0.03125
0 0.79921875 0.28671875 0.02421875 0.01953125
1 0.621875 0.5046875 0.0203125 0.03515625
0 0.740625 0.3 0.02890625 0.025
1 0.07890625 0.53671875 0.04296875 0.03046875
1 0.3375 0.621875 0.0390625 0.03984375
0 0.69765625 0.3265625 0.0140625 0.03359375
1 0.4953125 0.40859375 0.0234375 0.025
1 0.45078125 0.471875 0.0234375 0.0265625
1 0.16796875 0.48828125 0.03203125 0.0234375
1 0.6453125 0.31640625 0.009375 0.0140625