1 0.6546875 0.60546875 0.05625 0.11015625
1 0.6296875 0.54453125 0.034375 0.05625
1 0.74375 0.63984375 0.05234375 0.0796875
1 0.6046875 0.4765625 0.028125 0.059375
3 0.59609375 0.40546875 0.021875 0.06640625
1 0.69296875 0.41640625 0.028125 0.04296875
1 0.68359375 0.38984375 0.02109375 0.03125
1 0.6015625 0.37109375 0.015625 0.02578125
1 0.61328125 0.3546875 0.0140625 0.02421875
1 0.62421875 0.33828125 0.0109375 0.01953125
1 0.665625 0.3359375 0.01015625 0.01328125
1 0.68125 0.3265625 0.01015625 0.01484375