4 0.11640625 0.7859375 0.09296875 0.1703125
1 0.30078125 0.32578125 0.0328125 0.04765625
1 0.31328125 0.37734375 0.0296875 0.0515625
1 0.3390625 0.3296875 0.0296875 0.04921875
1 0.35 0.3703125 0.03671875 0.05546875
1 0.39375 0.3734375 0.03984375 0.05703125
1 0.459375 0.3375 0.04375 0.04453125
1 0.40859375 0.290625 0.028125 0.03984375
1 0.846875 0.42578125 0.05234375 0.05234375
1 0.3390625 0.2703125 0.0171875 0.025
1 0.346875 0.24375 0.01953125 0.0265625
1 0.35625 0.2421875 0.0171875 0.021875
1 0.946875 0.47109375 0.03828125 0.0703125
4 0.9109375 0.503125 0.04453125 0.08046875
1 0.32421875 0.2375 0.01796875 0.0203125
0 0.078125 0.4265625 0.04453125 0.1015625
1 0.57421875 0.3734375 0.0671875 0.05078125
1 0.31328125 0.22265625 0.01796875 0.01484375
1 0.9890625 0.41640625 0.02109375 0.03671875