1 0.35625 0.63203125 0.09765625 0.0890625
1 0.61328125 0.61640625 0.103125 0.10546875
1 0.8265625 0.50546875 0.04140625 0.046875
1 0.24296875 0.8796875 0.18203125 0.13046875
1 0.8625 0.47421875 0.03203125 0.0328125
1 0.7875 0.49140625 0.0453125 0.053125
1 0.91328125 0.51640625 0.03515625 0.0484375
1 0.27109375 0.590625 0.08046875 0.08828125
1 0.1015625 0.5609375 0.04921875 0.06640625
1 0.67890625 0.55625 0.071875 0.08984375
1 0.2203125 0.57109375 0.05625 0.06796875
4 0.75 0.6578125 0.09921875 0.159375
1 0.15625 0.5484375 0.05078125 0.06640625
1 0.9265625 0.46875 0.02734375 0.03671875
1 0.8953125 0.46953125 0.03125 0.0515625
1 0.6390625 0.43359375 0.03984375 0.03359375
4 0.8796875 0.57109375 0.07265625 0.1234375
1 0.9359375 0.4515625 0.028125 0.03984375
1 0.9078125 0.39765625 0.021875 0.0265625
1 0.8375 0.43125 0.04375 0.0375
1 0.815625 0.4671875 0.03828125 0.03828125
1 0.878125 0.40859375 0.03515625 0.0296875
3 0.175 0.69453125 0.13359375 0.16875