1 0.190625 0.365625 0.0515625 0.0734375
2 0.12890625 0.38515625 0.02734375 0.05
2 0.40078125 0.21640625 0.01328125 0.025
1 0.1359375 0.34765625 0.0609375 0.06875
1 0.24609375 0.30625 0.05078125 0.06796875
1 0.1921875 0.303125 0.053125 0.05
1 0.2765625 0.27578125 0.04375 0.0484375
1 0.2234375 0.27265625 0.04140625 0.04453125
1 0.27109375 0.24609375 0.03828125 0.0390625
1 0.353125 0.2140625 0.02890625 0.03046875
1 0.78515625 0.4125 0.03125 0.08359375
1 0.73125 0.32734375 0.04921875 0.05234375
1 0.54296875 0.3796875 0.09453125 0.08515625
1 0.89765625 0.27890625 0.05703125 0.034375
1 0.865625 0.33046875 0.06171875 0.04140625
1 0.9515625 0.3109375 0.04609375 0.0359375
1 0.98203125 0.31953125 0.0359375 0.0390625
1 0.99296875 0.33515625 0.0140625 0.03125
1 0.71875 0.29609375 0.04765625 0.040625
1 0.6921875 0.2875 0.0453125 0.0390625
1 0.5421875 0.29453125 0.053125 0.05234375
1 0.5359375 0.3265625 0.06875 0.0296875
1 0.675 0.2625 0.06171875 0.040625
1 0.74375 0.2625 0.05859375 0.04609375
1 0.828125 0.2421875 0.040625 0.02890625
1 0.8421875 0.2515625 0.03203125 0.02734375
1 0.85546875 0.259375 0.04375 0.028125
1 0.88125 0.26796875 0.053125 0.0296875
4 0.6 0.39296875 0.1 0.10234375
1 0.28671875 0.2109375 0.02890625 0.0328125
1 0.31015625 0.19453125 0.03828125 0.03046875
1 0.3859375 0.175 0.0203125 0.02578125
1 0.4015625 0.159375 0.015625 0.01875
1 0.72421875 0.24765625 0.04921875 0.03203125
1 0.66328125 0.2515625 0.05390625 0.03046875
1 0.684375 0.215625 0.04375 0.02890625
1 0.790625 0.21953125 0.04765625 0.0328125
1 0.83046875 0.21484375 0.04296875 0.0234375
1 0.38515625 0.14609375 0.0296875 0.0203125
1 0.75703125 0.16171875 0.02734375 0.01640625
3 0.79765625 0.1640625 0.05078125 0.03046875
4 0.721875 0.1578125 0.02890625 0.0234375
1 0.796875 0.33984375 0.0984375 0.075
1 0.78984375 0.2875 0.05625 0.034375
1 0.80390625 0.29296875 0.065625 0.0203125
1 0.7375 0.19140625 0.025 0.021875
1 0.76328125 0.1921875 0.0265625 0.02109375
1 0.88203125 0.19921875 0.02109375 0.025
1 0.9875 0.221875 0.025 0.025
1 0.8265625 0.1921875 0.021875 0.02109375
1 0.784375 0.19296875 0.01953125 0.01875
1 0.80546875 0.19140625 0.021875 0.0203125
1 0.71640625 0.19140625 0.0171875 0.0265625
1 0.69765625 0.18984375 0.025 0.02578125
1 0.66015625 0.1921875 0.01484375 0.01875
1 0.675 0.18671875 0.01875 0.01640625
1 0.84921875 0.19765625 0.01796875 0.021875
1 0.8671875 0.19921875 0.01328125 0.02265625
1 0.6390625 0.19375 0.0234375 0.025