1 0.53359375 0.7359375 0.21484375 0.34140625
1 0.4078125 0.5171875 0.13046875 0.190625
1 0.353125 0.3984375 0.09765625 0.13359375
1 0.91953125 0.5578125 0.15234375 0.2265625
1 0.31015625 0.32421875 0.07109375 0.10078125
1 0.7828125 0.471875 0.1890625 0.1796875
1 0.66015625 0.3984375 0.1390625 0.1140625
1 0.4359375 0.2703125 0.07734375 0.075
1 0.284375 0.2515625 0.053125 0.0734375
1 0.19140625 0.34765625 0.075 0.1421875
1 0.3640625 0.190625 0.05078125 0.0453125
1 0.22265625 0.23125 0.05078125 0.0703125
1 0.4125 0.221875 0.053125 0.05078125
1 0.4828125 0.29296875 0.09296875 0.1078125
1 0.2796875 0.17109375 0.03203125 0.040625
1 0.43984375 0.228125 0.05546875 0.03828125
1 0.5875 0.33203125 0.0890625 0.0765625
1 0.32421875 0.16796875 0.03359375 0.03828125