2 0.215625 0.58828125 0.04296875 0.1015625
4 0.3890625 0.74296875 0.1375 0.21015625
1 0.39609375 0.509375 0.103125 0.1015625
4 0.09453125 0.5390625 0.059375 0.11875
1 0.22421875 0.459375 0.0796875 0.08046875
1 0.2640625 0.38984375 0.0828125 0.06015625
4 0.12890625 0.46875 0.06015625 0.09140625
1 0.0625 0.47421875 0.046875 0.06875
1 0.1421875 0.415625 0.06015625 0.0640625
1 0.69296875 0.38203125 0.03828125 0.05390625
1 0.6015625 0.36875 0.03828125 0.0671875
0 0.55703125 0.35703125 0.065625 0.10703125
1 0.61875 0.3390625 0.034375 0.03984375
4 0.66171875 0.36171875 0.0359375 0.0703125
1 0.6296875 0.3140625 0.02578125 0.028125
1 0.70390625 0.33125 0.034375 0.0421875
1 0.71171875 0.29765625 0.02265625 0.02890625
1 0.675 0.31484375 0.02578125 0.03125
3 0.64765625 0.28984375 0.03125 0.03828125
1 0.67890625 0.290625 0.02265625 0.02421875
3 0.83359375 0.26796875 0.021875 0.04140625