1 0.1453125 0.6578125 0.071875 0.1296875
1 0.0640625 0.5421875 0.04921875 0.08046875
1 0.02578125 0.8203125 0.0515625 0.16953125
1 0.1296875 0.4734375 0.040625 0.0671875
1 0.16484375 0.39921875 0.0328125 0.05234375
1 0.903125 0.5515625 0.0546875 0.090625
1 0.8046875 0.453125 0.05703125 0.06640625
1 0.93125 0.49140625 0.046875 0.08203125
1 0.18984375 0.4359375 0.03359375 0.05859375
1 0.39765625 0.365625 0.0375 0.05625
1 0.3765625 0.3375 0.034375 0.0515625
1 0.86484375 0.4703125 0.05 0.07734375
1 0.30703125 0.384375 0.03359375 0.0546875
1 0.346875 0.24921875 0.01875 0.02109375
1 0.3375 0.3578125 0.03515625 0.065625
1 0.35625 0.240625 0.01484375 0.01796875
1 0.32734375 0.32109375 0.0265625 0.0328125
1 0.31796875 0.225 0.0140625 0.0140625
1 0.328125 0.2265625 0.01484375 0.0140625
1 0.37109375 0.3171875 0.0265625 0.0359375
1 0.29375 0.328125 0.028125 0.03828125
1 0.1828125 0.33671875 0.02578125 0.0421875
1 0.9515625 0.4625 0.04296875 0.05546875
1 0.30078125 0.3609375 0.03046875 0.0453125
1 0.915625 0.42734375 0.04609375 0.0625
1 0.28984375 0.2984375 0.02109375 0.0265625
1 0.384375 0.26875 0.0234375 0.0265625
1 0.321875 0.296875 0.02421875 0.0390625
1 0.1796875 0.221875 0.0109375 0.01328125
1 0.2171875 0.3171875 0.0203125 0.034375
1 0.88203125 0.40703125 0.0453125 0.0484375
1 0.52421875 0.3578125 0.084375 0.0484375
4 0.09296875 0.39765625 0.040625 0.0875
1 0.19453125 0.28828125 0.0140625 0.0265625
1 0.925 0.37265625 0.0390625 0.05
1 0.1953125 0.23203125 0.01015625 0.015625
1 0.946875 0.4109375 0.040625 0.0515625
1 0.975 0.434375 0.040625 0.05625
1 0.3421875 0.23046875 0.01171875 0.0140625
1 0.2234375 0.253125 0.01171875 0.02109375
1 0.36484375 0.234375 0.0171875 0.015625
1 0.1703125 0.24921875 0.0109375 0.015625
1 0.42109375 0.2984375 0.028125 0.0453125
1 0.30390625 0.2203125 0.01484375 0.015625
1 0.13359375 0.321875 0.034375 0.05625
1 0.97578125 0.38203125 0.03203125 0.0328125
4 0.45234375 0.32109375 0.04453125 0.06171875
2 0.85078125 0.53125 0.0234375 0.071875