1 0.52890625 0.82109375 0.21796875 0.221875
1 0.21640625 0.665625 0.1078125 0.15390625
1 0.18984375 0.48046875 0.07265625 0.09921875
1 0.0625 0.31015625 0.025 0.02890625
1 0.08046875 0.33671875 0.02578125 0.03046875
1 0.1 0.359375 0.02890625 0.03984375
1 0.03359375 0.3796875 0.0296875 0.0515625
1 0.0640625 0.3765625 0.03125 0.0359375
3 0.03828125 0.3140625 0.03515625 0.05390625
1 0.85 0.25390625 0.02109375 0.0203125
4 0.86953125 0.25703125 0.01953125 0.0265625
1 0.803125 0.290625 0.025 0.0265625
1 0.78671875 0.30859375 0.0296875 0.034375
1 0.75703125 0.29296875 0.03125 0.02890625
1 0.7390625 0.31484375 0.034375 0.0421875
1 0.74609375 0.27421875 0.028125 0.03046875
1 0.7125 0.29140625 0.0328125 0.0328125
1 0.6734375 0.30703125 0.03984375 0.04296875
1 0.1578125 0.27890625 0.04375 0.0328125
1 0.35625 0.3171875 0.05859375 0.03984375
1 0.95703125 0.34609375 0.04453125 0.04375