1 0.27421875 0.75 0.16796875 0.128125
1 0.12578125 0.7609375 0.15859375 0.11953125
1 0.31796875 0.6546875 0.134375 0.08515625
1 0.6375 0.66640625 0.1078125 0.08984375
1 0.1328125 0.59609375 0.075 0.07265625
1 0.46796875 0.67109375 0.12265625 0.08828125
1 0.5484375 0.515625 0.0875 0.05625
1 0.04609375 0.8765625 0.09140625 0.14765625
1 0.1421875 0.6875 0.14296875 0.0953125
1 0.47109375 0.62421875 0.11875 0.07109375
1 0.715625 0.4890625 0.06328125 0.04765625
1 0.3734375 0.60859375 0.11328125 0.06796875
1 0.3109375 0.471875 0.03515625 0.04453125
1 0.16953125 0.53984375 0.05234375 0.05546875
1 0.25 0.63359375 0.11484375 0.08125
1 0.33125 0.50703125 0.046875 0.05390625
1 0.66484375 0.5859375 0.0796875 0.0625
1 0.35234375 0.434375 0.0296875 0.03203125
1 0.50703125 0.5765625 0.06953125 0.04921875
1 0.61875 0.60625 0.08359375 0.06484375
1 0.29296875 0.45234375 0.03515625 0.04296875
1 0.94375 0.49140625 0.053125 0.0265625
1 0.265625 0.4828125 0.0296875 0.0375
1 0.375 0.39453125 0.021875 0.021875
1 0.76640625 0.36875 0.0296875 0.021875
1 0.33515625 0.425 0.02265625 0.0296875
1 0.7234375 0.63203125 0.0546875 0.071875
1 0.73984375 0.42421875 0.03125 0.03203125
1 0.3984375 0.39296875 0.01875 0.02109375
1 0.39140625 0.38203125 0.01640625 0.0203125
1 0.35 0.403125 0.01875 0.01640625