1 0.95703125 0.46484375 0.04453125 0.05703125
1 0.9375 0.48359375 0.05078125 0.06015625
1 0.89921875 0.5578125 0.06796875 0.09140625
1 0.79609375 0.446875 0.07421875 0.0625
4 0.85859375 0.475 0.0703125 0.09609375
2 0.94921875 0.82109375 0.08125 0.14140625
1 0.57421875 0.87734375 0.1765625 0.2453125
1 0.52265625 0.584375 0.1171875 0.15625
1 0.36328125 0.30625 0.03359375 0.0546875
0 0.3265625 0.296875 0.040625 0.08515625
0 0.434375 0.346875 0.0734375 0.11640625
1 0.3078125 0.37890625 0.04765625 0.07890625
1 0.37421875 0.41640625 0.05 0.071875
1 0.35625 0.496875 0.065625 0.1078125