1 0.178125 0.496875 0.096875 0.12890625
1 0.475 0.52421875 0.13125 0.1109375
1 0.1640625 0.40859375 0.05625 0.0796875
1 0.20078125 0.34453125 0.05 0.0546875
1 0.721875 0.31953125 0.0703125 0.04609375
1 0.17109375 0.3109375 0.05859375 0.04609375
1 0.2984375 0.27578125 0.03828125 0.034375
1 0.21171875 0.26875 0.0328125 0.0328125
1 0.6703125 0.2953125 0.03828125 0.0359375
1 0.92265625 0.40859375 0.0484375 0.05546875
1 0.828125 0.26015625 0.021875 0.021875
1 0.83984375 0.2796875 0.02109375 0.03046875
1 0.6875 0.27109375 0.02265625 0.03125
1 0.16015625 0.2609375 0.0359375 0.0375
1 0.13046875 0.2578125 0.02421875 0.03359375