1 0.64765625 0.7265625 0.15390625 0.2171875
1 0.50859375 0.27578125 0.059375 0.04609375
1 0.7140625 0.246875 0.02890625 0.0359375
1 0.8640625 0.1921875 0.02109375 0.021875
1 0.19375 0.22265625 0.03515625 0.03125
1 0.225 0.2328125 0.05859375 0.0421875
1 0.875 0.22578125 0.0234375 0.02890625
1 0.89765625 0.24375 0.0203125 0.03203125
1 0.89453125 0.19375 0.01796875 0.01875
0 0.90703125 0.31640625 0.18515625 0.15234375
1 0.01171875 0.20859375 0.0234375 0.0265625
1 0.1 0.2125 0.02421875 0.028125
1 0.16796875 0.26953125 0.0140625 0.0390625
1 0.26796875 0.23203125 0.03046875 0.03359375
1 0.28046875 0.2359375 0.009375 0.03203125
1 0.35234375 0.25546875 0.0375 0.0390625
1 0.34765625 0.23203125 0.03125 0.01640625