2 0.8953125 0.3765625 0.0296875 0.06875
1 0.88046875 0.6140625 0.121875 0.14453125
1 0.86171875 0.478125 0.10078125 0.1125
1 0.81875 0.40390625 0.0640625 0.07109375
1 0.84921875 0.21171875 0.02890625 0.03671875
1 0.80703125 0.23046875 0.0296875 0.03203125
1 0.7796875 0.22890625 0.0265625 0.034375
1 0.7703125 0.284375 0.03515625 0.04453125
1 0.71171875 0.2609375 0.0375 0.04453125
1 0.365625 0.4828125 0.1578125 0.11953125
1 0.87109375 0.26484375 0.0390625 0.04140625
4 0.68046875 0.5515625 0.1515625 0.1875