1 0.13359375 0.4203125 0.0796875 0.10703125
1 0.64375 0.665625 0.1328125 0.17421875
1 0.734375 0.90078125 0.171875 0.1984375
1 0.84609375 0.3984375 0.05859375 0.0671875
1 0.7921875 0.2765625 0.028125 0.03515625
1 0.7796875 0.22578125 0.025 0.0296875
1 0.8640625 0.1984375 0.0203125 0.01953125
1 0.19375 0.29921875 0.0625 0.0578125
1 0.33515625 0.2546875 0.034375 0.0390625
1 0.2515625 0.24453125 0.02890625 0.03203125
1 0.16796875 0.23671875 0.02734375 0.03046875
1 0.0828125 0.2265625 0.021875 0.03125