4 0.39765625 0.8859375 0.2640625 0.228125
1 0.7515625 0.92109375 0.1515625 0.1578125
4 0.31953125 0.32890625 0.06171875 0.06015625
1 0.62421875 0.62890625 0.10390625 0.1421875
1 0.92578125 0.5046875 0.0578125 0.0953125
1 0.78203125 0.48203125 0.09765625 0.09140625
1 0.8921875 0.40859375 0.0515625 0.04921875
1 0.28203125 0.36953125 0.07109375 0.078125
1 0.31484375 0.26875 0.0359375 0.0359375
1 0.8625 0.26875 0.02734375 0.03203125
1 0.14609375 0.2921875 0.0484375 0.04140625
1 0.790625 0.2296875 0.0203125 0.0203125
1 0.15078125 0.24921875 0.02578125 0.03125
1 0.23046875 0.25859375 0.0328125 0.034375
1 0.1796875 0.2515625 0.03984375 0.034375
1 0.20078125 0.25390625 0.0328125 0.034375
1 0.8578125 0.2125 0.01640625 0.01640625