1 0.47421875 0.30625 0.01171875 0.0125
1 0.478125 0.33359375 0.00859375 0.01171875
1 0.4515625 0.31015625 0.01640625 0.01796875
3 0.3609375 0.36484375 0.02734375 0.046875
1 0.46875 0.35546875 0.0140625 0.0203125
1 0.42890625 0.3171875 0.00859375 0.0125
1 0.42734375 0.371875 0.015625 0.02109375
1 0.3875 0.421875 0.02578125 0.03203125
1 0.4390625 0.321875 0.009375 0.01484375
1 0.3984375 0.36640625 0.01328125 0.01484375
1 0.48671875 0.309375 0.0109375 0.0125
1 0.415625 0.325 0.009375 0.0109375
1 0.39765625 0.46171875 0.0328125 0.03984375
1 0.40625 0.40546875 0.01953125 0.0265625
1 0.384375 0.38515625 0.01796875 0.02578125
1 0.4125 0.384375 0.01796875 0.021875
1 0.50859375 0.37265625 0.021875 0.03984375
3 0.2890625 0.4875 0.0921875 0.15390625
1 0.21796875 0.640625 0.08203125 0.1109375
1 0.45703125 0.35078125 0.01015625 0.015625
1 0.41953125 0.31328125 0.00703125 0.0125