3 0.9734375 0.87890625 0.053125 0.1875
3 0.765625 0.6203125 0.0890625 0.12265625
3 0.5703125 0.4546875 0.0671875 0.08359375
3 0.5265625 0.3859375 0.04296875 0.07578125
3 0.23046875 0.4890625 0.10234375 0.12890625
3 0.3875 0.365625 0.02578125 0.04765625
3 0.32421875 0.484375 0.046875 0.065625
1 0.665625 0.61875 0.0765625 0.10390625
1 0.54296875 0.58203125 0.06171875 0.08125
1 0.35625 0.56875 0.05703125 0.07890625
1 0.253125 0.59453125 0.078125 0.0859375
1 0.40234375 0.42265625 0.03125 0.04140625
1 0.4875 0.41953125 0.03046875 0.03359375
1 0.5640625 0.4015625 0.0203125 0.02890625
1 0.41328125 0.39375 0.02109375 0.02109375
1 0.2609375 0.89765625 0.12734375 0.17578125
1 0.640625 0.878125 0.12265625 0.21015625
1 0.79140625 0.771875 0.1203125 0.16875