1 0.61953125 0.815625 0.128125 0.1828125
1 0.78046875 0.80625 0.1203125 0.19375
3 0.07265625 0.83125 0.1453125 0.29375
1 0.93984375 0.8390625 0.1171875 0.21171875
3 0.6 0.4921875 0.0828125 0.09453125
3 0.54140625 0.39609375 0.04296875 0.06953125
3 0.271875 0.44609375 0.08671875 0.0953125
1 0.36015625 0.5765625 0.06484375 0.0890625
1 0.5875 0.428125 0.02734375 0.03671875
1 0.38515625 0.47421875 0.0359375 0.04921875
3 0.3953125 0.35859375 0.02421875 0.04296875
1 0.40859375 0.39921875 0.0234375 0.02890625
1 0.4953125 0.43984375 0.028125 0.04296875
1 0.3078125 0.50859375 0.0625 0.0765625
3 0.35234375 0.4390625 0.0453125 0.04921875
1 0.4765625 0.375 0.01796875 0.02578125
3 0.415625 0.375 0.0203125 0.02890625
1 0.49375 0.35859375 0.0140625 0.01796875
1 0.50703125 0.3515625 0.0125 0.01640625
1 0.46796875 0.35625 0.0109375 0.0171875
1 0.47890625 0.33984375 0.0125 0.0171875