3 0.70625 0.62421875 0.13359375 0.25234375
3 0.82109375 0.61484375 0.16953125 0.21328125
1 0.4625 0.334375 0.0109375 0.01484375
1 0.40625 0.3359375 0.00859375 0.01171875
1 0.48671875 0.3484375 0.0140625 0.01953125
1 0.3734375 0.496875 0.04296875 0.05390625
3 0.2921875 0.42578125 0.06015625 0.0890625
1 0.42578125 0.32421875 0.009375 0.01484375
1 0.41328125 0.325 0.009375 0.0125
1 0.31484375 0.68203125 0.0890625 0.11328125
1 0.48515625 0.40390625 0.021875 0.0296875
1 0.40390625 0.44765625 0.0296875 0.0375
1 0.37109375 0.40625 0.02421875 0.0296875
1 0.47734375 0.3375 0.0125 0.015625
1 0.54375 0.42890625 0.02578125 0.034375
1 0.43671875 0.32578125 0.0125 0.02109375
1 0.19375 0.93984375 0.15703125 0.11484375