1 0.55546875 0.615625 0.07421875 0.115625
1 0.36484375 0.53125 0.04921875 0.05703125
1 0.5046875 0.46484375 0.03515625 0.05234375
1 0.48203125 0.41015625 0.02265625 0.03359375
1 0.528125 0.35859375 0.01328125 0.01640625
1 0.065625 0.87109375 0.12890625 0.19296875
3 0.3125 0.47734375 0.06953125 0.10078125
1 0.478125 0.3734375 0.0171875 0.025
1 0.4265625 0.36796875 0.015625 0.02265625
3 0.3671875 0.4046875 0.03359375 0.05625
3 0.57734375 0.475 0.05078125 0.09765625
3 0.3484375 0.43359375 0.03125 0.046875
3 0.39921875 0.35859375 0.021875 0.03828125
1 0.55 0.44140625 0.02734375 0.0453125
1 0.5109375 0.35625 0.0109375 0.01953125
3 0.38125 0.34765625 0.01875 0.03515625
3 0.31796875 0.41171875 0.03828125 0.0625
3 0.3453125 0.38828125 0.02734375 0.040625
3 0.59453125 0.4296875 0.0328125 0.05546875
1 0.43125 0.33828125 0.0109375 0.01875
1 0.4203125 0.33359375 0.0109375 0.01953125
3 0.7671875 0.69453125 0.2609375 0.37734375