3 0.11796875 0.71640625 0.20234375 0.234375
3 0.32265625 0.45234375 0.08828125 0.128125
4 0.28046875 0.5375 0.078125 0.10859375
1 0.2375 0.92890625 0.1734375 0.1421875
3 0.3703125 0.35625 0.02890625 0.04765625
1 0.40703125 0.43359375 0.02734375 0.03203125
1 0.3953125 0.4046875 0.0234375 0.02265625
1 0.47578125 0.37578125 0.0203125 0.02109375
1 0.475 0.35703125 0.021875 0.02109375
1 0.4125 0.38828125 0.021875 0.0296875
1 0.3890625 0.378125 0.01875 0.02734375
1 0.4046875 0.3609375 0.021875 0.02734375
1 0.42890625 0.365625 0.0203125 0.0234375
3 0.5171875 0.3890625 0.02578125 0.034375