1 0.5921875 0.69296875 0.08671875 0.12890625
1 0.33984375 0.66640625 0.0828125 0.10859375
1 0.38046875 0.4953125 0.04375 0.053125
1 0.5046875 0.4828125 0.0390625 0.04921875
1 0.65625 0.5078125 0.0484375 0.06015625
1 0.58203125 0.4140625 0.03046875 0.03671875
1 0.48203125 0.39375 0.01875 0.02578125
1 0.49140625 0.36328125 0.01328125 0.02109375
3 0.05390625 0.85078125 0.1078125 0.29765625
3 0.221875 0.48515625 0.10546875 0.13046875
3 0.36640625 0.40390625 0.02890625 0.046875
3 0.53359375 0.39375 0.04453125 0.084375