3 0.765625 0.67734375 0.30625 0.44140625
3 0.06171875 0.85234375 0.1234375 0.29140625
3 0.26328125 0.45078125 0.075 0.1421875
3 0.3703125 0.3953125 0.0515625 0.12734375
1 0.303125 0.67578125 0.0859375 0.14375
1 0.484375 0.41875 0.046875 0.03828125
1 0.528125 0.53671875 0.065625 0.09765625
1 0.47265625 0.36953125 0.01640625 0.02578125
1 0.48046875 0.3859375 0.01640625 0.0234375
1 0.50859375 0.3859375 0.01484375 0.03359375
3 0.5609375 0.39140625 0.02890625 0.05
3 0.4921875 0.35078125 0.028125 0.03671875
1 0.41015625 0.42265625 0.025 0.046875