1 0.85078125 0.8953125 0.1671875 0.209375
1 0.55546875 0.621875 0.0671875 0.10234375
1 0.39296875 0.471875 0.034375 0.0390625
1 0.49140625 0.42109375 0.0234375 0.028125
1 0.48046875 0.3921875 0.01875 0.02265625
3 0.0140625 0.76796875 0.02734375 0.14140625
3 0.08359375 0.83046875 0.15703125 0.18671875
3 0.22890625 0.58203125 0.10078125 0.1578125
3 0.31484375 0.4796875 0.05703125 0.09140625
3 0.27734375 0.4484375 0.05078125 0.06328125
3 0.371875 0.39609375 0.04453125 0.07109375
3 0.3625 0.36171875 0.0296875 0.04609375
3 0.39453125 0.3375 0.01640625 0.03125
3 0.409375 0.3421875 0.01953125 0.02734375
3 0.5421875 0.4078125 0.05078125 0.07890625
3 0.509375 0.38203125 0.02578125 0.04375
1 0.4734375 0.375 0.02109375 0.021875