1 0.553125 0.62890625 0.06875 0.08984375
1 0.3859375 0.49921875 0.040625 0.05703125
1 0.48046875 0.38984375 0.01875 0.02578125
1 0.49765625 0.3703125 0.015625 0.021875
1 0.50625 0.4171875 0.025 0.03515625
1 0.49921875 0.434375 0.03125 0.040625
1 0.4671875 0.35859375 0.01171875 0.01796875
1 0.475 0.37109375 0.01640625 0.02265625
1 0.8796875 0.71015625 0.1453125 0.1375
3 0.63046875 0.51171875 0.1296875 0.21796875
3 0.20234375 0.50078125 0.10390625 0.14609375
3 0.34296875 0.42109375 0.053125 0.0890625