3 0.190625 0.4984375 0.13359375 0.165625
3 0.246875 0.5765625 0.0875 0.11328125
3 0.684375 0.4875 0.11796875 0.1171875
3 0.57890625 0.46328125 0.0609375 0.11015625
4 0.34375 0.45390625 0.05234375 0.046875
1 0.3671875 0.571875 0.0640625 0.0890625
1 0.271875 0.7703125 0.12578125 0.16875
1 0.7234375 0.89609375 0.15546875 0.2078125
1 0.47265625 0.36875 0.01953125 0.028125
1 0.39921875 0.34140625 0.01640625 0.0234375
1 0.5171875 0.38828125 0.034375 0.046875
1 0.48046875 0.34296875 0.02578125 0.0296875