1 0.4609375 0.60078125 0.0765625 0.09765625
1 0.41171875 0.54140625 0.05390625 0.06796875
1 0.4953125 0.459375 0.0359375 0.0484375
1 0.44453125 0.45 0.03125 0.0375
1 0.43125 0.42109375 0.025 0.03046875
1 0.584375 0.390625 0.01875 0.0203125
1 0.603125 0.37578125 0.0140625 0.01796875
1 0.50390625 0.41484375 0.025 0.03125
1 0.24140625 0.73203125 0.128125 0.18125
1 0.578125 0.3671875 0.0140625 0.0171875
3 0.44453125 0.38125 0.02578125 0.04140625
1 0.62578125 0.3703125 0.01484375 0.0171875
1 0.5171875 0.34609375 0.0109375 0.0140625
1 0.52890625 0.325 0.009375 0.01328125
1 0.53984375 0.3265625 0.009375 0.0140625
1 0.5734375 0.321875 0.009375 0.0125
1 0.59921875 0.33984375 0.0125 0.01640625
3 0.50078125 0.35625 0.0296875 0.0375