3 0.9390625 0.80703125 0.121875 0.30234375
3 0.2875 0.47578125 0.09296875 0.12890625
3 0.3546875 0.4140625 0.04609375 0.0703125
3 0.30390625 0.40078125 0.04296875 0.0390625
3 0.55234375 0.41328125 0.0515625 0.1015625
3 0.50546875 0.36875 0.02421875 0.03125
3 0.39921875 0.3546875 0.015625 0.034375
1 0.60703125 0.72734375 0.09609375 0.15
1 0.52265625 0.50859375 0.0453125 0.0640625
1 0.69453125 0.4953125 0.04609375 0.04765625
1 0.528125 0.47421875 0.04296875 0.05
1 0.4984375 0.428125 0.03046875 0.040625
1 0.40703125 0.41328125 0.025 0.0296875
1 0.421875 0.37578125 0.01953125 0.02421875
3 0.3921875 0.3671875 0.0203125 0.03359375
1 0.5109375 0.3890625 0.02265625 0.02578125
1 0.47578125 0.3734375 0.01875 0.01875
4 0.371875 0.51484375 0.04921875 0.065625
3 0.49140625 0.34375 0.021875 0.03359375
1 0.3796875 0.40078125 0.015625 0.02890625