1 0.45390625 0.58125 0.06171875 0.09296875
1 0.20390625 0.63125 0.08515625 0.1046875
1 0.46640625 0.42890625 0.02890625 0.034375
1 0.63125 0.41484375 0.025 0.03203125
1 0.58671875 0.41640625 0.02265625 0.0328125
1 0.5 0.44765625 0.0328125 0.04765625
1 0.51015625 0.4046875 0.025 0.02890625
1 0.48125 0.5 0.04296875 0.06328125
1 0.471875 0.37109375 0.015625 0.02109375
1 0.61796875 0.39296875 0.01953125 0.02578125
1 0.58359375 0.39453125 0.01953125 0.0234375
1 0.57890625 0.3671875 0.01640625 0.0234375
3 0.68671875 0.47265625 0.0609375 0.1
3 0.59453125 0.34765625 0.02109375 0.03515625
3 0.671875 0.3984375 0.04609375 0.06171875
3 0.49453125 0.36875 0.0234375 0.04453125
3 0.396875 0.478125 0.08203125 0.13671875
3 0.7734375 0.56640625 0.10234375 0.13359375
3 0.14765625 0.8296875 0.26640625 0.340625