1 0.32734375 0.59609375 0.06953125 0.07890625
1 0.49765625 0.45 0.03125 0.0453125
3 0.578125 0.478125 0.0453125 0.053125
3 0.3234375 0.39921875 0.04453125 0.075
3 0.1171875 0.6171875 0.125 0.14765625
1 0.23828125 0.9484375 0.1453125 0.103125
1 0.36953125 0.521875 0.05546875 0.06640625
3 0.94296875 0.7625 0.11328125 0.26484375
3 0.95859375 0.92578125 0.0828125 0.1484375
1 0.3953125 0.44453125 0.0296875 0.04296875
1 0.4140625 0.41328125 0.025 0.03125
1 0.38203125 0.390625 0.02265625 0.028125
1 0.409375 0.33203125 0.0109375 0.01328125
3 0.49140625 0.353125 0.01640625 0.02890625