3 0.26328125 0.5859375 0.10546875 0.10625
3 0.3734375 0.52421875 0.09453125 0.15390625
1 0.44609375 0.62421875 0.075 0.1
1 0.71953125 0.6375 0.090625 0.10703125
1 0.7390625 0.86171875 0.12421875 0.165625
3 0.7171875 0.45390625 0.04609375 0.0703125
1 0.49765625 0.4703125 0.03984375 0.04609375
1 0.45703125 0.42734375 0.03203125 0.03515625
1 0.434375 0.41328125 0.01875 0.03125
1 0.48984375 0.38125 0.0234375 0.02421875
3 0.60625 0.36796875 0.0296875 0.040625
1 0.50546875 0.43671875 0.03359375 0.0453125
1 0.5265625 0.3703125 0.01875 0.02265625
3 0.48359375 0.35390625 0.025 0.0375