1 0.590625 0.7203125 0.09765625 0.15234375
1 0.39921875 0.45078125 0.03046875 0.0359375
1 0.49609375 0.4328125 0.02578125 0.03359375
1 0.484375 0.40078125 0.02109375 0.0296875
1 0.47421875 0.38046875 0.0171875 0.025
3 0.5140625 0.3859375 0.02421875 0.0453125
3 0.1640625 0.71171875 0.1125 0.13359375
3 0.0609375 0.68125 0.121875 0.2390625
3 0.26015625 0.540625 0.084375 0.125
3 0.32578125 0.4578125 0.0515625 0.07734375
3 0.2859375 0.44140625 0.04453125 0.06171875
3 0.37578125 0.3890625 0.0375 0.05703125
3 0.55 0.41640625 0.05 0.08125