1 0.44921875 0.59140625 0.0703125 0.12265625
1 0.33984375 0.87734375 0.13515625 0.2296875
1 0.53046875 0.3546875 0.0140625 0.02109375
1 0.34765625 0.53359375 0.059375 0.06875
1 0.50078125 0.36640625 0.01640625 0.02421875
1 0.53671875 0.30703125 0.01953125 0.0171875
1 0.5765625 0.37421875 0.015625 0.021875
1 0.5109375 0.3515625 0.0125 0.0203125
1 0.52421875 0.30703125 0.01015625 0.01484375
1 0.56171875 0.39296875 0.01484375 0.01953125
1 0.4859375 0.47109375 0.04453125 0.05703125
1 0.571875 0.353125 0.0125 0.0171875
1 0.521875 0.38671875 0.02109375 0.03125
1 0.521875 0.34140625 0.01171875 0.01875
1 0.56484375 0.32421875 0.0171875 0.03046875
1 0.55390625 0.3125 0.0140625 0.021875
3 0.58671875 0.3359375 0.01875 0.0296875
1 0.50859375 0.42109375 0.02578125 0.03203125
1 0.496875 0.34140625 0.01484375 0.0234375
1 0.56875 0.453125 0.01328125 0.0234375
1 0.5328125 0.31640625 0.01484375 0.01953125
1 0.53203125 0.43046875 0.01328125 0.0234375
1 0.4375 0.403125 0.025 0.034375
1 0.47109375 0.4046875 0.0265625 0.034375
3 0.6375 0.39921875 0.03515625 0.0625
3 0.65625 0.43046875 0.0390625 0.0640625
3 0.1515625 0.76640625 0.28359375 0.4515625