1 0.471875 0.55859375 0.059375 0.06796875
1 0.621875 0.528125 0.04765625 0.0671875
1 0.60390625 0.44609375 0.03046875 0.03984375
1 0.5125 0.41171875 0.021875 0.03046875
1 0.3953125 0.434375 0.03828125 0.0453125
1 0.50546875 0.37109375 0.01640625 0.02265625
1 0.26953125 0.58828125 0.07109375 0.0859375
1 0.525 0.37109375 0.0171875 0.02265625
1 0.48984375 0.3546875 0.0140625 0.02421875
3 0.875 0.6828125 0.21640625 0.3125
3 0.73828125 0.44765625 0.07890625 0.096875
3 0.45546875 0.41015625 0.053125 0.1
3 0.625 0.390625 0.028125 0.03984375