3 0.53046875 0.40078125 0.03359375 0.05
3 0.36875 0.390625 0.0390625 0.0640625
3 0.6765625 0.5734375 0.1484375 0.2625
1 0.584375 0.4890625 0.03984375 0.05625
1 0.49375 0.428125 0.0265625 0.0328125
1 0.334375 0.61328125 0.0734375 0.0890625
1 0.55546875 0.45390625 0.0328125 0.04140625
3 0.50625 0.36328125 0.0265625 0.04453125
1 0.46875 0.359375 0.0140625 0.0234375
1 0.49140625 0.35390625 0.01171875 0.01953125
1 0.5046875 0.46328125 0.03359375 0.04921875
1 0.47890625 0.384375 0.01953125 0.02578125
1 0.47421875 0.3296875 0.0140625 0.02265625
4 0.6890625 0.884375 0.14296875 0.225
1 0.4921875 0.33984375 0.01015625 0.0203125
1 0.5765625 0.64453125 0.07578125 0.11328125
1 0.3859375 0.46796875 0.0359375 0.0453125
3 0.0734375 0.884375 0.1453125 0.215625