1 0.54453125 0.59765625 0.065625 0.09921875
1 0.37265625 0.54453125 0.05078125 0.06171875
1 0.37109375 0.46484375 0.03671875 0.0421875
1 0.396875 0.43828125 0.0296875 0.03828125
1 0.40859375 0.4046875 0.02109375 0.025
3 0.7015625 0.66953125 0.08359375 0.10703125
1 0.42265625 0.38515625 0.01796875 0.021875
1 0.46640625 0.35 0.01328125 0.01875
1 0.3921875 0.37578125 0.01640625 0.01953125
1 0.028125 0.96640625 0.0546875 0.065625
3 0.5 0.36796875 0.021875 0.0265625
1 0.47578125 0.33125 0.0078125 0.0109375
1 0.41484375 0.3265625 0.009375 0.0125
3 0.190625 0.61875 0.18359375 0.246875
3 0.24375 0.47578125 0.06796875 0.07421875
3 0.3484375 0.3765625 0.0375 0.059375
1 0.49375 0.3546875 0.01484375 0.01796875
3 0.428125 0.321875 0.01015625 0.01484375
3 0.5046875 0.3453125 0.0125 0.0203125