1 0.2890625 0.78671875 0.13046875 0.18515625
1 0.609375 0.5953125 0.0796875 0.10546875
1 0.8453125 0.62109375 0.0828125 0.0859375
1 0.5875 0.68828125 0.0984375 0.1484375
1 0.6609375 0.20234375 0.0140625 0.00078125
1 0.51875 0.47734375 0.03984375 0.059375
1 0.52109375 0.40625 0.02265625 0.03046875
1 0.4140625 0.390625 0.01796875 0.02421875
1 0.47265625 0.3671875 0.01640625 0.0203125
1 0.4265625 0.36484375 0.01484375 0.02109375
1 0.48203125 0.396875 0.02109375 0.03515625
4 0.396875 0.44453125 0.03125 0.04375
1 0.49453125 0.35859375 0.01953125 0.02421875
1 0.48125 0.34375 0.01015625 0.01796875
3 0.32578125 0.440625 0.053125 0.09609375
3 0.36875 0.39140625 0.0359375 0.05390625
3 0.58125 0.446875 0.0734375 0.11640625
3 0.39765625 0.3578125 0.03515625 0.04296875
3 0.51484375 0.37734375 0.03359375 0.040625
1 0.5390625 0.4234375 0.02734375 0.04296875