3 0.5375 0.384375 0.03671875 0.0453125
3 0.49609375 0.3546875 0.0265625 0.0359375
3 0.38046875 0.3796875 0.0359375 0.05234375
1 0.2796875 0.8203125 0.12265625 0.15078125
1 0.490625 0.39921875 0.02265625 0.025
1 0.52421875 0.365625 0.01484375 0.01875
1 0.4765625 0.36953125 0.015625 0.021875
1 0.41796875 0.3796875 0.015625 0.0203125
1 0.40546875 0.36328125 0.01484375 0.01640625
1 0.46640625 0.35703125 0.01328125 0.01640625
1 0.42265625 0.3359375 0.00859375 0.0109375
1 0.46484375 0.3421875 0.009375 0.01484375