1 0.73515625 0.56328125 0.0578125 0.07734375
1 0.47109375 0.3671875 0.01640625 0.02109375
1 0.41875 0.3703125 0.01796875 0.02109375
1 0.48515625 0.3515625 0.0125 0.01875
1 0.53359375 0.54453125 0.05078125 0.078125
1 0.48671875 0.39921875 0.021875 0.0296875
1 0.51328125 0.48046875 0.040625 0.0578125
1 0.496875 0.434375 0.02890625 0.040625
1 0.46953125 0.31015625 0.0171875 0.01953125
1 0.4109375 0.42890625 0.025 0.03515625
3 0.58671875 0.459375 0.06796875 0.12265625
1 0.43828125 0.39140625 0.0140625 0.01953125
1 0.4375 0.3234375 0.0109375 0.0234375
1 0.5234375 0.4203125 0.02734375 0.03203125
1 0.50390625 0.3734375 0.015625 0.02109375
1 0.421875 0.3328125 0.01171875 0.01953125
3 0.1828125 0.6125 0.1234375 0.1671875
3 0.77421875 0.7296875 0.19765625 0.26484375
1 0.37890625 0.4 0.02109375 0.02890625
1 0.52421875 0.36640625 0.015625 0.02109375
1 0.47734375 0.4421875 0.0234375 0.0328125
1 0.41328125 0.39921875 0.021875 0.02734375
3 0.32421875 0.40234375 0.0453125 0.06171875
1 0.36328125 0.42421875 0.02578125 0.03203125
3 0.2953125 0.4984375 0.06328125 0.1078125
1 0.4109375 0.32421875 0.0140625 0.015625
3 0.4953125 0.334375 0.01328125 0.0203125