3 0.9640625 0.73828125 0.07109375 0.1734375
3 0.10546875 0.825 0.21015625 0.35
3 0.646875 0.42109375 0.04140625 0.059375
3 0.6328125 0.39375 0.0390625 0.04921875
3 0.4640625 0.4 0.03125 0.06171875
3 0.42734375 0.409375 0.0296875 0.0421875
3 0.63828125 0.359375 0.03203125 0.02890625
3 0.58515625 0.33359375 0.025 0.03515625
3 0.49609375 0.3421875 0.0171875 0.02265625
1 0.43671875 0.6375 0.078125 0.1203125
1 0.31015625 0.57109375 0.0671875 0.08125
1 0.47890625 0.49140625 0.046875 0.071875
1 0.50625 0.42890625 0.0265625 0.03359375
1 0.5203125 0.39453125 0.02265625 0.0296875
1 0.60625 0.37890625 0.01640625 0.0203125
1 0.4984375 0.37265625 0.0140625 0.015625
1 0.509375 0.353125 0.0140625 0.0140625
1 0.56953125 0.35 0.01484375 0.01640625