3 0.0875 0.63359375 0.17421875 0.27421875
3 0.309375 0.41640625 0.03359375 0.05625
3 0.3453125 0.4359375 0.03828125 0.065625
3 0.68203125 0.6 0.128125 0.153125
3 0.40234375 0.35 0.01953125 0.0359375
3 0.52109375 0.37890625 0.0359375 0.0703125
3 0.4015625 0.42421875 0.03046875 0.0546875
1 0.30234375 0.7390625 0.09921875 0.13203125
1 0.66796875 0.82109375 0.12421875 0.1890625
1 0.51953125 0.49140625 0.040625 0.0609375
1 0.590625 0.4375 0.03125 0.03984375
1 0.41484375 0.39453125 0.0203125 0.028125
3 0.38828125 0.38828125 0.01796875 0.0265625
1 0.48671875 0.42109375 0.0265625 0.03125
3 0.55546875 0.3890625 0.02265625 0.03046875
3 0.39609375 0.4703125 0.03671875 0.0625
3 0.47734375 0.33046875 0.01171875 0.0203125
1 0.47578125 0.37421875 0.01484375 0.0203125
3 0.4953125 0.34921875 0.0109375 0.01875
3 0.47890625 0.34140625 0.01171875 0.01640625
3 0.49453125 0.33359375 0.009375 0.0125
3 0.46796875 0.353125 0.0109375 0.015625
3 0.4859375 0.35546875 0.01171875 0.015625
3 0.52421875 0.31015625 0.028125 0.01953125
3 0.46953125 0.3140625 0.01484375 0.02421875
3 0.42578125 0.30546875 0.021875 0.02734375
3 0.434375 0.34375 0.0109375 0.0234375
3 0.4390625 0.38984375 0.01328125 0.02578125