1 0.3046875 0.78203125 0.10078125 0.1234375
1 0.55546875 0.6046875 0.06328125 0.09765625
1 0.59765625 0.528125 0.0515625 0.0703125
1 0.4984375 0.45703125 0.0328125 0.04609375
1 0.478125 0.38515625 0.0171875 0.02265625
1 0.41328125 0.3828125 0.01875 0.02578125
1 0.4125 0.4140625 0.02421875 0.03828125
1 0.4703125 0.36640625 0.01484375 0.025
3 0.73984375 0.559375 0.09765625 0.1515625
3 0.203125 0.62734375 0.13125 0.15703125
3 0.196875 0.51796875 0.0828125 0.08203125
3 0.34296875 0.42890625 0.05625 0.0921875
3 0.51953125 0.38046875 0.0328125 0.05859375
3 0.346875 0.36796875 0.03671875 0.0390625
3 0.4046875 0.3515625 0.01875 0.03046875