1 0.88359375 0.72421875 0.09921875 0.14765625
1 0.3734375 0.4078125 0.03125 0.04453125
1 0.41796875 0.4046875 0.02578125 0.05546875
1 0.5375 0.36796875 0.02421875 0.0453125
1 0.47109375 0.36953125 0.0203125 0.06015625
1 0.48984375 0.4046875 0.0234375 0.0671875
1 0.55078125 0.4296875 0.03515625 0.07734375
1 0.503125 0.4578125 0.0359375 0.08125
1 0.52734375 0.5296875 0.04921875 0.1015625
1 0.56640625 0.63984375 0.06953125 0.14453125
3 0.33359375 0.3890625 0.06796875 0.0671875
3 0.32890625 0.4625 0.0578125 0.09609375
3 0.4109375 0.33984375 0.03359375 0.0640625
3 0.2578125 0.5234375 0.07734375 0.15625
3 0.6203125 0.5 0.09921875 0.15625
3 0.87890625 0.8796875 0.2421875 0.23984375