1 0.53671875 0.5609375 0.0609375 0.0796875
1 0.64765625 0.5921875 0.07109375 0.09453125
1 0.6109375 0.7828125 0.1015625 0.159375
1 0.34921875 0.59609375 0.06171875 0.08359375
1 0.3984375 0.4296875 0.02890625 0.03828125
1 0.23359375 0.62109375 0.08203125 0.09375
1 0.75859375 0.725 0.10625 0.140625
1 0.48828125 0.4140625 0.0234375 0.0375
1 0.55859375 0.39921875 0.0203125 0.02890625
1 0.4109375 0.39453125 0.02109375 0.028125
1 0.21328125 0.96328125 0.17578125 0.0671875
4 0.74296875 0.59375 0.0765625 0.09609375
1 0.4734375 0.36953125 0.0171875 0.025
3 0.9484375 0.8265625 0.103125 0.1796875
3 0.3875 0.36640625 0.02890625 0.0453125
3 0.565625 0.44609375 0.05234375 0.078125
3 0.31875 0.49375 0.04765625 0.0671875
3 0.21640625 0.49765625 0.10703125 0.13671875