1 0.515625 0.4921875 0.04296875 0.06171875
1 0.5546875 0.60078125 0.0640625 0.1046875
1 0.57734375 0.46484375 0.0390625 0.04921875
1 0.5 0.43125 0.03125 0.0421875
1 0.7453125 0.57890625 0.046875 0.08046875
1 0.4203125 0.3890625 0.01953125 0.02734375
1 0.38203125 0.39453125 0.02109375 0.0265625
1 0.634375 0.81796875 0.1140625 0.1859375
1 0.4890625 0.40078125 0.01953125 0.02578125
1 0.54375 0.384375 0.01875 0.02578125
3 0.51640625 0.3796875 0.0234375 0.04765625
1 0.475 0.3765625 0.01796875 0.0265625
1 0.490625 0.35859375 0.01328125 0.01953125
1 0.39140625 0.37890625 0.01640625 0.02421875
1 0.49921875 0.3390625 0.015625 0.02265625
3 0.3453125 0.42890625 0.03984375 0.0734375
3 0.30703125 0.47734375 0.0609375 0.0859375
3 0.671875 0.56328125 0.1203125 0.21328125