1 0.334375 0.89140625 0.140625 0.2171875
1 0.43671875 0.625 0.06953125 0.11640625
1 0.4796875 0.50390625 0.04453125 0.06328125
1 0.22578125 0.60703125 0.06171875 0.09453125
1 0.4140625 0.475 0.04375 0.04921875
1 0.496875 0.43828125 0.03359375 0.040625
1 0.615625 0.39296875 0.02109375 0.02421875
3 0.48359375 0.38125 0.028125 0.0546875
1 0.51171875 0.4046875 0.021875 0.02578125
1 0.57890625 0.3859375 0.01796875 0.02734375
3 0.6859375 0.46796875 0.05546875 0.07890625
3 0.65234375 0.4234375 0.040625 0.0703125
3 0.31015625 0.58046875 0.13515625 0.23515625