3 0.5890625 0.4703125 0.06953125 0.08984375
3 0.328125 0.659375 0.08984375 0.1421875
3 0.5109375 0.36875 0.03515625 0.06171875
3 0.309375 0.5015625 0.065625 0.09609375
3 0.26796875 0.45390625 0.05625 0.075
3 0.396875 0.35859375 0.02578125 0.0421875
3 0.559375 0.40234375 0.0265625 0.03125
1 0.54140625 0.5296875 0.053125 0.06640625
1 0.496875 0.425 0.0296875 0.03359375
1 0.40234375 0.4296875 0.03046875 0.034375
1 0.47734375 0.3890625 0.021875 0.02421875
0 0.37578125 0.50390625 0.0578125 0.09296875