1 0.61875 0.4171875 0.04375 0.06015625
1 0.50078125 0.43359375 0.04453125 0.05703125
1 0.41796875 0.38984375 0.02578125 0.05625
1 0.3921875 0.45859375 0.03203125 0.0671875
1 0.52734375 0.503125 0.04375 0.09296875
1 0.36875 0.403125 0.03125 0.0984375
1 0.28984375 0.403125 0.046875 0.14296875
3 0.32734375 0.45390625 0.06015625 0.1296875
3 0.21796875 0.4578125 0.1 0.109375
3 0.16328125 0.5921875 0.18671875 0.259375
3 0.790625 0.5921875 0.12734375 0.2421875
4 0.2765625 0.7625 0.13203125 0.221875
3 0.5375 0.39375 0.06015625 0.10625