1 0.20859375 0.95234375 0.15546875 0.0953125
3 0.22734375 0.58828125 0.10546875 0.14453125
3 0.265625 0.4640625 0.0609375 0.09765625
3 0.31015625 0.4921875 0.04375 0.06484375
3 0.33828125 0.44296875 0.0453125 0.07890625
3 0.615625 0.49453125 0.09296875 0.16328125
3 0.540625 0.42734375 0.03125 0.06953125
3 0.57109375 0.39921875 0.0265625 0.05703125
3 0.365625 0.40859375 0.03046875 0.05234375
3 0.390625 0.36953125 0.025 0.05234375
3 0.37578125 0.353125 0.02109375 0.0390625
1 0.53984375 0.55703125 0.05 0.07890625
1 0.41953125 0.390625 0.01796875 0.028125
1 0.50625 0.46484375 0.0359375 0.0515625
1 0.48828125 0.41328125 0.02421875 0.034375
1 0.47890625 0.38515625 0.02109375 0.02578125
3 0.4921875 0.34609375 0.02265625 0.0375
1 0.4703125 0.3609375 0.0171875 0.0171875