1 0.52109375 0.50546875 0.0484375 0.06953125
4 0.56328125 0.62734375 0.0703125 0.11640625
1 0.5875 0.47578125 0.0421875 0.04921875
1 0.503125 0.4390625 0.03359375 0.0421875
1 0.7765625 0.6078125 0.06171875 0.09375
1 0.384375 0.39296875 0.02109375 0.02421875
1 0.66484375 0.89140625 0.1359375 0.209375
1 0.4203125 0.38671875 0.01875 0.028125
1 0.48984375 0.40546875 0.0203125 0.025
1 0.47578125 0.3796875 0.01875 0.02421875
3 0.51875 0.3828125 0.0234375 0.04609375
1 0.54609375 0.38671875 0.01875 0.0265625
1 0.4921875 0.359375 0.01328125 0.01875
1 0.42578125 0.36015625 0.0140625 0.01484375
1 0.3921875 0.37578125 0.015625 0.021875
3 0.34765625 0.42421875 0.03984375 0.0671875
3 0.3140625 0.46875 0.05546875 0.0796875
3 0.6890625 0.58515625 0.12734375 0.23203125