3 0.9265625 0.72421875 0.146875 0.384375
3 0.3640625 0.39609375 0.0359375 0.05859375
3 0.49140625 0.35078125 0.01640625 0.02890625
1 0.40859375 0.40546875 0.02109375 0.02421875
1 0.40234375 0.3765625 0.01640625 0.021875
1 0.48203125 0.37890625 0.01796875 0.02109375
1 0.528125 0.36796875 0.021875 0.03671875
1 0.4703125 0.35703125 0.01171875 0.0171875
1 0.5171875 0.35703125 0.0140625 0.0171875
1 0.465625 0.3484375 0.01015625 0.0140625
1 0.50546875 0.34453125 0.0125 0.0171875
1 0.4203125 0.340625 0.0109375 0.01171875