3 0.16328125 0.70859375 0.1203125 0.165625
1 0.28671875 0.7875 0.12890625 0.15625
1 0.38203125 0.48125 0.05 0.06953125
1 0.51484375 0.4984375 0.0546875 0.07578125
1 0.603125 0.78359375 0.1234375 0.23359375
3 0.60390625 0.51875 0.06640625 0.11328125
3 0.6046875 0.42890625 0.05703125 0.0796875
3 0.871875 0.80390625 0.253125 0.39140625
1 0.4828125 0.4203125 0.03359375 0.04140625
1 0.56875 0.4546875 0.0390625 0.06640625
3 0.33125 0.40078125 0.03515625 0.0546875
3 0.32421875 0.45625 0.0484375 0.084375
3 0.35703125 0.415625 0.025 0.046875
3 0.3734375 0.3953125 0.028125 0.046875
3 0.35234375 0.38046875 0.0234375 0.03828125
3 0.3828125 0.34296875 0.02890625 0.0421875
3 0.49921875 0.359375 0.02890625 0.05546875
1 0.42890625 0.3625 0.01953125 0.02734375
1 0.5328125 0.36796875 0.01953125 0.025