1 0.6109375 0.7515625 0.10234375 0.15859375
1 0.54609375 0.575 0.06015625 0.0953125
1 0.51171875 0.48203125 0.0453125 0.06171875
1 0.71796875 0.553125 0.03984375 0.0703125
1 0.56875 0.45859375 0.0390625 0.0453125
1 0.4984375 0.42578125 0.03046875 0.03828125
1 0.38125 0.396875 0.021875 0.02890625
1 0.53984375 0.38046875 0.01953125 0.0265625
1 0.41875 0.3921875 0.01875 0.03125
1 0.4875 0.39765625 0.01953125 0.0265625
1 0.48984375 0.35703125 0.0125 0.01953125
1 0.38984375 0.38046875 0.0171875 0.02421875
1 0.47421875 0.375 0.01796875 0.02578125
3 0.65625 0.5421875 0.11015625 0.1921875
3 0.2953125 0.48515625 0.059375 0.08203125
3 0.3421875 0.43359375 0.03984375 0.07578125
3 0.5140625 0.3765625 0.021875 0.04453125