1 0.31875 0.6578125 0.0859375 0.10859375
1 0.38203125 0.48125 0.03828125 0.05078125
4 0.64921875 0.790625 0.1171875 0.2015625
1 0.5640625 0.61328125 0.0640625 0.10625
3 0.66640625 0.5546875 0.13984375 0.2421875
3 0.36328125 0.396875 0.03671875 0.071875
3 0.52890625 0.4015625 0.03046875 0.04921875
3 0.3875 0.371875 0.0296875 0.0359375
3 0.4140625 0.39765625 0.01953125 0.0328125
1 0.57890625 0.48359375 0.03203125 0.05078125
1 0.50546875 0.45859375 0.02265625 0.04375
1 0.55390625 0.44609375 0.0328125 0.04296875
1 0.49296875 0.425 0.01953125 0.03359375
3 0.5046875 0.3625 0.02578125 0.04609375
1 0.478125 0.38046875 0.01796875 0.03125
1 0.42265625 0.36796875 0.01796875 0.02265625