1 0.10546875 0.7890625 0.11875 0.13125
1 0.31171875 0.71484375 0.0875 0.10859375
1 0.3234375 0.56796875 0.059375 0.06484375
1 0.5796875 0.69296875 0.07890625 0.1125
1 0.50859375 0.4859375 0.0421875 0.05546875
1 0.57734375 0.42578125 0.028125 0.034375
1 0.553125 0.43828125 0.03125 0.0390625
1 0.49921875 0.44765625 0.0296875 0.03515625
1 0.515625 0.38515625 0.01953125 0.0265625
1 0.47578125 0.37421875 0.015625 0.0234375
1 0.4859375 0.41796875 0.02421875 0.03125
1 0.4828125 0.39765625 0.01953125 0.02265625
3 0.65859375 0.55703125 0.0890625 0.15703125
3 0.796875 0.646875 0.1109375 0.11328125
3 0.29765625 0.440625 0.0375 0.0515625
3 0.39453125 0.36796875 0.01796875 0.0328125