3 0.86328125 0.85 0.2734375 0.29921875
1 0.53359375 0.56015625 0.05625 0.10859375
3 0.0640625 0.59375 0.065625 0.07109375
3 0.1359375 0.6671875 0.265625 0.29296875
3 0.1578125 0.48515625 0.17109375 0.1296875
1 0.42890625 0.35703125 0.01328125 0.021875
1 0.54296875 0.37734375 0.025 0.0421875
1 0.49921875 0.36328125 0.01953125 0.03359375
1 0.47265625 0.35859375 0.01796875 0.02578125
1 0.375 0.38984375 0.02109375 0.04609375
1 0.41875 0.39375 0.02421875 0.02890625
3 0.39453125 0.35390625 0.028125 0.06015625