3 0.7109375 0.503125 0.1171875 0.17421875
3 0.33359375 0.43203125 0.0609375 0.09296875
3 0.51484375 0.3546875 0.02265625 0.03203125
3 0.48671875 0.3421875 0.0203125 0.0265625
3 0.4015625 0.33984375 0.01328125 0.0203125
1 0.38984375 0.4046875 0.02421875 0.0265625
1 0.38359375 0.48515625 0.03671875 0.04140625
1 0.584375 0.66640625 0.0859375 0.1265625
1 0.47578125 0.36015625 0.0171875 0.0234375
3 0.41328125 0.32109375 0.009375 0.0171875
3 0.421875 0.32578125 0.0109375 0.0203125
1 0.415625 0.34609375 0.01328125 0.01640625