1 0.465625 0.3453125 0.01171875 0.0171875
1 0.3890625 0.3796875 0.01640625 0.01953125
3 0.340625 0.38359375 0.03515625 0.05859375
1 0.4734375 0.3078125 0.0125 0.01328125
1 0.40859375 0.3171875 0.01171875 0.01484375
1 0.4265625 0.31953125 0.009375 0.0140625
1 0.3890625 0.45859375 0.034375 0.04375
3 0.11015625 0.75546875 0.21640625 0.38203125
1 0.51875 0.5171875 0.046875 0.065625
1 0.48671875 0.34921875 0.01171875 0.015625
1 0.63671875 0.565625 0.0578125 0.07578125
1 0.359375 0.496875 0.04296875 0.05
1 0.41953125 0.3953125 0.01953125 0.025
1 0.47421875 0.328125 0.00859375 0.01171875
1 0.346875 0.625 0.06875 0.08203125
1 0.40390625 0.41484375 0.0234375 0.02890625
1 0.46640625 0.42734375 0.009375 0.0171875
3 0.21171875 0.51640625 0.07421875 0.1078125
1 0.49609375 0.359375 0.01875 0.028125
1 0.45703125 0.309375 0.015625 0.01640625
1 0.4125 0.32890625 0.00859375 0.0109375
1 0.4640625 0.40859375 0.01328125 0.025
1 0.4390625 0.390625 0.0140625 0.025
1 0.36640625 0.34375 0.015625 0.01796875
1 0.4390625 0.32734375 0.0109375 0.015625
1 0.4875 0.30703125 0.01015625 0.01171875
1 0.36796875 0.4078125 0.0234375 0.03515625
1 0.5046875 0.34765625 0.01015625 0.0140625
1 0.515625 0.30546875 0.01484375 0.0140625
1 0.49375 0.29765625 0.01953125 0.0125
1 0.4796875 0.4375 0.025 0.0296875
1 0.40859375 0.403125 0.0109375 0.01640625
1 0.403125 0.3890625 0.0109375 0.0140625
1 0.521875 0.3171875 0.021875 0.01875
1 0.49140625 0.47578125 0.01640625 0.0390625