1 0.35625 0.596875 0.06640625 0.07890625
1 0.36328125 0.484375 0.040625 0.04921875
1 0.52578125 0.5390625 0.0515625 0.075
1 0.42109375 0.39296875 0.01953125 0.025
1 0.39140625 0.4515625 0.0328125 0.0421875
1 0.40546875 0.41015625 0.02421875 0.0296875
1 0.653125 0.58984375 0.06328125 0.08671875
1 0.38984375 0.378125 0.01640625 0.01875
1 0.3703125 0.40390625 0.0234375 0.0328125
3 0.1234375 0.69609375 0.2359375 0.3203125
3 0.2203125 0.50078125 0.0671875 0.09375
3 0.3421875 0.38046875 0.0359375 0.05703125