1 0.65 0.58984375 0.06171875 0.075
1 0.6390625 0.49921875 0.04375 0.04921875
1 0.771875 0.60703125 0.06796875 0.0765625
1 0.47890625 0.52421875 0.05078125 0.06640625
1 0.35390625 0.88984375 0.1234375 0.19140625
1 0.39765625 0.44921875 0.03671875 0.04296875
1 0.49453125 0.46640625 0.03671875 0.0484375
1 0.42890625 0.4625 0.0359375 0.04765625
1 0.478125 0.39296875 0.02109375 0.028125
1 0.68828125 0.42578125 0.03203125 0.0453125
1 0.52265625 0.378125 0.0171875 0.02578125
1 0.51484375 0.40625 0.02265625 0.025
1 0.478125 0.35859375 0.01953125 0.02734375
3 0.07421875 0.8 0.1484375 0.19453125
3 0.27890625 0.64375 0.13671875 0.24140625