1 0.56640625 0.67890625 0.084375 0.11015625
1 0.38984375 0.48359375 0.0359375 0.05
1 0.41953125 0.3859375 0.01953125 0.02890625
1 0.50703125 0.425 0.0265625 0.04140625
1 0.4984375 0.3734375 0.015625 0.0203125
1 0.48203125 0.39453125 0.0203125 0.0265625
1 0.4671875 0.36015625 0.01171875 0.01875
3 0.64140625 0.53125 0.1421875 0.2421875
3 0.21640625 0.49296875 0.096875 0.140625
3 0.3484375 0.41875 0.05078125 0.08125
3 0.5390625 0.378125 0.02578125 0.04140625
1 0.9234375 0.76796875 0.153125 0.1609375