1 0.6234375 0.5421875 0.06640625 0.0875
1 0.52578125 0.52890625 0.05078125 0.07421875
1 0.6921875 0.5359375 0.0625 0.0734375
1 0.56640625 0.6609375 0.084375 0.12109375
1 0.32578125 0.471875 0.03671875 0.04453125
1 0.540625 0.41875 0.02734375 0.03515625
1 0.38515625 0.48359375 0.0390625 0.046875
1 0.50078125 0.475 0.0375 0.05
1 0.39765625 0.4328125 0.03125 0.0328125
1 0.3359375 0.40390625 0.02734375 0.03515625
1 0.5078125 0.38046875 0.0171875 0.02265625
1 0.48125 0.39140625 0.02109375 0.0265625
1 0.50078125 0.41171875 0.021875 0.02890625
1 0.528125 0.36328125 0.02109375 0.02890625