1 0.4234375 0.66328125 0.078125 0.125
1 0.4671875 0.53828125 0.05234375 0.08125
1 0.49296875 0.46796875 0.03671875 0.05078125
1 0.0546875 0.7875 0.10859375 0.159375
1 0.44609375 0.4453125 0.034375 0.040625
1 0.50546875 0.41796875 0.02890625 0.0359375
1 0.62265625 0.4046875 0.0234375 0.0265625
1 0.5828125 0.4015625 0.0203125 0.028125
1 0.31953125 0.5171875 0.025 0.05234375
1 0.465625 0.37734375 0.01875 0.0234375
1 0.61328125 0.384375 0.01640625 0.02265625
3 0.72890625 0.51015625 0.0765625 0.11015625
3 0.66640625 0.44765625 0.05390625 0.08671875
3 0.4890625 0.37265625 0.021875 0.04453125
3 0.37109375 0.5125 0.09296875 0.165625
3 0.66015625 0.3890625 0.0421875 0.05546875
3 0.59375 0.3421875 0.021875 0.03125
3 0.0796875 0.91328125 0.159375 0.16875