1 0.02265625 0.7734375 0.0453125 0.1953125
1 0.26953125 0.53046875 0.1140625 0.09453125
1 0.5984375 0.39609375 0.065625 0.08125
1 0.628125 0.36484375 0.075 0.08359375
1 0.0921875 0.70078125 0.1734375 0.184375
1 0.5140625 0.3296875 0.05859375 0.06328125
1 0.56015625 0.31171875 0.05625 0.0625
1 0.51171875 0.49609375 0.10546875 0.1015625
1 0.2203125 0.6390625 0.16953125 0.1953125
1 0.35625 0.48046875 0.090625 0.08515625
1 0.44296875 0.54453125 0.10625 0.11640625
1 0.3546875 0.5890625 0.13046875 0.1375
1 0.8328125 0.565625 0.11875 0.1234375
1 0.86171875 0.465625 0.1046875 0.1140625
1 0.7046875 0.46640625 0.10625 0.1140625
1 0.7984375 0.2890625 0.06640625 0.07109375
1 0.53984375 0.44140625 0.09453125 0.10390625
1 0.65 0.3328125 0.08671875 0.08671875
1 0.4109375 0.44140625 0.090625 0.08828125
1 0.75078125 0.6703125 0.1625 0.165625