1 0.48515625 0.8625 0.11796875 0.1015625
1 0.24140625 0.92578125 0.13125 0.121875
1 0.62421875 0.6828125 0.0765625 0.08515625
1 0.2328125 0.828125 0.121875 0.10703125
1 0.66640625 0.6109375 0.065625 0.07421875
1 0.353125 0.7234375 0.10390625 0.08828125
1 0.5328125 0.66328125 0.0953125 0.0921875
1 0.37421875 0.81328125 0.11171875 0.1109375
1 0.56015625 0.7671875 0.08984375 0.10078125
1 0.45703125 0.63828125 0.08984375 0.0828125
1 0.47890625 0.73671875 0.0796875 0.103125
1 0.09609375 0.5515625 0.1046875 0.0765625
1 0.1046875 0.91015625 0.14765625 0.11640625
1 0.73515625 0.5359375 0.059375 0.07734375
1 0.28671875 0.68984375 0.10390625 0.09375
1 0.14765625 0.7984375 0.13046875 0.11171875
1 0.44609375 0.56640625 0.07890625 0.071875
1 0.77421875 0.47890625 0.0578125 0.059375
1 0.3734375 0.628125 0.0875 0.07578125
1 0.521875 0.57734375 0.07890625 0.07890625
1 0.63359375 0.47890625 0.0703125 0.0609375
1 0.02265625 0.5828125 0.0453125 0.07578125
1 0.59921875 0.59375 0.071875 0.0765625
1 0.46875 0.97109375 0.1078125 0.05546875
1 0.809375 0.43515625 0.0546875 0.05390625
1 0.521875 0.50234375 0.06640625 0.0578125
1 0.57578125 0.52109375 0.0703125 0.06875
1 0.8359375 0.38828125 0.053125 0.05625
1 0.721875 0.4515625 0.0671875 0.0734375
1 0.7546875 0.4015625 0.05078125 0.05390625
1 0.671875 0.3515625 0.0546875 0.053125
1 0.0265625 0.48828125 0.053125 0.08203125
1 0.6421875 0.5390625 0.0625 0.07265625
1 0.621875 0.40625 0.05703125 0.0609375
1 0.5796875 0.44609375 0.05546875 0.05625
1 0.80859375 0.3390625 0.05078125 0.0609375
1 0.765625 0.32578125 0.05 0.059375
1 0.70625 0.31953125 0.04375 0.046875
1 0.83203125 0.30859375 0.0421875 0.0484375
1 0.7703125 0.25390625 0.040625 0.04375
1 0.79609375 0.23984375 0.0359375 0.04140625