1 0.91796875 0.8484375 0.0890625 0.13125
1 0.75546875 0.8421875 0.1 0.1390625
1 0.56875 0.85859375 0.09453125 0.1296875
1 0.36953125 0.89296875 0.1 0.14140625
1 0.87421875 0.69140625 0.07109375 0.09140625
1 0.95625 0.9484375 0.08671875 0.10078125
1 0.8421875 0.62421875 0.0765625 0.10703125
1 0.59765625 0.7671875 0.08359375 0.11328125
1 0.6984375 0.48515625 0.04765625 0.059375
1 0.54765625 0.9578125 0.11875 0.08359375
1 0.5234375 0.4859375 0.0453125 0.05703125
1 0.6 0.70234375 0.06953125 0.06875
1 0.6328125 0.3578125 0.0390625 0.040625
1 0.5640625 0.509375 0.0484375 0.06875
1 0.88984375 0.403125 0.04765625 0.06171875
1 0.678125 0.55234375 0.053125 0.0640625
1 0.46796875 0.546875 0.05546875 0.04765625
1 0.70234375 0.5890625 0.06015625 0.075
1 0.9828125 0.38203125 0.034375 0.04765625
1 0.3109375 0.96953125 0.11640625 0.06015625
1 0.73359375 0.3625 0.040625 0.03828125
1 0.61875 0.66640625 0.06953125 0.08515625
1 0.528125 0.4203125 0.04140625 0.0578125
1 0.7265625 0.51015625 0.040625 0.07265625
1 0.5765625 0.32578125 0.03359375 0.03671875
1 0.4578125 0.43515625 0.040625 0.04921875
1 0.7421875 0.9796875 0.09140625 0.040625
1 0.5609375 0.54296875 0.0375 0.07109375
1 0.025 0.3 0.03046875 0.03671875
1 0.628125 0.4875 0.0515625 0.0734375
1 0.14453125 0.29296875 0.046875 0.04375
3 0.5828125 0.40859375 0.07421875 0.12890625
3 0.43359375 0.6890625 0.1390625 0.25078125