1 0.471875 0.63828125 0.1390625 0.2171875
1 0.1078125 0.89140625 0.215625 0.2171875
1 0.50546875 0.95625 0.17734375 0.0875
1 0.2953125 0.78984375 0.15703125 0.23125
1 0.27890625 0.66796875 0.14453125 0.21640625
1 0.275 0.58828125 0.1609375 0.23984375
1 0.2765625 0.459375 0.134375 0.13984375
1 0.28203125 0.42890625 0.0703125 0.12890625
1 0.3328125 0.43203125 0.04140625 0.1328125
1 0.2859375 0.35703125 0.16484375 0.13359375
1 0.84609375 0.55078125 0.1203125 0.17890625
1 0.66875 0.42109375 0.07734375 0.1484375
1 0.6546875 0.35546875 0.059375 0.0671875
1 0.39609375 0.328125 0.1328125 0.109375
1 0.4140625 0.2578125 0.0671875 0.07265625
1 0.28515625 0.27578125 0.06640625 0.04609375
1 0.28828125 0.2421875 0.06015625 0.04765625
1 0.39296875 0.22890625 0.05703125 0.06875
1 0.28046875 0.215625 0.07109375 0.08046875
1 0.28046875 0.13671875 0.05234375 0.06875
1 0.346875 0.06328125 0.02578125 0.034375
1 0.2890625 0.0953125 0.0359375 0.04140625
1 0.38984375 0.184375 0.0453125 0.0359375
3 0.50234375 0.1796875 0.05546875 0.08984375
3 0.53984375 0.384375 0.17265625 0.31484375
1 0.46875 0.16328125 0.03359375 0.0703125
1 0.4625 0.13984375 0.0390625 0.0703125
1 0.4453125 0.12265625 0.03984375 0.06640625
1 0.503125 0.11171875 0.0359375 0.0453125