1 0.1921875 0.83671875 0.171875 0.23046875
1 0.1640625 0.57578125 0.1203125 0.1484375
1 0.14296875 0.43125 0.090625 0.11640625
1 0.0796875 0.28203125 0.0609375 0.0828125
1 0.83515625 0.76875 0.184375 0.1921875
1 0.01953125 0.22421875 0.0390625 0.06640625
1 0.1359375 0.24375 0.05859375 0.06640625
1 0.925 0.90625 0.15 0.184375
1 0.665625 0.609375 0.096875 0.1515625
1 0.89140625 0.59375 0.13125 0.16328125
1 0.584375 0.50625 0.11015625 0.1171875
1 0.5453125 0.4734375 0.09453125 0.134375
1 0.61796875 0.38515625 0.07265625 0.1046875
1 0.3296875 0.20078125 0.0484375 0.05625
1 0.471875 0.3890625 0.06875 0.1
1 0.94765625 0.63515625 0.1046875 0.20703125
1 0.70703125 0.44296875 0.07890625 0.1171875
1 0.6765625 0.4078125 0.0765625 0.11171875
1 0.72578125 0.66328125 0.14609375 0.2015625
1 0.621875 0.275 0.05625 0.07734375
1 0.459375 0.3296875 0.06953125 0.10234375
1 0.0109375 0.14609375 0.021875 0.046875
3 0.05703125 0.1390625 0.0671875 0.13125
3 0.14296875 0.15234375 0.0484375 0.09140625