1 0.090625 0.7125 0.18046875 0.353125
1 0.2125 0.4890625 0.11015625 0.1265625
1 0.48046875 0.51171875 0.11796875 0.15703125
1 0.34921875 0.6015625 0.17578125 0.20859375
1 0.959375 0.596875 0.08046875 0.2
1 0.884375 0.39609375 0.09609375 0.096875
1 0.2875 0.66171875 0.128125 0.2046875
1 0.3203125 0.4171875 0.09921875 0.10703125
1 0.7125 0.5796875 0.12578125 0.1453125
1 0.415625 0.38671875 0.08828125 0.090625
1 0.553125 0.3953125 0.0890625 0.09921875
1 0.6234375 0.12109375 0.04921875 0.071875
1 0.8953125 0.19765625 0.05546875 0.0765625
1 0.6421875 0.02578125 0.05078125 0.05078125
1 0.86953125 0.49296875 0.04765625 0.10234375
1 0.759375 0.05 0.0671875 0.0828125
1 0.1328125 0.496875 0.128125 0.10703125
1 0.96796875 0.37109375 0.0625 0.0546875
1 0.503125 0.43515625 0.09453125 0.09921875
1 0.4546875 0.3609375 0.06171875 0.059375
1 0.58828125 0.06953125 0.0703125 0.05390625
1 0.6015625 0.20703125 0.07421875 0.08125
1 0.88515625 0.26328125 0.065625 0.1046875
1 0.4609375 0.26640625 0.06015625 0.06171875
1 0.5984375 0.2625 0.05859375 0.05078125
1 0.584375 0.1625 0.04609375 0.06484375
1 0.5109375 0.06328125 0.0484375 0.05
1 0.50625 0.08984375 0.05078125 0.05625
1 0.97890625 0.68984375 0.0421875 0.1875
1 0.49765625 0.1375 0.05625 0.06875
1 0.06953125 0.428125 0.12734375 0.11484375
4 0.653125 0.33125 0.2125 0.12265625