1 0.87578125 0.81953125 0.10703125 0.12890625
1 0.88046875 0.71171875 0.0890625 0.09765625
1 0.6921875 0.57421875 0.06875 0.0859375
1 0.67421875 0.6796875 0.071875 0.07890625
1 0.5046875 0.52109375 0.053125 0.0671875
1 0.62578125 0.484375 0.04375 0.0578125
1 0.584375 0.6015625 0.06796875 0.07578125
1 0.59296875 0.5171875 0.05078125 0.05390625
1 0.46640625 0.38203125 0.0375 0.0421875
1 0.53203125 0.365625 0.03671875 0.03359375
1 0.5375 0.40390625 0.040625 0.046875
1 0.28359375 0.6234375 0.05390625 0.06875
1 0.265625 0.434375 0.04609375 0.05859375
1 0.6015625 0.4359375 0.0421875 0.0484375
1 0.36875 0.5984375 0.059375 0.06484375
1 0.48125 0.465625 0.04375 0.04765625
1 0.5234375 0.321875 0.03203125 0.03125
1 0.33984375 0.5734375 0.0609375 0.06875
1 0.2671875 0.5640625 0.0625 0.0796875
1 0.4828125 0.325 0.034375 0.0375
1 0.596875 0.37578125 0.0359375 0.040625
1 0.1703125 0.48203125 0.05234375 0.059375
1 0.32421875 0.54375 0.0578125 0.0640625
1 0.165625 0.5421875 0.046875 0.07265625
1 0.590625 0.27578125 0.03203125 0.03359375
1 0.49140625 0.2984375 0.0328125 0.0421875
1 0.34296875 0.40546875 0.0390625 0.046875
1 0.3234375 0.4984375 0.059375 0.04921875
1 0.203125 0.42109375 0.04765625 0.05390625
1 0.24140625 0.475 0.046875 0.0421875
1 0.33359375 0.42734375 0.0421875 0.05546875
1 0.32265625 0.459375 0.0421875 0.03828125
3 0.5703125 0.775 0.2203125 0.26640625
3 0.17578125 0.6328125 0.16953125 0.1859375
3 0.31015625 0.7078125 0.20703125 0.21875
1 0.2171875 0.4078125 0.0375 0.040625
1 0.23828125 0.5203125 0.0671875 0.07109375
1 0.28203125 0.40390625 0.0375 0.046875
1 0.5375 0.2421875 0.02578125 0.028125
1 0.265625 0.35078125 0.0390625 0.04375
1 0.18828125 0.44296875 0.0421875 0.0453125
1 0.57109375 0.19765625 0.021875 0.028125
3 0.09453125 0.58359375 0.12265625 0.17578125
1 0.3578125 0.38984375 0.02890625 0.03984375
1 0.3109375 0.3703125 0.0296875 0.03671875
1 0.31796875 0.35546875 0.03125 0.03828125
1 0.2796875 0.33515625 0.0296875 0.04140625
1 0.2890625 0.3234375 0.0234375 0.03359375
1 0.29765625 0.315625 0.0265625 0.0390625
1 0.325 0.3421875 0.03125 0.0390625
1 0.36953125 0.36015625 0.02890625 0.034375
1 0.3359375 0.3296875 0.0265625 0.0328125
1 0.378125 0.3375 0.02421875 0.01875
1 0.3453125 0.31953125 0.02734375 0.028125
1 0.38046875 0.3203125 0.01953125 0.01875
1 0.40703125 0.303125 0.01796875 0.0359375
1 0.4140625 0.278125 0.0265625 0.0375
1 0.496875 0.275 0.0234375 0.028125
1 0.4203125 0.2578125 0.02265625 0.02890625
1 0.5015625 0.26328125 0.02578125 0.0296875
1 0.5046875 0.2453125 0.02109375 0.025
1 0.51640625 0.21875 0.01953125 0.0234375
1 0.428125 0.24375 0.02265625 0.02265625
3 0.38125 0.1765625 0.02890625 0.04453125
3 0.4328125 0.17890625 0.02265625 0.04921875
3 0.5296875 0.1765625 0.02109375 0.03828125
1 0.51875 0.2 0.01640625 0.01953125
1 0.5390625 0.22109375 0.02265625 0.0171875