1 0.70390625 0.78046875 0.15625 0.2015625
1 0.5125 0.728125 0.1 0.11171875
1 0.6 0.68359375 0.05859375 0.0671875
1 0.309375 0.6953125 0.09921875 0.121875
0 0.54453125 0.525 0.0609375 0.08671875
0 0.60859375 0.5390625 0.065625 0.1015625
1 0.4578125 0.5125 0.0609375 0.04609375
1 0.68125 0.6453125 0.05390625 0.0640625
1 0.52890625 0.63515625 0.040625 0.0515625
1 0.57734375 0.6421875 0.0546875 0.0703125
1 0.3671875 0.68359375 0.05078125 0.0734375
1 0.39453125 0.63828125 0.059375 0.08125
1 0.66484375 0.60078125 0.09140625 0.0765625
1 0.0359375 0.7375 0.071875 0.23359375
1 0.11328125 0.72265625 0.14453125 0.19453125