4 0.28984375 0.7078125 0.0984375 0.13828125
1 0.16953125 0.678125 0.08046875 0.08984375
1 0.0140625 0.3515625 0.02734375 0.034375
1 0.06015625 0.3171875 0.03359375 0.0375
1 0.1296875 0.2890625 0.0390625 0.03046875
1 0.1625 0.2546875 0.025 0.0265625
1 0.33203125 0.19140625 0.0234375 0.02578125
1 0.30234375 0.19296875 0.028125 0.02734375
1 0.40546875 0.14921875 0.01796875 0.0234375
1 0.415625 0.16484375 0.021875 0.01796875
1 0.66953125 0.4140625 0.03984375 0.04921875
1 0.70703125 0.3078125 0.02578125 0.034375
1 0.7109375 0.509375 0.0171875 0.03515625
3 0.8109375 0.89140625 0.06640625 0.11171875
1 0.8796875 0.20625 0.0109375 0.01875
1 0.8515625 0.1875 0.0109375 0.01875
1 0.83046875 0.2421875 0.01640625 0.028125
1 0.875 0.17890625 0.01015625 0.0171875
1 0.88984375 0.1875 0.009375 0.01875
1 0.36015625 0.1703125 0.02734375 0.0265625
3 0.665625 0.3671875 0.040625 0.0484375