1 0.278125 0.7140625 0.09609375 0.11953125
1 0.19453125 0.65625 0.065625 0.0859375
1 0.1390625 0.27265625 0.034375 0.0296875
1 0.584375 0.39453125 0.046875 0.04921875
1 0.7109375 0.5109375 0.01796875 0.040625
1 0.80546875 0.23125 0.01484375 0.02109375
1 0.84453125 0.19140625 0.01484375 0.0203125
1 0.86875 0.19375 0.01328125 0.01875
4 0.6703125 0.4046875 0.04921875 0.06796875
1 0.940625 0.36953125 0.01328125 0.034375
1 0.41640625 0.1453125 0.0234375 0.025
1 0.3625 0.1765625 0.021875 0.021875
1 0.37734375 0.1609375 0.0265625 0.02265625
1 0.33359375 0.1796875 0.0265625 0.0234375
1 0.4515625 0.13359375 0.01875 0.0203125
1 0.51640625 0.11328125 0.0171875 0.01640625
1 0.47421875 0.13828125 0.0234375 0.01640625
3 0.8109375 0.88984375 0.06796875 0.1125