1 0.46015625 0.48359375 0.05546875 0.0671875
1 0.28828125 0.72109375 0.0796875 0.0953125
1 0.709375 0.51171875 0.0203125 0.040625
1 0.6703125 0.32890625 0.03984375 0.046875
1 0.83984375 0.25546875 0.01640625 0.0296875
1 0.84765625 0.215625 0.0171875 0.0234375
1 0.028125 0.334375 0.03359375 0.0328125
1 0.19453125 0.2453125 0.0328125 0.0296875
1 0.33125 0.18203125 0.0265625 0.025
1 0.44921875 0.13515625 0.02421875 0.02578125
3 0.29140625 0.63984375 0.08359375 0.09765625
1 0.109375 0.2796875 0.021875 0.0265625
1 0.134375 0.28046875 0.025 0.02265625
1 0.86796875 0.22421875 0.01328125 0.021875
3 0.8109375 0.8890625 0.0703125 0.11640625