1 0.6125 0.52109375 0.0328125 0.04140625
1 0.440625 0.5265625 0.034375 0.0515625
1 0.55390625 0.478125 0.021875 0.028125
1 0.42734375 0.4578125 0.0234375 0.02734375
1 0.46484375 0.45 0.021875 0.028125
1 0.01015625 0.41796875 0.0203125 0.0203125
1 0.26953125 0.6796875 0.071875 0.10234375
1 0.54140625 0.41953125 0.015625 0.01953125
1 0.54765625 0.4484375 0.01796875 0.0234375
1 0.53828125 0.3890625 0.0109375 0.0140625
1 0.53984375 0.40546875 0.01171875 0.01484375
1 0.45859375 0.4140625 0.015625 0.02109375
1 0.55390625 0.384375 0.009375 0.015625
1 0.509375 0.36875 0.009375 0.01171875
3 0.5890625 0.46484375 0.02578125 0.0421875
1 0.478125 0.38671875 0.01328125 0.0140625
3 0.56796875 0.396875 0.0234375 0.04765625
3 0.49453125 0.3703125 0.01171875 0.01796875