4 0.41640625 0.58671875 0.0578125 0.11171875
1 0.69375 0.871875 0.11328125 0.1859375
1 0.29453125 0.6671875 0.059375 0.0765625
1 0.9328125 0.41953125 0.02265625 0.0296875
1 0.578125 0.4625 0.025 0.03046875
1 0.45546875 0.43671875 0.015625 0.02109375
1 0.41875 0.44921875 0.01953125 0.025
1 0.43359375 0.41328125 0.01484375 0.01953125
1 0.515625 0.409375 0.01640625 0.0171875
1 0.4609375 0.41015625 0.01328125 0.0171875
3 0.44296875 0.375 0.01640625 0.03984375
3 0.6640625 0.53203125 0.11484375 0.2015625