1 0.81015625 0.7546875 0.09296875 0.12734375
1 0.58203125 0.5515625 0.03984375 0.06796875
1 0.55625 0.4859375 0.0265625 0.040625
1 0.45078125 0.46953125 0.02578125 0.03203125
1 0.4609375 0.3984375 0.01484375 0.01796875
3 0.4109375 0.44140625 0.046875 0.08671875
3 0.56484375 0.4265625 0.0265625 0.0515625
1 0.503125 0.3671875 0.00859375 0.01015625
1 0.44609375 0.3921875 0.01015625 0.01484375
1 0.46328125 0.3796875 0.00859375 0.01328125
1 0.48984375 0.36328125 0.00859375 0.009375
1 0.51328125 0.4 0.0140625 0.021875
3 0.43203125 0.403125 0.01953125 0.03828125
3 0.87265625 0.41484375 0.0890625 0.0609375
3 0.52578125 0.38125 0.0203125 0.0515625