2 0.14453125 0.46796875 0.2296875 0.190625
2 0.275 0.59296875 0.1734375 0.1546875
2 0.35234375 0.81953125 0.1421875 0.11875
2 0.49140625 0.825 0.10625 0.0890625
2 0.48359375 0.74921875 0.1109375 0.090625
2 0.51484375 0.59296875 0.1703125 0.125
2 0.675 0.37109375 0.0890625 0.0765625
2 0.575 0.73671875 0.0828125 0.0703125
2 0.603125 0.6546875 0.0828125 0.071875
2 0.5421875 0.7921875 0.0953125 0.0828125
2 0.65625 0.659375 0.0734375 0.0625
2 0.70390625 0.71796875 0.05 0.04375
1 0.7546875 0.69375 0.08125 0.0703125
1 0.7953125 0.62578125 0.0734375 0.0546875
2 0.7328125 0.778125 0.0421875 0.034375
2 0.753125 0.7390625 0.034375 0.0296875
2 0.78984375 0.58203125 0.0375 0.0296875
3 0.14609375 0.85078125 0.1203125 0.075
3 0.128125 0.68515625 0.15625 0.09375
3 0.28671875 0.89609375 0.103125 0.0625
3 0.3265625 0.69375 0.0859375 0.053125
3 0.39375 0.58046875 0.103125 0.0640625
3 0.375 0.6625 0.0921875 0.05625
3 0.49609375 0.671875 0.08125 0.0484375
3 0.459375 0.69375 0.0703125 0.0421875
3 0.4203125 0.13671875 0.1265625 0.0828125
3 0.5078125 0.1171875 0.0859375 0.0578125
3 0.51171875 0.25390625 0.084375 0.0546875
3 0.48984375 0.3125 0.0921875 0.059375
3 0.5125 0.39453125 0.08125 0.0609375
3 0.5609375 0.375 0.065625 0.046875
3 0.6 0.34609375 0.0640625 0.04375
3 0.57734375 0.5078125 0.059375 0.0421875
3 0.55 0.453125 0.0625 0.0453125
3 0.61015625 0.45234375 0.053125 0.034375
3 0.56796875 0.478125 0.0609375 0.0390625
3 0.61875 0.7234375 0.0453125 0.0328125
3 0.6578125 0.70703125 0.0375 0.025
3 0.678125 0.7578125 0.0375 0.0234375
3 0.715625 0.57734375 0.03125 0.0203125
3 0.63046875 0.43125 0.0453125 0.0328125
3 0.65234375 0.5671875 0.046875 0.0265625
3 0.659375 0.534375 0.04375 0.0296875
3 0.7078125 0.51953125 0.0375 0.0265625
3 0.73515625 0.5015625 0.0296875 0.01875
3 0.721875 0.6078125 0.0296875 0.01875
3 0.69296875 0.55546875 0.0328125 0.0203125
3 0.64765625 0.48046875 0.0484375 0.028125
3 0.653125 0.51328125 0.046875 0.0296875
3 0.696875 0.484375 0.040625 0.028125
3 0.6859375 0.496875 0.0390625 0.025
3 0.73515625 0.6296875 0.0328125 0.0203125
3 0.75 0.5578125 0.028125 0.01875
3 0.74921875 0.59140625 0.0265625 0.0171875