3 0.5109375 0.53359375 0.0546875 0.0390625
3 0.4484375 0.4484375 0.075 0.046875
3 0.46015625 0.20546875 0.1078125 0.0703125
3 0.53828125 0.1203125 0.090625 0.0625
3 0.5171875 0.47265625 0.05625 0.040625
3 0.60234375 0.559375 0.0453125 0.034375
3 0.625 0.47734375 0.05 0.0328125
3 0.6390625 0.36171875 0.0546875 0.0375
3 0.5875 0.24765625 0.075 0.05625
3 0.640625 0.29375 0.0625 0.0421875
3 0.70078125 0.2578125 0.05 0.0375
3 0.68984375 0.43984375 0.0390625 0.0296875
3 0.69375 0.359375 0.0453125 0.0328125
3 0.66015625 0.47109375 0.040625 0.0296875
2 0.50546875 0.36171875 0.13125 0.109375
3 0.2734375 0.109375 0.15 0.0953125
2 0.56484375 0.77265625 0.071875 0.0703125
2 0.6640625 0.68828125 0.040625 0.0359375
2 0.62421875 0.7625 0.0421875 0.04375
1 0.79921875 0.47265625 0.053125 0.040625
2 0.73515625 0.54375 0.0375 0.034375