2 0.36171875 0.78046875 0.10625 0.14921875
2 0.19453125 0.6921875 0.1 0.12265625
2 0.078125 0.434375 0.05078125 0.0671875
2 0.834375 0.84140625 0.128125 0.17265625
2 0.7421875 0.69453125 0.0953125 0.0984375
2 0.5765625 0.69296875 0.103125 0.1421875
2 0.64140625 0.4515625 0.0625 0.08359375
2 0.246875 0.59296875 0.0859375 0.09921875
2 0.278125 0.51328125 0.07421875 0.0890625
2 0.5265625 0.48125 0.07109375 0.10546875
2 0.440625 0.3921875 0.05 0.07890625
2 0.5171875 0.384375 0.0515625 0.06328125
2 0.33671875 0.40703125 0.05390625 0.0671875
2 0.3109375 0.45625 0.06328125 0.071875
4 0.50390625 0.2953125 0.05078125 0.10078125
2 0.59921875 0.3890625 0.04765625 0.05546875