2 0.8109375 0.465625 0.1765625 0.1515625
2 0.78515625 0.27890625 0.1484375 0.1359375
2 0.5828125 0.08125 0.0796875 0.0703125
2 0.70546875 0.9203125 0.2046875 0.159375
2 0.6 0.79375 0.125 0.1234375
2 0.65546875 0.63828125 0.16875 0.1453125
2 0.40625 0.61640625 0.1 0.0875
2 0.67421875 0.29375 0.1234375 0.115625
2 0.58828125 0.29609375 0.109375 0.1015625
2 0.4734375 0.51875 0.125 0.103125
2 0.41875 0.40703125 0.090625 0.0734375
2 0.38515625 0.4765625 0.0765625 0.0703125
2 0.46875 0.31484375 0.08125 0.0734375
2 0.5234375 0.30703125 0.0890625 0.0828125
4 0.30625 0.43359375 0.1109375 0.08125
2 0.36171875 0.55546875 0.06875 0.0640625