2 0.63515625 0.51328125 0.2484375 0.375
2 0.32109375 0.4234375 0.35 0.4828125
2 0.328125 0.81328125 0.2546875 0.321875
2 0 0.836837184375 0.135709059375 0.8899777640625001 0.1467889828125 0.8312589484374999 0.15013450781249998 0.7799478 0.1490906375 0.7121176265625 0.13853526875 0.66782923125 0.127457440625 0.6170102078124999 0.0842925046875 0.5869313625 0.0621347546875 0.5948311562499999 0.0084123546875 0.630001753125 0 0.6444944421875001 0 0.836837184375
2 0.9917751546875 0.3657141671875 0.9887871765625 0.3393756 0.9198051734374999 0.3810199953125 0.88970383125 0.4046689875 0.877265721875 0.4354543890625 0.8648270874999999 0.49362425 0.8690072921875001 0.5184848078125001 0.89367326875 0.52002445625 0.9218929171875001 0.5166803421874999 0.9679814234374999 0.4689283625 0.9815736640624999 0.42722771875000004 0.9885449265625 0.39587058124999996 0.9917751546875 0.3657141671875
2 1 0.169160965625 0.9624523671875 0.158108078125 0.9442651015625 0.22659442031250002 0.943219134375 0.2683020859375 0.9712295875000001 0.27329950468750003 1 0.2696136984375 1 0.169160965625
2 1 0.234179759375 0.9936616359375 0.23412103437499998 0.9872291953125 0.23694655781249999 0.9272107671875001 0.2767054390625 0.9131071765625001 0.3176570453125 0.8987341078125001 0.376400290625 0.9292115484375 0.38903344375 0.9627349015625001 0.38218801406249997 1 0.3527171265625 1 0.234179759375
2 0.9615485781249999 0.4929088765625 0.9597997359375 0.4639954265625 0.9406026421875 0.45472462656249996 0.8889706046875 0.48863327187500005 0.863049990625 0.5097583609375 0.8484169203124999 0.54597648125 0.8296025984375 0.6121029625000001 0.8401584906249999 0.6290068984375 0.859807490625 0.6390521234375 0.88530971875 0.6346101 0.9309458640624999 0.5857779062499999 0.9509170843750001 0.52224474375 0.9615485781249999 0.4929088765625
2 0.9170994875 0.6423159828125 0.916902959375 0.6267294171875 0.9195333765625 0.620218909375 0.9229154312500001 0.607160078125 0.927371084375 0.5934531171875 0.9277470390625 0.5831466921875 0.9300734859374999 0.5653337890625 0.9124488312500001 0.5607373890625 0.8524519921874999 0.6201636484375 0.8447757156250001 0.6264386546875 0.8359722968750001 0.6261275281249999 0.8284749078125 0.6346386015625 0.8260769218749999 0.6506194437499999 0.8231780828125 0.6584640281249999 0.8156984203125001 0.675637425 0.8093997109375 0.69256669375 0.8016873515625 0.7143342859375 0.7970169046875 0.7319214140625 0.7989312265625 0.7445956984375 0.8116531859375 0.7479325453125 0.823426803125 0.7516075 0.83849285 0.75048194375 0.85583144375 0.7430619218750001 0.8744227984374999 0.7231653062500001 0.9006726140625 0.6930195375 0.9066849953125 0.6781383734374999 0.912429040625 0.6599031125 0.9170994875 0.6423159828125
2 0.8773567343750001 0.751398071875 0.8816335000000001 0.73545504375 0.8839240437500001 0.7237583734374999 0.89315740625 0.6975564609375 0.89500073125 0.680269628125 0.888219434375 0.6695959078125 0.8784497671875 0.6703369203125 0.8580691671875 0.6866255796875 0.8370800968750001 0.7084385078125 0.8155720875 0.7322055609375 0.8019730515625 0.7451034109375 0.7923461890625 0.763573071875 0.7802316265625 0.81097006875 0.780875553125 0.822770446875 0.7922375828125 0.8288035328125 0.8080371796874999 0.831220034375 0.81693013125 0.8279610171874999 0.823371646875 0.8287604015625 0.858084921875 0.7984277734375 0.8671749406249999 0.7826262671875 0.8719526468750001 0.7701313187500001 0.8773567343750001 0.751398071875
2 0.853125121875 0.8724065031249999 0.8571072828125 0.8459918640625 0.863385590625 0.827298515625 0.8702328234375001 0.8024660421875 0.872824453125 0.781858578125 0.868990403125 0.774789734375 0.8634288124999999 0.7704197109375001 0.854643946875 0.7677195921875 0.8418773453125 0.7693551359375 0.8311542125000001 0.7722408921875 0.81253075 0.786795671875 0.8022077734374999 0.7957874890625 0.7767373953125001 0.8186155109375 0.7657191 0.8332707859375 0.7579238687500001 0.8572956453125 0.7398049203125 0.9289505312499999 0.7649586312500001 0.9408116859375 0.785014365625 0.9408473484375 0.798518346875 0.9373867312499999 0.8266642640624999 0.912667503125 0.8411165593750001 0.8934552671875 0.853125121875 0.8724065031249999
2 0.7804726468750001 1 0.78174786875 0.9993960578125 0.795083503125 0.986101646875 0.8015091812499999 0.9725630265625 0.8099573515625 0.9555955562499999 0.812295984375 0.945076253125 0.8184057359375 0.9275886 0.8195013140625 0.9225114546875 0.8208287000000001 0.913706575 0.8236941984374999 0.8932097609375 0.8133293687500001 0.887323703125 0.8029644375 0.886957390625 0.7883017359375 0.892497446875 0.765022409375 0.9106909234374999 0.7508019218750001 0.9261754249999999 0.7360755484375 0.9563165 0.7246776515625 0.9916237578124999 0.7234700265625 1 0.7804726468750001 1
2 0.8041536218750001 1 0.8073022609375 0.98976455 0.8095146078125 0.9732498359375 0.8105681265625 0.9643343062499999 0.8069026359375 0.95605976875 0.804100809375 0.9519555640625 0.8005826890625001 0.9488357546874999 0.7936517578125 0.9439124812499999 0.7852039015625001 0.9443207171875001 0.7689822171875 0.9513538984375 0.7435537937500001 0.98354005 0.731505221875 1 0.8041536218750001 1
3 0.74140625 0.51796875 0.103125 0.134375
3 0.82109375 0.16171875 0.1140625 0.1453125
3 0.68515625 0.89296875 0.0890625 0.1046875
3 0.6234375 0.9796875 0.0875 0.040625
3 0.8734375 0.1671875 0.084375 0.1140625