2 0.225 0.55703125 0.19140625 0.225
2 0.5609375 0.76640625 0.25 0.265625
2 0.55234375 0.521875 0.18125 0.17578125
2 0.58359375 0.4234375 0.16796875 0.14140625
2 0.5046875 0.3546875 0.12578125 0.12578125
2 0.47578125 0.2625 0.1140625 0.1203125
2 0.54609375 0.22265625 0.11015625 0.09765625
2 0.565625 0.1421875 0.071875 0.0828125
2 0.65 0.175 0.0859375 0.0859375
2 0.59921875 0.2015625 0.07890625 0.09296875
3 0.68515625 0.28671875 0.05078125 0.09609375
3 0.07578125 0.6453125 0.0875 0.15
3 0.059375 0.42890625 0.0453125 0.1125
3 0.121875 0.515625 0.053125 0.125
3 0.16640625 0.3703125 0.0609375 0.10625
3 0.2453125 0.3515625 0.04296875 0.10234375
3 0.203125 0.2703125 0.0390625 0.09921875
3 0.025 0.30859375 0.040625 0.10625
3 0.084375 0.24453125 0.03828125 0.08671875
3 0.134375 0.2265625 0.0390625 0.08984375
3 0.24921875 0.23671875 0.0390625 0.0859375
3 0.28515625 0.18984375 0.03828125 0.0734375
3 0.3671875 0.2234375 0.04296875 0.08671875
3 0.43671875 0.20390625 0.0359375 0.06015625
3 0.5015625 0.1359375 0.02578125 0.06171875
3 0.44453125 0.15703125 0.03046875 0.0671875
2 0.19140625 0.16328125 0.11015625 0.13203125
2 0.07578125 0.19375 0.09453125 0.1078125