1 0.35546875 0.75625 0.125 0.159375
1 0.7078125 0.4578125 0.1890625 0.1265625
1 0.56796875 0.31015625 0.1140625 0.0859375
1 0.54375 0.3859375 0.1109375 0.078125
1 0.5265625 0.434375 0.115625 0.0796875
1 0.68046875 0.56484375 0.1984375 0.1109375
1 0.65078125 0.609375 0.2109375 0.1125
1 0.4733696328125 0.5366187796874999 0.4606638328125 0.5674668375 0.5620224328125001 0.626036046875 0.5639225437500001 0.6208155328125 0.58216554375 0.5909975000000001 0.4733696328125 0.5366187796874999
1 0.5682313890625 0.6292812734375001 0.5025047234375 0.5905784749999999 0.4665944921875 0.5755375218750001 0.44898486249999997 0.60361538125 0.5219857046875 0.6548192625 0.560112734375 0.6637696156249999 0.5682313890625 0.6292812734375001
1 0.7085039375 0.7108821484375001 0.7246548890625 0.666507775 0.5845742781250001 0.604683753125 0.538578090625 0.5889278609375 0.5220336796875 0.626261578125 0.7085039375 0.7108821484375001
1 0.5143084828125 0.667790578125 0.613843746875 0.7394910421875001 0.6908079484375 0.7635623234375 0.702726828125 0.71863295 0.5830964265625 0.65341335 0.525037396875 0.634252290625 0.5143084828125 0.667790578125
1 0.531850965625 0.73329650625 0.6576039640625 0.82636364375 0.7238104515625 0.8475047859375 0.7447116828125 0.7900791265625 0.5985468609375 0.7043629375 0.5453916609375 0.6879720765624999 0.531850965625 0.73329650625
1 0.48939591875 0.78090651875 0.5993242375000001 0.8849648921875 0.6890230421875 0.9146565375 0.7118627703125 0.8559657312500001 0.5782790015625 0.7600484265625 0.512744271875 0.7411224843750001 0.48939591875 0.78090651875
1 0.5311984234375 0.8000627859374999 0.4776881484375 0.7805866390625 0.461537196875 0.8249610125 0.5649398734375 0.92664424375 0.6343899890625 0.9469952718749999 0.6514142203125 0.8920998984375 0.5311984234375 0.8000627859374999
1 0.6259642328125 0.9498406453125 0.5225999453125 0.8521127843749999 0.467227946875 0.8418125234374999 0.451671978125 0.8804913546875 0.5485490109375 0.9797994453125 0.610485040625 0.9964302171874999 0.6259642328125 0.9498406453125
1 0.950768415625 0.715304475 0.9787134984374999 0.646647671875 0.8304278281249999 0.50990671875 0.77822268125 0.4909055984375 0.7291652171874999 0.5282297296875 0.8874888703125 0.694243303125 0.950768415625 0.715304475
2 0.41796875 0.4390625 0.053125 0.0671875
4 0.5109375 0.96953125 0.115625 0.0609375
1 0.278125 0.62890625 0.078125 0.09375
1 0.309375 0.25078125 0.075 0.053125
1 0.2796875 0.32734375 0.0828125 0.0609375
1 0.3171875 0.22578125 0.0796875 0.05625
1 0.25859375 0.421875 0.06875 0.0453125
1 0.278125 0.35625 0.0625 0.0390625
1 0.26796875 0.378125 0.065625 0.040625
1 0.26171875 0.3984375 0.0703125 0.0390625
1 0.24453125 0.4484375 0.0671875 0.046875
1 0.23046875 0.5015625 0.0625 0.0421875
1 0.23828125 0.4765625 0.06875 0.05
1 0.2265625 0.52578125 0.0578125 0.0390625