1 0.48046875 0.57890625 0.1875 0.0953125
1 0.79609375 0.58125 0.390625 0.1734375
1 0.3625 0.559375 0.1234375 0.075
1 0.31484375 0.503125 0.08125 0.0453125
4 0.61015625 0.3875 0.184375 0.10625
1 1 0.049797978124999996 0.7318097531250001 0.021610046875 0.691676884375 0.113506675 0.7635961859375 0.1672747171875 0.7697028796875001 0.1882485265625 0.7978975625 0.19675699062500002 0.8346718421875 0.18953195625000002 0.8967335671875001 0.2052967109375 0.929109465625 0.20038193125 1 0.10930219062499999 1 0.049797978124999996
2 0.421875 0.4015625 0.065625 0.046875
2 0.19765625 0.2515625 0.0578125 0.0515625
2 0.5171875 0.86640625 0.1078125 0.121875
2 0.20078125 0.1015625 0.0578125 0.05625
2 0.33671875 0.40859375 0.05 0.0359375
3 0.61015625 0.47109375 0.065625 0.0359375
3 0.4984375 0.4703125 0.0421875 0.0234375
3 0.65625 0.82890625 0.0859375 0.0515625
3 0.75390625 0.65078125 0.1015625 0.0609375
3 0.47109375 0.37890625 0.034375 0.01875