4 0.621875 0.3109375 0.2640625 0.4203125
4 0.4109375 0.17109375 0.11015625 0.12578125
4 0.76875 0.1140625 0.13828125 0.06328125
4 0.33515625 0.08203125 0.09765625 0.0671875
4 0.178125 0.0375 0.11171875 0.06015625
4 0.26484375 0.075 0.05 0.0390625
4 0.2046875 0.47734375 0.409375 0.4953125
3 0.27890625 0.72109375 0.121875 0.121875
3 0.5828125 0.96484375 0.20234375 0.06953125
3 0.78671875 0.94296875 0.18984375 0.046875
3 0.76328125 0.146875 0.0578125 0.06875
2 0.36875 0.06015625 0.0703125 0.0453125
2 0.24296875 0.04296875 0.04609375 0.02578125