2 0.109375 0.63203125 0.203125 0.1640625
2 0.1125 0.7828125 0.1546875 0.1609375
2 0.18046875 0.83671875 0.2265625 0.175
2 0.234375 0.94140625 0.196875 0.1171875
2 0.33046875 0.56953125 0.134375 0.1
2 0.21953125 0.6578125 0.16875 0.1390625
2 0.3953125 0.74609375 0.1484375 0.1140625
2 0.32421875 0.8296875 0.1765625 0.146875
2 0.35546875 0.928125 0.1703125 0.14375
2 0.38046875 0.653125 0.1046875 0.0890625
2 0.42578125 0.528125 0.109375 0.078125
2 0.3140625 0.68828125 0.1265625 0.1140625
1 0.37890625 0.31875 0.2109375 0.14375
3 0.04375 0.55546875 0.0875 0.0671875
3 0.0296875 0.50078125 0.059375 0.0609375
3 0.04140625 0.4 0.0828125 0.05625
3 0.209375 0.57265625 0.0921875 0.05