2 0.29609375 0.49921875 0.1953125 0.1671875
2 0.1453125 0.2484375 0.228125 0.190625
2 0.18359375 0.7359375 0.2015625 0.178125
2 0.43046875 0.56875 0.1 0.103125
2 0.584375 0.490625 0.0609375 0.078125
2 0.55546875 0.61015625 0.0609375 0.0796875
2 0.6234375 0.21328125 0.0609375 0.05625
1 0.65234375 0.284375 0.1078125 0.1328125
3 0.4609375 0.334375 0.0703125 0.05625
3 0.425 0.17421875 0.0796875 0.046875
3 0.31484375 0.2515625 0.096875 0.0578125
3 0.109375 0.56484375 0.1125 0.065625
3 0.1640625 0.62421875 0.1140625 0.065625
3 0.01953125 0.84453125 0.0390625 0.0859375
3 0.19375 0.0921875 0.1375 0.084375
3 0.41953125 0.06640625 0.0875 0.053125
3 0.540625 0.0234375 0.0609375 0.0453125
3 0.5046875 0.0796875 0.0640625 0.0421875
3 0.41328125 0.246875 0.075 0.046875
3 0.53046875 0.440625 0.040625 0.0296875