3 0.321875 0.221875 0.05 0.1125
3 0.16796875 0.06015625 0.06875 0.1203125
3 0.6796875 0.0515625 0.0625 0.103125
3 0.728125 0.1171875 0.0609375 0.134375
3 0.0859375 0.30625 0.0375 0.08125
3 0.19921875 0.3265625 0.034375 0.071875
3 0.2796875 0.3375 0.0328125 0.075
3 0.3671875 0.43125 0.05 0.059375
3 0.09453125 0.3875 0.0328125 0.0671875
3 0.02421875 0.45390625 0.025 0.0546875
2 0.20625 0.55390625 0.0546875 0.053125
2 0.4796875 0.57578125 0.065625 0.05
2 0.59453125 0.58046875 0.065625 0.046875
2 0.61640625 0.41875 0.096875 0.1015625
2 0.5640625 0.26328125 0.1453125 0.196875
2 0.346875 0.0703125 0.1640625 0.140625
2 0.8359375 0.18359375 0.1703125 0.2125
1 0.2671875 0.603125 0.11875 0.0859375
3 0.540625 0.51484375 0.034375 0.0453125