2 0.255411684375 0.2909267734375 0.21601008125 0.2128768703125 0.1592317265625 0.1615974765625 0.116635103125 0.13392045156250001 0.08184097343749999 0.123238653125 0.0477301515625 0.2471725375 0.1354236703125 0.34829952343750004 0.1834371578125 0.354250690625 0.2251431375 0.3425760484375 0.255411684375 0.2909267734375
2 0.26328125 0.57890625 0.1671875 0.1375
2 0.28203125 0.42890625 0.159375 0.1578125
2 0.4109375 0.2453125 0.13125 0.1359375
2 0.40390625 0.47890625 0.1140625 0.1140625
2 0.37890625 0.5875 0.090625 0.090625
2 0.3359375 0.52578125 0.1046875 0.103125
2 0.32421875 0.64453125 0.10625 0.0984375
3 0.06640625 0.56015625 0.1328125 0.0859375
3 0.1515625 0.3828125 0.1015625 0.065625
3 0.0921875 0.31640625 0.1203125 0.08125
3 0.2109375 0.64375 0.0796875 0.05625
3 0.2015625 0.440625 0.0984375 0.059375
3 0.165625 0.0890625 0.1265625 0.096875
3 0.2671875 0.04609375 0.128125 0.0921875
2 0.25625 0.16796875 0.228125 0.2390625