2 0.5765625 0.75625 0.15703125 0.20390625
2 0.85625 0.8484375 0.17265625 0.23203125
2 0.3546875 0.93828125 0.165625 0.1234375
2 0.21328125 0.44921875 0.05078125 0.04921875
2 0.48359375 0.4203125 0.06875 0.0515625
2 0.59609375 0.4234375 0.0703125 0.04921875
3 0.3734375 0.56484375 0.04375 0.04921875
3 0.20078125 0.68203125 0.03203125 0.08203125
1 0.271875 0.40390625 0.1234375 0.0859375
2 0.6328125 0.58828125 0.10546875 0.09765625
3 0.753125 0.91640625 0.05078125 0.11953125
3 0.33671875 0.79921875 0.0546875 0.12109375
3 0.17265625 0.9546875 0.0640625 0.08984375
3 0.0796875 0.70859375 0.03515625 0.08046875